Latitude 	 Longitude 	 Weight
39.3542	-101.705	1
42.6703	21.1712	2
35.528	-108.69	6
-19.9187	-43.9598	153
-7.8852	110.123	3
-31.2525	-52.1256	1
38.1377	13.3472	8
43.9291	2.13251	3
52.1184	-1.01848	12
19.3184	-98.2454	6
6.95349	79.8616	4
55.5715	38.2275	1
-6.26697	107.009	167
33.6719	-117.33	1
40.4654	-90.679	2
31.896	-116.693	2
34.2666	-5.92025	60
26.6416	-81.9978	3
34.6809	135.163	1
12.0097	8.5626	1
-21.21	-48.2936	5
37.412	-79.1672	1
-7.95669	112.618	76
36.1464	-80.1989	3
10.5968	7.48282	2
40.7462	14.4969	1
41.8549	-86.1664	1
51.4732	11.9725	1
16.959	-99.7356	6
-0.216815	100.633	2
53.2109	5.67335	2
45.375	134.708	1
41.6738	-72.8542	7
42.435	19.2732	1
51.8598	4.66345	5
42.6866	-8.98969	2
-29.0688	-53.233	1
-29.6239	-50.9986	8
52.1674	-2.40599	3
50.8577	4.3159	25
59.3306	18.0046	15
55.9529	92.4567	1
37.9863	-87.4701	2
48.6406	6.31586	3
30.5173	-99.7885	1
41.3292	-74.3538	3
-33.8642	151.207	19
50.795	-2.61142	6
40.096	-74.9825	12
39.573	-87.9402	2
32.2185	-101.498	4
50.9402	29.9046	1
50.1212	8.63661	13
37.2363	-1.85266	1
53.533	-1.10699	11
55.3431	-1.73326	2
46.7619	28.9112	1
10.5202	124.028	1
36.2424	-115.041	3
41.5845	-86.8954	1
35.6331	140.062	5
10.3765	-66.956	9
41.0784	-8.56101	17
37.2377	-6.91871	3
18.4912	73.8157	4
33.5229	-86.8285	10
42.2976	-5.89727	1
42.0178	-4.53186	3
-7.82084	110.922	2
54.4893	-6.77766	1
43.6814	-79.7831	8
0.830617	-77.6782	1
38.8735	-92.0017	1
42.6804	2.95076	1
51.9187	19.1348	10
42.1974	-83.3855	7
44.2678	-71.5592	1
47.0008	6.92091	2
35.8305	-85.9786	3
33.5907	130.407	5
51.1436	5.63252	14
50.8535	0.550703	2
32.3329	-116.929	5
-7.69178	108.995	3
52.1789	-0.88267	3
54.0217	19.0481	1
41.9183	-71.0351	2
39.257	-3.43559	1
51.9008	-8.47483	1
40.15	-75.1488	16
40.8772	-79.9468	1
-26.0158	28.2618	1
-33.6987	-71.2161	1
58.8909	55.6322	1
34.5083	-117.304	2
43.9748	-75.9528	1
35.9428	-93.9887	1
1.71967	103.893	1
32.7001	-113.962	1
38.6517	-77.6439	1
34.7955	-85.003	2
34.94	-79.7629	1
47.2572	-122.106	1
3.45078	102.411	1
30.0007	-90.0495	8
52.3351	5.22964	15
48.0796	11.6639	1
36.7968	127.128	1
42.9427	-74.1917	1
31.4791	-110.259	3
59.8091	17.7021	1
34.0922	-118.308	270
-6.81149	-35.2573	1
53.5609	49.0102	1
25.5316	-80.3748	3
35.3559	-85.9545	1
40.9759	29.0925	33
33.233	-86.806	1
39.8742	32.8255	11
48.5692	7.76221	7
-32.0064	-52.0425	1
48.2727	4.05136	10
4.08013	9.67791	1
36.2107	-78.9183	2
-41.445	147.127	1
2.83864	101.752	34
50.1532	-5.0748	1
-4.86206	-42.1284	1
41.4263	-88.2279	3
-5.17913	-36.3534	1
42.7306	-84.464	12
52.6003	39.6002	15
39.7189	-84.1764	1
53.048	5.89424	11
7.69923	-72.354	2
55.8899	37.258	6
41.6524	-86.2331	1
-32.9344	28.0333	1
41.6999	-88.3145	2
-23.6839	-46.9469	2
53.2374	-6.65761	1
51.3597	42.1119	1
17.8038	-97.7842	1
3.87748	100.931	3
-23.4062	-50.3577	1
-6.90558	107.626	317
33.9169	-117.211	6
56.3572	37.5291	1
39.7594	-6.24756	1
-23.7071	-53.4119	1
30.4592	78.0747	1
47.6749	1.53558	1
53.0195	-2.15902	4
30.0623	-94.9228	1
33.6954	-117.928	45
41.5849	12.651	1
47.3812	0.693001	3
-6.818	-37.8213	1
43.2151	76.8932	5
6.11277	100.374	5
37.8223	-85.7682	6
41.8005	-88.1674	57
43.3005	13.4491	2
43.511	-8.26934	2
41.8551	-80.7884	1
42.4586	-85.7095	1
34.1146	-84.5184	2
55.9183	-3.26502	16
33.408	-86.7014	1
1.58883	110.324	9
-5.94912	-35.4266	5
38.8788	-77.407	3
59.7285	30.4116	5
40.9889	-94.7486	1
45.0011	-86.2707	5
58.2926	12.282	1
52.1898	-0.0621373	1
31.8181	34.7911	1
28.3542	-16.6908	1
33.4559	-84.1677	3
35.7733	51.356	2
-28.739	-49.3605	28
2.04537	102.585	1
50.7236	-1.90471	11
41.6603	-4.42588	1
52.9373	-1.45127	18
31.6163	-87.0018	1
-30.377	-55.1591	9
50.0443	22.7159	1
43.6777	13.2102	4
43.3955	6.29457	3
-21.5588	-51.596	2
54.0788	-2.72119	3
30.2132	-92.3765	1
39.0098	-122.058	1
20.7116	-97.5345	1
52.8761	6.00302	9
9.04849	7.50874	5
6.55806	3.5108	9
35.2468	-97.3625	2
56.8544	35.8997	7
42.5092	-7.58527	19
39.9821	-104.818	1
52.3512	17.4576	1
-27.5678	-52.4354	1
44.6652	12.2506	1
53.7602	-0.348004	17
-22.7467	-47.1389	26
34.673	-96.6606	1
41.4102	-75.6608	6
-35.0934	138.589	1
-26.3964	-51.0271	1
41.9383	-93.3898	3
-20.3359	-48.3961	1
38.4842	-90.2994	2
4.39261	-76.0689	2
36.078	-110.175	1
56.8105	24.6057	2
40.2151	-74.4787	1
52.4046	-4.00698	2
45.0821	13.6416	1
51.0057	81.4708	1
43.6281	-70.2923	3
9.66816	-68.5879	1
28.9699	-111.498	5
54.291	48.3687	3
40.7796	14.7032	1
57.5084	-1.80227	1
25.1221	56.3338	1
41.1482	-81.3311	15
32.1658	-81.906	7
52.6722	6.05479	1
44.0595	-123.123	1
40.8655	26.8141	1
-7.03353	-37.3471	2
49.9159	2.18475	1
47.4815	-0.563019	4
-5.569	-50.0651	10
44.0358	42.8779	1
8.98002	-71.9014	1
39.231	-76.817	8
45.8136	15.9859	3
-27.7131	-48.8638	1
-19.6263	-43.8892	3
5.98361	116.077	16
32.5281	-92.7041	2
41.7167	-71.4652	5
49.2884	-123.073	12
-27.6786	152.911	3
21.0288	-101.258	2
35.1807	-106.634	5
29.1464	48.114	2
57.1565	24.8459	1
-3.83876	-49.6793	1
39.9107	116.386	1
33.6678	-80.251	1
-29.1822	26.2293	2
40.8231	-81.9178	2
36.0873	-79.997	1
19.7496	-88.0135	1
-42.0933	-73.7664	1
39.0544	-75.5203	6
51.7345	-3.50284	3
-23.417	-54.5603	53
32.7084	-100.889	1
-26.0514	-53.0454	2
35.5719	-5.38149	3
56.1459	8.81087	4
52.4499	-9.47954	1
5.85656	118.078	2
47.0691	-122.931	3
35.7018	-81.2039	1
59.4228	24.732	1
22.8259	-100.317	1
37.9159	139.05	23
43.4587	-84.0088	4
42.0715	-88.0454	7
30.4808	-84.2269	9
-22.3011	-48.5366	1
-19.9225	-50.4065	1
54.9138	-7.86654	1
10.4257	-61.427	1
37.8429	27.2423	1
39.3235	-82.084	1
-29.2431	16.8805	2
34.0127	-118.495	8
48.7516	2.61428	63
54.1521	38.4438	1
31.4843	65.8426	1
-23.4057	-51.9683	7
50.3759	18.9775	1
-29.2094	-49.9965	1
53.2327	50.2101	4
52.2701	-0.747654	3
40.0144	-78.5014	1
56.2578	-120.831	8
50.9218	-114.097	2
27.913	-81.8442	1
30.4639	-90.9718	7
-6.99812	107.852	2
-12.1237	-38.4067	1
34.7233	-92.3379	9
35.4334	137.057	2
42.5201	-88.9671	1
53.3215	50.0679	5
49.4961	5.98386	2
11.6961	-69.966	1
-8.16486	112.692	4
-29.6877	-49.9908	1
-5.62487	-37.8661	3
-25.2948	-57.6239	5
-3.98303	102.426	1
10.2286	-67.2977	1
43.1745	-0.240814	1
43.1244	20.4992	2
-25.6893	30.0365	1
26.2114	127.688	5
3.58111	98.6676	64
41.8527	-88.4323	2
19.1853	72.975	15
54.4829	-6.39852	1
-13.0488	-41.8836	1
37.3298	-79.5419	1
40.6706	-96.652	4
-27.8411	-54.5215	1
-29.4661	-51.7702	5
35.7253	-109.037	2
45.6025	5.27468	5
42.7877	-71.3078	2
44.9917	0.179577	1
-29.1058	-51.5365	5
2.27626	111.855	1
20.9201	-156.696	1
42.9716	141.47	2
39.9997	-95.0565	1
39.1614	-84.3823	8
43.0925	12.3968	4
42.8962	-78.876	13
54.6611	-5.66643	1
14.2702	120.967	18
-16.6428	-49.2612	50
41.3672	-74.7	1
37.8902	-4.77777	1
51.3543	19.3626	1
9.70062	-63.1472	4
45.1043	43.3835	2
56.7735	12.6233	1
-3.414	114.843	4
48.8438	2.23988	231
-7.37831	-39.3199	2
4.67901	118.245	1
-0.774199	100.592	5
34.4026	-118.91	1
-28.3656	-50.9336	2
55.2914	-1.59933	1
39.4581	-77.4161	3
37.6433	135.464	2
-13.5018	-76.0569	1
38.9736	-95.2556	7
31.8738	-82.5938	1
-1.00219	100.379	2
25.9422	-97.4151	1
-19.1702	-47.6694	1
3.42593	101.793	3
-23.4727	-47.7291	2
32.8352	-96.144	17
16.2648	-61.5128	3
41.7547	-70.6849	1
46.2557	9.4199	2
-22.1761	-47.3406	1
-4.19484	121.599	1
49.3848	3.44006	1
-10.8797	-37.1759	4
45.7578	4.8351	25
48.5641	3.49557	1
-33.6694	-70.3464	1
16.9205	-89.8944	1
34.0308	-81.1294	7
36.2361	-86.5673	1
55.7559	37.5483	215
-20.8668	-51.308	1
43.8218	7.19219	4
41.4819	-74.3821	3
-33.4432	-70.6179	70
4.88918	7.35843	1
23.5485	58.6634	1
50.6564	11.9741	2
34.7014	-86.6686	15
-22.3576	-46.958	1
50.1013	-5.54493	1
29.984	-91.8513	1
25.559	-97.5474	3
42.4148	-71.236	6
28.5091	-16.3378	5
33.2318	-87.5857	1
-7.9797	112.053	2
43.856	10.2697	1
35.6732	-84.0926	1
-31.5614	-52.3342	3
4.73241	-74.3417	3
52.9704	36.0825	3
43.0649	142.835	1
41.3662	-83.6507	4
-24.0534	-48.27	3
-30.004	-51.0215	10
28.3536	-81.5502	9
-22.6367	14.5251	2
40.629	-76.1729	2
38.5332	-121.748	3
42.0707	-72.0347	1
35.5811	139.349	14
45.6742	1.07781	1
4.14787	-73.6098	2
1.3404	103.958	92
-7.27568	-35.9777	156
55.1254	73.3788	7
37.2886	-5.79664	4
50.8577	5.70089	7
32.3329	-90.2611	7
37.3053	-6.11304	7
49.4555	-1.78797	1
36.7858	31.4526	1
19.5674	-98.9126	1
-7.14941	-34.882	288
56.1385	40.4177	1
54.8749	-2.89736	10
21.4402	-158.187	2
30.6775	-88.1889	2
-26.8728	-49.1096	11
52.662	-0.471406	1
-27.1	-48.635	5
35.6046	-84.7869	2
-23.1753	-49.065	2
39.8769	-7.1126	3
34.7971	138.161	3
33.2332	131.607	1
-6.392	108.287	2
51.8451	-1.96941	7
18.2621	-66.8486	2
35.5319	139.494	8
36.9433	-77.729	1
51.585	5.06361	5
41.5492	-73.004	12
51.3491	8.49465	1
10.9302	-74.8074	13
46.7669	-120.987	1
-13.3341	-43.2735	2
37.3565	-77.4915	5
41.5597	-75.7746	1
42.2754	-71.8077	6
33.8126	-84.0511	2
49.3037	8.10454	1
43.5398	7.00931	6
43.0226	-91.1992	1
35.1662	-2.93208	3
-6.38048	106.832	269
59.9383	30.4895	20
44.6539	-76.3442	3
-21.6514	-41.7459	1
30.5902	31.4793	2
-13.9846	33.7524	1
0.488105	101.432	8
40.8445	-73.1475	5
43.9536	11.5073	1
-20.7898	-41.1967	8
55.6168	-2.82326	1
10.2417	-66.666	1
37.7981	-100.469	1
-1.0484	119.946	2
43.2049	2.35592	2
3.03296	101.654	423
52.0371	-0.76197	2
34.2061	-83.4622	1
-17.9709	-67.1191	1
38.8778	-99.3181	4
32.6782	-83.1783	28
-7.16245	-47.8799	1
52.5629	0.0192425	1
-33.8925	18.5122	13
41.85	-1.37136	1
30.9297	29.3351	1
-20.4049	-52.1809	2
42.0622	-86.4906	1
-7.34302	107.782	1
21.1589	-86.8997	9
-9.53282	-36.9811	2
-18.9847	-49.5254	1
-7.6736	110.623	4
-37.0265	-73.1467	1
34.2786	-80.5645	1
58.9586	5.66241	1
59.4783	40.1079	1
11.0168	76.9558	1
-21.6793	-49.7808	8
36.2315	-89.7337	1
-4.12202	104.185	1
14.9093	-92.0613	1
10.1645	-83.601	1
31.1412	-97.763	3
43.4637	-85.9515	1
45.5353	10.2238	2
27.9411	-101.135	1
35.894	139.951	6
-34.4647	-58.5378	1
49.5693	0.176157	4
-26.7242	-53.4817	1
55.5044	37.5438	1
55.6593	13.3645	2
39.801	-8.79559	3
41.3792	-6.2058	1
33.6388	-84.0145	6
38.4623	-77.4066	1
19.9546	-102.437	1
56.5631	-5.36025	1
40.8214	-74.3275	2
-28.432	21.2941	1
-23.513	-51.0998	35
37.2692	-119.307	28
57.3734	-2.09611	1
3.59339	116.629	1
5.12256	100.481	1
32.8207	-96.7315	41
4.18269	100.938	2
27.6468	-80.7005	1
-26.3075	27.9439	15
-18.7968	-40.0622	2
-10.2472	-48.3446	1
53.3658	-0.0078882	1
32.5762	-86.6807	2
57.8106	28.3618	2
48.2208	0.75615	1
50.2899	4.10235	2
40.3647	-3.55321	16
7.89252	98.2971	1
6.36307	2.45714	1
55.8212	-3.10763	1
42.2772	-122.818	3
53.29	83.6478	1
-22.6446	-43.3052	2
2.94979	99.0665	1
30.5363	-94.9722	1
50.8261	3.27138	2
47.9306	-2.80003	1
43.6112	-84.5648	1
20.8765	-100.884	2
19.3343	-97.9228	1
44.7033	-0.160306	2
48.6183	3.19582	1
43.1534	-8.48066	1
38.4927	-8.85268	32
-21.8793	-47.9053	19
35.9052	-96.014	1
35.2643	-77.5812	1
-16.5552	-48.0222	2
39.9773	-75.2366	100
19.2708	-99.6499	31
59.1288	37.8988	1
54.5985	-1.08026	5
48.3367	10.9018	2
40.4599	-74.4173	3
53.2204	-0.558267	3
44.1435	8.27397	1
53.3274	6.01556	2
42.5665	-0.56504	2
34.9259	-82.4396	2
53.3606	-2.73501	16
-21.5633	-45.4253	1
48.262	-65.5966	1
36.6177	-87.4427	2
36.6888	139.889	1
-7.65408	111.35	1
48.2201	16.3799	6
6.8609	7.4099	1
13.5445	100.259	2
41.1196	28.7838	7
44.0437	143.511	2
44.4985	-78.1911	3
40.367	-78.8848	3
-21.65	-41.4319	1
56.2847	43.851	6
50.8662	2.70105	1
34.575	-83.3314	1
-29.1921	-51.3739	2
49.3179	-88.1366	1
37.619	-6.68724	1
-4.91685	-38.9252	1
41.6636	-87.982	2
48.3104	11.9108	3
-33.7697	25.3892	1
16.5899	121.25	1
51.7267	0.67046	3
12.9839	77.766	1
29.9999	-95.1848	3
51.5207	-0.142822	9647
-14.6235	34.5456	1
51.7499	5.32021	6
37.0682	-88.6206	1
-8.15182	113.716	5
-26.1206	-51.0906	21
6.42836	100.418	1
40.6892	-7.92529	3
8.41948	124.812	1
19.6796	-99.0116	18
41.2862	69.2559	1
40.2422	-75.2788	2
56.9663	23.7219	1
50.8214	-0.563214	5
45.8002	9.08382	1
13.9414	121.147	2
43.1447	2.87033	2
43.3058	3.26539	1
48.8942	-102.599	1
-9.07635	-78.5888	11
49.7511	4.60954	1
39.8623	-7.51492	2
33.7036	-117.728	6
-20.3371	-43.3298	1
37.0483	30.6231	2
51.1963	0.742771	2
20.6521	-105.211	3
33.3935	-91.0602	1
52.2855	8.91683	2
51.272	-0.395409	3
44.4764	11.9117	1
-22.4343	-47.7169	8
56.6469	60.7841	1
47.269	39.796	5
-6.00147	-37.8323	1
51.3253	-2.18448	2
-21.9722	-47.4137	1
51.3573	1.01836	2
22.7306	-102.694	1
59.2818	38.715	1
43.418	-88.3368	1
-6.31129	-35.039	1
39.6053	-75.7387	8
48.9867	2.35585	61
42.0454	-87.6988	19
-23.0595	-46.972	12
30.0718	-95.5156	5
46.8618	-75.2467	1
35.006	135.741	24
39.0094	-77.4645	7
43.6707	7.15032	20
34.2638	-118.335	8
-27.7171	-54.2664	1
53.7786	-6.43804	1
49.1845	-2.10844	5
33.4462	-112.407	2
28.9485	-95.9615	4
34.7813	138.02	1
39.2979	-76.6318	25
19.5494	-98.5739	1
5.55652	117.855	8
37.8404	-76.2767	1
10.2208	-68.0091	7
6.25386	100.43	2
35.9931	-75.6439	1
-9.62156	-35.7327	19
6.04782	106.222	1
39.5695	-75.4737	1
8.47512	-79.9599	1
50.324	11.9524	1
26.0398	-80.1753	47
32.7763	-108.144	1
37.1273	-120.484	1
6.33848	8.07493	1
54.3108	35.3575	2
4.73156	118.1	3
-27.3527	153.061	6
51.6893	5.16667	7
21.8393	-102.28	6
26.741	-77.3819	1
23.4681	-106.272	1
1.86117	104.63	5
43.7368	-79.2455	22
41.0265	-81.2485	1
56.214	-2.73267	1
-12.3487	-46.5503	2
38.78	-9.10206	13
-29.7416	-51.1405	6
-8.36296	-74.5676	1
19.3184	-99.3057	40
28.1987	-82.3541	1
37.625	-1.01623	6
53.2975	-3.06872	19
51.6473	-0.773107	3
42.5057	-83.5862	2
-19.8658	-44.6014	5
-6.36333	-38.8318	11
-36.5933	-72.0864	8
47.3195	-114.096	1
37.5391	15.1297	2
36.8428	31.0916	1
34.0653	71.9866	1
42.5288	-79.0125	1
35.1738	136.97	4
50.7764	19.1525	1
52.1095	-106.561	1
43.5252	0.1685	1
-27.7689	-48.6676	4
23.2419	-106.409	1
-1.81715	-79.813	1
37.9005	-0.836257	3
50.2833	3.96092	1
43.8409	10.7245	13
33.9648	-118.192	71
51.2667	22.8865	6
43.6763	-85.4796	1
32.0496	-81.0535	5
-7.525	112.331	2
34.1827	-119.225	11
43.6852	3.36502	1
43.5238	13.5472	3
44.676	37.8995	1
40.9135	38.3812	2
44.0395	10.0439	4
-0.279961	-79.2058	1
60.7996	26.4399	1
36.7957	-76.0126	5
31.3208	-89.7358	1
54.1937	37.6289	11
-22.2895	-48.8787	1
53.2745	6.37179	1
-7.72967	109.98	1
33.9386	-83.3671	4
46.26	5.65171	1
41.445	-82.1971	3
50.8636	-2.15764	6
51.3927	6.14929	1
-26.9875	-51.1292	6
51.1587	-0.631092	1
21.4986	39.1986	6
20.395	-99.9635	1
55.7161	37.4015	2
52.6288	4.74943	3
-1.73898	-48.8424	1
43.0586	141.354	5
42.6757	-83.3257	16
37.9179	-84.367	1
43.276	-8.2247	1
48.2338	6.93477	2
-23.0846	-48.9254	10
44.851	0.657704	1
51.4729	0.195297	13
-6.20948	106.596	104
38.0651	-75.5556	2
37.9176	-76.8671	1
50.6887	3.18426	6
44.0531	-92.4727	3
35.0254	34.0376	1
39.3917	2.76997	5
57.7114	-3.29468	2
44.4162	-104.356	1
5.8108	100.383	4
53.1318	6.05613	3
5.73377	101.861	1
-10.499	-37.4338	1
53.459	6.62288	89
-10.1156	-48.1132	4
-21.1735	-49.5722	1
52.5103	6.46649	39
33.5682	-83.3624	1
-1.27293	-48.4598	85
35.818	-88.1836	1
3.60958	98.4333	2
44.8159	142.076	2
9.90117	-67.3573	1
36.7668	-108.19	3
-30.3725	-56.4519	1
41.8761	-93.8225	2
42.0166	-72.4477	3
42.53	3.02355	1
-25.4221	-52.2358	1
44.6785	4.21972	1
59.8759	31.2086	1
5.69974	-0.235983	12
52.2561	18.2626	4
50.0089	8.25739	1
-20.9047	-47.0194	2
51.5016	3.66116	1
5.29067	100.227	4
42.4149	12.9241	7
2.51012	102.829	3
-20.2351	-45.5266	4
46.8991	-98.3129	1
33.3116	-85.4955	2
-6.88568	108.876	1
34.6477	-120.462	1
51.313	9.44709	2
10.154	-66.874	4
3.19023	101.601	31
2.13286	102.784	1
48.5455	7.49881	1
23.0618	114.419	1
42.1159	-96.3676	1
53.144	8.22096	1
51.299	3.82498	2
42.8946	-83.79	1
-22.476	-45.6163	1
32.7995	-97.2914	12
38.1154	-0.785101	2
28.2824	-14.0392	1
26.8418	-80.1632	5
43.3574	-8.42131	3
46.9853	3.15922	4
-6.74965	108.556	9
39.4224	-0.352546	26
34.44	-80.7737	1
54.0363	-7.56737	1
45.0728	7.67575	5
39.6169	-104.914	8
59.1498	15.1372	1
39.1681	-86.5071	6
9.36658	-79.8373	1
18.6954	-98.5375	1
5.96739	116.68	2
59.3597	18.1963	4
-5.54352	-47.4793	1
15.3708	-90.4638	1
49.3531	6.1589	1
43.8159	4.32906	1
-8.82047	-68.2462	1
7.78537	-72.2193	2
53.8222	-2.71083	14
34.5508	-6.20329	1
-8.25266	114.541	1
34.3695	-89.5308	1
39.2562	9.11678	1
40.8028	-73.3371	7
50.7261	-3.53657	13
-21.3248	-42.803	1
1.91295	103.015	4
6.67713	-1.57538	1
5.73558	117.803	1
45.6361	-122.619	4
-38.0446	145.254	2
51.2862	5.75994	18
-21.8205	-46.5447	3
39.1101	-9.27397	1
52.0792	5.61635	3
59.2766	15.2106	1
37.2048	-77.3928	3
52.674	0.949043	1
40.0713	-82.4439	2
39.3725	-79.1507	1
49.3464	0.0951415	1
46.3827	30.7507	2
42.4579	-79.3175	1
34.4619	-116.946	2
49.8841	-97.2382	2
37.1943	-8.58499	12
43.2616	-8.87585	1
35.3824	-101.562	1
51.1635	10.4541	1
1.60299	125.115	2
37.0746	27.4592	3
49.5426	5.68397	4
33.7547	-79.4463	1
-31.9621	115.879	9
36.6606	-80.9136	1
45.2482	-75.8001	3
31.2034	29.9627	6
61.5218	0.00022	7
48.4242	35.0083	4
35.1634	-115.9	5
-35.2302	173.953	1
43.9983	-103.386	2
34.9362	-80.7442	3
52.1517	4.48183	7
3.19151	113.055	1
46.0027	8.96044	1
64.9916	25.4704	1
50.8146	8.36254	1
39.2809	-81.5426	2
49.0159	8.40954	1
-22.2332	-43.888	1
40.073	-74.7243	35
35.9775	-78.8878	10
59.9196	16.6131	1
35.4935	-80.7679	2
38.783	-121.371	2
59.0838	17.5272	1
-27.3225	-48.5438	1
48.3966	2.47701	3
40.2122	-85.4133	4
1.05825	103.971	16
27.0996	33.8394	2
50.2133	19.007	2
-3.26591	-79.962	17
33.7714	-117.138	1
51.2216	22.5635	4
18.022	-92.9165	30
5.55087	95.3521	2
53.4016	-2.56133	11
29.0616	-82.0561	1
42.9159	141.848	1
-25.6472	-49.0572	1
36.1242	-5.35046	1
34.8489	134.756	6
51.0837	3.71456	1
19.6527	-101.276	7
-24.2162	-47.6402	2
48.7985	-122.423	2
-1.58622	122.252	4
49.1944	2.21791	2
40.6454	-111.986	24
-8.65821	-35.6293	3
60.1833	24.675	1
-5.5979	-35.387	1
18.93	72.8331	3
52.3548	4.90405	15
43.809	143.901	2
51.137	39.4037	1
40.6197	-74.3826	18
18.4662	-97.4224	2
47.7829	-2.91644	1
40.7764	-111.921	27
39.7554	-77.5832	2
41.8721	-87.8934	11
8.44884	4.5253	1
-15.3232	-49.1073	1
17.5675	120.387	2
-6.4371	106.972	2
-8.07827	-38.3276	3
50.2831	9.41831	1
41.6064	-88.1542	1
28.4559	77.0281	1
-22.4261	-47.5503	1
-23.147	-49.9738	1
42.3527	-83.0992	38
37.3889	-121.944	5
31.3221	-85.8145	1
39.3295	-76.4351	2
20.0822	-155.438	1
43.38	-95.1226	2
5.6331	-73.522	8
55.6249	40.6299	1
40.7191	-77.2819	1
33.2818	44.8206	1
48.9053	2.558	30
15.1474	145.74	2
-5.14383	119.426	58
47.3321	5.0323	11
59.4067	56.8377	1
51.9141	6.56715	2
40.605	-79.7586	2
11.6087	125.433	1
52.2108	20.2368	1
38.2753	24.508	191
53.6163	55.8952	1
31.5028	-106.15	2
19.3287	-99.4658	1
40.9514	-72.9401	2
32.0844	34.8023	1
30.1414	31.3986	8
0.348	-78.1306	2
42.6231	-71.327	1
51.967	1.36254	3
20.4199	-97.3112	2
51.8621	-2.48887	1
25.0225	-80.5048	2
30.7585	-81.5944	3
43.8245	-79.37	4
21.0981	-101.601	6
43.1433	-84.1681	1
53.1589	6.85783	1
52.2894	6.58234	6
45.5441	11.7808	1
44.9195	11.6033	1
43.8942	12.8673	2
51.3819	-0.282529	18
47.0881	8.28108	6
-23.621	-45.4901	1
41.2983	-72.9292	6
-16.6507	-49.538	1
30.2779	-81.3917	1
51.5491	-2.48141	3
43.2535	-5.77259	3
43.5378	3.4597	5
50.7575	-103.708	1
45.6019	7.78694	2
-23.54	-46.3466	10
55.7179	13.2202	2
35.4557	-79.1401	1
50.9842	-2.709	2
43.4214	5.05077	4
-2.73173	114.268	1
39.9183	-82.7585	1
43.2628	-4.07193	3
52.1097	-0.440082	2
45.5571	11.2719	1
35.0125	134.996	7
-29.9262	30.9542	4
-25.1766	-49.3132	5
47.7965	12.6411	1
30.307	-95.4301	1
42.2867	-84.9563	2
50.6901	4.57361	3
-8.80241	115.15	13
44.6008	34.3735	1
-22.0585	-46.575	7
43.0841	-89.4064	5
-3.59278	122.199	1
56.179	50.6421	1
53.9522	-1.04621	2
-4.58598	-81.2666	1
51.068	-0.306511	2
51.2606	4.35816	1
37.2461	-8.19459	1
52.4685	4.76867	3
-22.7373	-42.0436	5
32.7729	-103.184	1
44.617	-76.6916	2
44.9868	-73.4405	2
42.1302	-87.8263	3
54.7042	20.472	2
42.8459	-82.8832	1
37.6694	-77.4472	1
51.4693	-3.15942	7
53.4084	-1.28625	2
35.3992	-119.092	12
-20.1841	-42.0865	1
49.1736	6.93282	2
46.5485	-95.6153	1
-13.7097	-76.2028	1
37.4701	126.668	2
51.0063	-2.36058	1
30.1636	31.6214	2
-29.7638	-55.8851	2
63.9079	22.8423	1
-6.77035	-36.3964	1
-26.4283	-49.3274	2
-6.71672	107.026	6
-22.1868	-49.9589	5
38.999	-81.9914	3
31.2547	75.7031	1
36.0733	-79.4995	2
43.6026	11.5007	1
29.4488	-98.6974	12
31.7108	-95.5924	1
1.60032	-52.378	7
57.1095	12.2835	1
41.3258	-82.5973	2
49.2486	3.98919	3
38.631	-9.04507	1
31.1136	-97.3798	1
36.5897	36.1507	3
46.2834	7.31305	2
53.4971	-1.42042	12
55.0302	59.5907	1
-3.78015	-73.2781	1
39.7666	-86.4413	9
-27.5839	-48.5419	10
36.0937	-79.1119	1
34.5854	-118.101	16
33.4577	-111.683	2
45.8902	6.12661	2
42.3258	-83.2393	15
3.17723	101.743	85
44.1911	-75.2965	4
45.0125	39.0778	14
-6.73865	111.024	2
-1.04224	-80.4734	1
-13.5231	-71.9473	1
-29.9805	-53.4659	2
-22.4873	-44.1755	1
32.722	-97.6273	1
-23.3703	-48.1796	1
37.7703	-122.436	65
33.5558	35.3781	3
45.8202	9.87118	1
42.5041	-83.4316	17
40.0691	45.0382	10
45.4314	4.38818	2
-16.6044	-48.5459	1
41.6894	-73.8928	1
33.0854	-84.3384	1
39.6352	-119.87	1
52.5068	13.4246	17
41.6915	-0.927332	8
54.8181	-7.47063	1
37.5145	-5.98424	2
55.0434	-1.43885	4
36.4751	-95.0172	8
48.9751	2.0496	14
51.2384	6.81431	3
51.2607	3.22216	1
37.9762	-87.6199	3
34.8225	-82.2878	2
-21.83	-41.2657	3
32.9605	-80.6786	1
-26.4846	-48.7347	1
52.7844	-1.56343	1
33.588	-79.0379	3
10.7298	106.707	1
43.512	4.14606	2
51.4889	21.5063	1
-21.1872	-45.4382	1
42.1971	-8.77156	6
52.1504	1.41289	61
-22.0587	-48.7344	7
35.1546	126.847	1
53.8871	-8.77612	1
36.4012	-6.10464	1
42.0844	-71.0278	3
43.9826	144.302	2
-22.8211	-50.2294	5
54.3875	-3.37736	1
52.8417	7.52087	1
52.1423	26.0964	1
32.8217	-97.4976	1
49.9799	9.14185	1
6.16391	-75.6318	14
-21.1455	-47.9948	3
-9.48214	-35.8646	1
-38.3657	142.484	1
50.6924	2.87905	1
46.8733	-71.1782	1
-1.80208	-79.5114	1
-32.2122	-52.378	4
37.9851	-121.347	2
48.0196	37.7866	3
53.9003	-2.84732	1
46.8636	-114.018	1
53.2734	-3.22186	3
-21.677	-47.5085	1
30.217	-92.0386	4
10.9316	-68.2784	1
30.1167	-93.7961	1
-23.6828	-46.5955	1133
51.611	-1.24149	3
47.0558	6.74292	3
-5.1356	-38.0204	4
48.7712	1.92523	15
40.0985	-85.6724	4
42.0901	-78.4347	1
43.4782	-80.5283	1
43.2605	-99.7157	5
18.5667	-70.4807	1
-14.5043	-56.8506	5
-31.6651	115.716	1
32.32	-86.2459	5
-21.1427	-50.6213	1
46.8415	-71.3703	6
6.09406	102.275	4
3.35359	101.253	22
39.9505	-75.8283	2
-1.21503	36.7999	18
34.0169	-84.1811	4
61.76	26.0464	1
40.2258	-3.43425	1
52.3113	-2.21404	10
37.7402	20.899	1
0.830694	104.072	1
-22.7106	-47.7943	10
-6.24007	-36.4424	11
36.4486	-77.0942	10
55.2444	38.7661	1
38.7814	-90.3377	3
54.8902	23.9267	3
-34.1218	18.4889	7
35.6355	-108.875	1
-6.18868	106.886	634
34.4991	-93.0564	2
1.42734	103.765	145
37.917	15.0542	1
52.6004	19.1766	1
43.2607	-79.9135	3
-22.2295	-49.6901	2
-29.5328	31.2222	2
20.1056	-98.7758	9
40.0978	-88.2498	3
39.1583	-108.728	1
35.868	127.074	1
4.91157	114.925	2
32.43	-85.7052	1
35.1235	136.11	1
-1.18851	-47.0957	1
39.737	-74.2825	1
40.5023	-88.9916	2
23.8416	91.2824	1
53.118	26.0243	1
48.9503	2.92521	3
33.0744	-97.1232	2
40.8154	0.448889	1
60.1395	29.988	1
-28.71	-55.8067	1
42.8158	-1.6496	3
46.923	-1.36802	1
-6.56218	106.771	67
4.72009	96.8729	2
53.8612	-2.56481	2
3.82881	103.217	14
33.6931	-84.7156	3
14.2713	-89.8155	1
39.4732	-0.519033	1
41.1448	-73.429	10
43.615	0.93753	1
-22.1609	-54.8613	6
3.436	101.549	4
36.8093	30.0184	1
44.1804	0.244207	2
4.61762	-74.0685	59
35.2523	-80.6435	3
5.18495	97.1433	4
59.9724	10.7215	6
55.8779	-3.98649	3
40.1587	44.4849	1
59.2021	10.494	1
67.4444	32.7364	1
51.1595	4.82911	1
32.4437	-81.7724	6
-4.60253	-38.9478	1
-16.6161	-43.9388	6
56.8423	62.7208	1
36.8026	28.2253	1
34.7718	-77.4204	1
38.9422	-92.3245	1
-6.25974	106.749	54
48.9988	7.01455	1
34.5099	-114.311	1
42.6999	-71.1791	6
-28.1031	-51.7727	1
43.43	-5.84397	2
3.89572	103.077	4
3.24967	102.421	1
47.2694	-0.103963	8
-5.79931	-35.2216	124
38.9929	-93.7043	1
-6.62605	110.681	1
35.9318	-94.1948	1
28.9789	-13.5595	1
43.4379	5.25818	8
15.3292	120.589	1
34.183	-86.0976	1
56.4872	25.2909	1
33.4281	-7.71349	1
32.2696	-90.1026	1
34.41	-103.206	1
48.0867	37.9688	1
49.8143	73.0803	2
-23.1295	-46.5728	11
50.6163	37.3015	4
52.6708	-0.736476	1
0.0	0.0	124
56.7471	-2.43321	1
54.7006	25.253	1
20.582	-100.371	9
51.62	19.3657	1
54.104	22.9291	4
19.1714	-100.113	2
41.2921	1.24031	1
51.8411	4.97677	6
38.5297	-82.6799	1
37.5054	14.8045	2
2.24423	102.555	3
-10.4832	-37.0385	2
26.4599	127.918	3
-0.920356	122.256	1
19.8876	75.3629	1
2.56937	101.859	5
40.2173	-74.73	3
-23.2473	-45.8929	30
42.4666	-2.45213	1
42.0018	-71.5306	2
61.565	-149.307	1
51.7536	-1.22448	6
-35.1521	147.366	1
47.5734	-52.7263	1
-23.2262	-51.0589	2
-34.1301	18.845	2
68.6083	27.4192	1
35.0741	-80.515	1
52.4846	1.75265	1
51.204	16.1524	1
-0.789275	113.921	2
30.797	30.9957	1
19.857	-99.212	4
2.34248	102.103	4
40.8083	-81.3818	3
54.0765	-1.58976	2
57.9099	59.9579	4
42.9687	-85.9079	1
-23.6666	-51.3375	1
1.64526	103.594	9
-0.632449	100.139	1
48.4561	135.099	15
-6.07925	-35.3013	4
6.48196	116.789	1
-21.5453	-42.6605	3
45.099	-123.086	1
39.6885	-84.0263	1
-7.54717	110.816	21
41.2919	-96.0407	4
39.9867	-0.223317	1
13.3272	77.1249	1
41.029	-81.9082	1
48.6617	9.00354	2
39.4207	26.8072	980
42.6515	20.2882	1
50.5839	17.8031	4
40.901	-80.855	1
-2.15725	-79.9203	77
-37.1138	-56.8601	2
69.6657	18.9671	1
48.4837	-59.1907	1
52.298	10.5148	1
-39.7939	-73.225	2
45.8555	9.39481	1
52.4675	-7.88881	2
52.4785	-1.71435	1
-21.7765	-48.5554	1
38.0752	-78.4756	1
-15.9547	-41.1834	1
41.0138	-78.2891	1
54.0022	-0.438445	27
16.2058	99.315	1
49.0207	6.76573	5
40.923	-3.8423	1
40.056	-80.5976	3
33.6245	-80.9266	11
64.5431	40.5114	4
29.4925	-98.3122	6
53.1302	18.0379	1
45.2393	-93.3209	1
36.6274	138.191	1
22.8388	69.7012	1
35.9067	139.793	10
34.2174	-79.2582	3
31.9515	-110.95	5
56.0627	47.2155	3
55.871	-2.09414	1
42.8542	-73.8348	2
35.3129	-78.6024	1
40.7025	-87.0675	1
-23.1036	-45.7178	3
29.9608	31.3135	7
51.4858	-1.08559	2
45.5419	-122.277	1
30.6999	-95.5639	2
39.0279	-86.936	2
-20.0597	-44.2861	1
43.6535	-79.3839	30
5.0551	-75.484	11
52.151	-7.55615	1
10.0482	-65.0297	1
38.7228	-75.2849	2
52.2726	8.02993	1
53.5497	8.00846	1
47.2484	1.99262	1
-22.812	-46.2762	1
50.9895	5.8596	8
29.4014	-98.5579	24
51.9293	6.07707	15
-19.3419	-40.1093	2
29.9922	-97.8666	1
39.862	-84.3055	3
42.7466	-75.77	22
61.2103	-149.863	2
14.8655	120.824	6
40.7315	-90.6147	1
-16.7717	-47.6118	2
43.4709	-1.55612	1
-22.2823	-41.9777	2
40.7034	14.9632	3
-23.6105	-55.0181	1
-16.4007	-71.5254	2
51.1228	15.9208	1
-2.94742	-41.7636	2
43.4422	-7.35413	2
39.2984	-75.6066	2
39.7896	-8.95415	4
47.5847	1.32856	2
15.7339	-88.5993	1
39.8782	32.6622	6
14.0965	-87.2097	7
55.9355	37.8427	6
37.8903	-79.585	1
42.4955	-83.7514	2
8.74755	-75.8881	4
35.9403	-86.8378	3
27.4937	-99.493	5
-21.7783	-51.1702	1
52.387	0.119397	1
55.807	37.7122	9
14.6245	-90.6158	14
37.3831	-5.92359	18
45.8445	1.32273	8
-33.6886	18.9734	1
-24.5935	-50.9566	1
47.1012	-119.995	2
-29.3292	-49.8051	4
53.2791	34.3808	1
-20.2503	-47.4795	9
54.723	-5.98761	10
56.2035	15.2777	1
43.6294	40.2607	1
43.3186	-2.67962	1
25.7787	-100.168	1
19.8523	-90.4788	6
40.5498	-84.3973	1
17.9711	-77.2471	3
12.129	-86.2618	18
0.360225	108.96	1
-34.1592	-70.7062	2
40.5755	-74.5697	2
33.827	-84.6224	1
38.2925	-84.9269	5
51.8039	55.1908	5
38.5957	-89.9662	2
47.569	-121.996	1
-2.91455	-78.9967	5
20.7153	-100.441	8
-17.6863	-41.3566	1
19.5421	-96.8861	12
42.4653	1.491	1
41.9004	-8.86221	1
-29.5646	-50.8009	7
39.073	-108.482	1
36.8623	138.35	1
40.5616	-8.68313	1
48.0663	-2.96974	7
-8.58117	116.113	3
1.26935	124.878	15
40.1452	29.9758	1
39.4012	-6.44088	2
44.5453	6.06236	1
41.9534	8.7738	2
42.5328	-83.0778	6
22.8202	69.5268	1
49.2022	31.8993	1
44.5732	-0.311553	1
-20.8756	-54.2616	24
39.0778	-77.0047	40
61.4993	23.7688	1
51.4708	-2.61703	15
36.0633	-88.0244	1
39.666	-79.9569	3
-6.59819	-36.8105	26
-23.4458	-51.4481	1
64.0638	24.6625	1
31.3228	-94.7266	1
57.7686	40.942	1
42.3144	-70.9703	37
24.1386	-110.326	1
-6.46158	-37.0474	1
-23.0537	-47.7053	3
39.7643	-104.855	12
36.4525	-93.9623	1
32.5718	-93.718	3
34.2321	135.19	18
36.1306	-111.223	6
59.9607	10.9192	3
-26.0252	27.9439	7
0.74222	124.319	1
35.0086	-80.9206	2
-19.4679	-44.2477	6
41.7969	-71.9201	2
5.33074	116.145	1
51.137	-2.9756	3
35.1024	-92.4418	1
-27.2766	-51.6758	1
41.0001	28.8782	38
48.5621	32.3282	2
-1.07563	100.785	1
42.7164	10.9881	2
43.4646	-3.82615	3
53.02	6.239	1
-1.19236	-46.7872	1
-23.9555	-46.5075	74
56.7909	23.9296	1
35.0221	-89.6866	3
39.7989	-89.6166	8
37.2357	-76.515	1
43.1754	-83.7385	1
39.4529	-74.7227	1
40.4778	-3.70352	114
59.6093	16.5508	3
40.4663	17.2588	4
20.6735	-101.34	1
40.2255	-8.45231	2
7.06118	-73.8561	1
0.472999	110.826	1
26.1761	-97.9819	2
31.9453	-83.7892	1
-29.706	-51.507	1
-20.4029	-44.7732	2
43.5534	141.902	2
58.0055	55.9522	1
-18.7868	-54.929	3
8.45631	124.623	1
55.0855	-1.57717	8
-5.34808	-49.101	2
-8.09948	111.915	2
9.98013	-84.7754	1
43.6134	39.7181	1
38.7527	-104.735	12
28.7021	77.1523	7
-29.2451	-51.5858	1
33.1258	-117.32	4
37.7131	-122.129	16
32.7619	34.9554	1
40.6839	141.364	1
31.1689	-100.077	16
-27.3242	-53.3715	1
48.5895	2.24626	14
-34.5207	150.296	1
53.5439	-2.63633	4
33.4636	-88.8049	6
42.2645	2.97967	3
33.1255	-96.1042	3
46.0595	13.2395	4
-7.2012	107.894	2
15.1578	120.552	2
-22.0668	-42.9237	35
19.0766	72.8262	15
39.4231	29.9958	1
10.2172	-64.6307	2
-20.1139	-44.9368	5
-29.9595	-51.7079	2
41.6618	-88.4878	2
-20.3498	-41.9347	1
39.8399	-75.3844	2
-27.3402	24.7269	2
18.0252	-66.6372	6
-23.194	-49.3852	2
7.51886	4.51647	1
40.446	-4.00326	1
-5.18745	-37.3473	13
-19.589	-44.8814	1
46.1653	-122.939	2
37.9809	-76.6114	1
4.43242	101.218	2
41.3941	2.1393	38
40.9582	16.6897	1
34.775	135.307	3
39.5049	-76.9223	3
52.566	5.63844	1
-6.94615	110.686	2
13.7806	121.01	1
9.96288	76.3183	1
29.2743	47.8842	7
-26.1696	-50.2584	1
51.5051	4.2956	3
42.2612	8.66402	1
32.2275	-111.219	1
28.6545	77.4478	1
43.5084	-5.69195	2
44.4786	-78.514	1
44.3334	-69.7307	1
41.7689	-2.48389	2
5.00283	118.358	2
54.2576	18.6452	7
46.6043	0.459864	9
48.6225	22.2977	1
19.7819	-70.7002	1
-22.6074	17.1061	9
38.5989	-77.1541	5
33.6017	-7.60975	28
-25.3706	-51.5523	7
38.7756	-90.6133	1
52.2603	-113.769	3
51.2613	5.98459	6
48.6475	44.3981	7
53.1673	-2.36386	11
51.9439	0.635333	6
42.2932	-3.84837	1
41.55	2.21084	4
2.89774	102.403	1
37.1429	-5.92161	1
-23.621	-46.7853	60
50.535	2.50436	1
-26.7317	27.8931	1
25.0343	-101.167	3
41.7813	-72.5168	1
50.103	8.80423	1
-26.8143	-49.2703	4
-23.1211	-46.1654	1
40.6155	-3.14753	2
51.3971	-2.44902	1
34.2582	-85.1704	2
-7.95172	111.482	1
57.5351	14.3715	1
54.8716	-1.45727	10
38.2326	-122.033	10
45.1536	-74.9672	1
36.1707	44.0042	2
28.5599	77.2103	6
-5.57728	-36.9084	1
30.2233	-93.1778	3
45.7868	3.11268	3
60.7218	28.7527	2
0.177371	-51.3389	1
21.2882	-89.6315	1
35.9585	-83.9251	2
34.7258	136.09	1
19.7711	-98.59	1
45.0883	-93.3443	7
2.06667	45.3667	4
51.4772	-0.887572	21
-21.6181	-48.4446	2
39.0964	-94.5833	8
41.9819	2.81253	2
47.4743	-3.12078	1
40.341	49.974	2
36.2659	-80.8257	2
50.4594	4.85369	2
54.7305	56.0375	10
57.6016	-4.87113	5
38.9954	-9.14118	5
35.5324	-97.9548	1
38.4499	-0.367773	2
39.9157	-104.95	5
53.4034	-0.78159	5
33.0361	-95.4303	1
45.65	9.20811	3
13.2986	-87.1849	2
53.5703	-3.01747	7
35.5784	-78.7118	1
59.5473	30.8645	1
40.8083	29.4679	1
30.4226	-9.58203	3
-23.8107	-47.1875	1
-29.8171	27.2452	1
44.7214	37.7507	1
35.002	135.949	2
35.011	135.591	6
34.0203	-6.83744	39
19.6416	-99.3912	1
-7.25109	112.749	356
14.7154	-60.9772	1
23.9997	-98.9147	1
40.6513	-4.70121	6
30.2837	-91.2412	3
33.9403	-117.477	20
-22.6171	-47.5297	1
55.7411	38.0491	3
55.4375	13.8375	1
38.9925	-76.7323	5
35.7495	139.587	73
49.1042	-122.738	3
26.1573	50.5371	2
-17.7354	-40.5056	1
38.7971	-75.5844	2
-6.68229	111.466	1
-23.2365	-51.7305	1
-1.38932	36.772	1
-23.3921	-46.4538	43
44.3058	11.4078	1
-6.3268	-37.4711	1
-29.0087	-54.012	1
44.0271	142.415	1
40.7693	-77.131	1
45.3275	14.4424	1
42.9652	-78.7301	2
54.782	31.9983	1
33.8511	-112.128	1
36.4017	-86.4574	1
-0.922823	119.861	4
38.7724	-92.3074	1
-27.1854	-49.6228	1
-7.40355	109.249	6
-21.4283	-65.718	1
52.469	-1.48589	23
-8.74789	-63.8919	3
50.4791	4.14984	2
45.5479	-122.884	4
5.27556	-3.96934	1
9.29311	76.5325	1
43.3812	141.883	2
35.4512	138.797	1
40.3653	-82.6694	9
36.4504	-89.9632	1
54.5363	36.2486	2
45.4323	-122.555	6
-21.4822	-43.5053	1
-20.3975	-43.6687	5
24.0872	120.664	1
13.1459	-59.6296	1
35.4981	-97.645	4
41.5279	-85.0716	1
34.3381	-81.0017	3
4.11001	101.291	2
39.1363	-84.5404	4
43.6603	-7.35619	1
28.0689	-80.6226	4
51.1216	9.12205	1
40.0148	-6.33469	1
35.6303	-88.8045	2
39.1084	-93.2102	1
44.1269	-70.229	1
34.883	-77.245	4
50.9682	-1.35131	11
36.944	138.22	1
27.7137	-109.842	1
-26.1568	-52.6728	2
32.43	-84.9136	4
32.8116	-97.0943	11
37.5068	-79.7414	1
41.0611	-80.0506	1
52.2325	5.60114	6
10.4667	-68.0167	6
40.7531	-82.5548	1
-2.61207	140.68	2
42.1142	140.549	1
-13.428	-41.9942	1
51.6099	0.307903	3
52.511	-1.8685	29
-24.5156	-69.8306	1
25.3416	55.4218	1
0.602972	100.745	1
67.1987	19.4656	3
8.6367	-70.2235	5
-15.4473	28.3374	1
-42.9055	147.32	1
21.8441	-104.742	1
39.4815	-88.3667	1
35.7642	139.736	72
52.6367	6.21251	3
-23.5312	-45.8449	1
55.5904	-4.58247	2
52.7141	-1.37125	3
-7.77847	110.354	151
33.8817	-117.851	11
35.8839	-87.7987	1
47.9173	-97.0952	1
51.0868	-114.015	1
-12.1287	-77.0014	57
40.5669	-84.1902	1
43.431	6.75305	5
33.6953	-7.38631	2
27.3126	-82.4745	1
43.4308	39.9336	1
29.5097	-81.2411	1
38.921	-94.3902	6
47.0752	-122.409	6
53.6506	-2.30821	9
14.6265	-90.4669	1
36.2943	-109.222	1
-24.2542	-48.8065	1
-0.271349	100.372	1
52.9722	-2.67968	1
26.8107	-80.6591	2
30.0029	-92.2785	2
30.3162	-89.3415	1
-8.9356	-36.4725	2
43.0919	-79.5461	1
38.7305	-82.9931	1
43.3276	-3.10427	1
41.4685	-74.0381	2
41.6545	-91.5753	3
56.0732	23.8558	1
35.1621	-89.9043	17
41.0828	-73.9197	1
-32.8077	-71.2216	2
-33.3353	26.4735	1
45.5346	-59.3287	2
37.6529	-120.991	5
37.8914	-121.497	1
-33.1436	-71.5612	2
-1.47065	-48.4972	12
22.2783	114.176	9
52.7529	6.95947	3
53.9542	27.7197	5
-23.6349	-48.1082	1
14.659	-90.8197	1
37.2636	140.329	3
47.273	-120.882	2
42.1571	12.6679	1
4.24884	117.907	3
38.0995	27.7338	1
-22.3082	-54.7786	1
52.3766	9.74086	3
35.5889	139.728	38
35.222	-90.0354	2
52.731	15.218	1
-0.94687	114.899	1
-0.924134	117.207	1
-15.7976	-47.9424	4
27.9505	-81.0921	1
44.7685	4.82849	1
21.3255	-157.801	11
7.0894	125.606	3
44.3162	-96.7649	1
40.7051	30.3078	2
38.4464	-91.0301	1
5.383	100.412	30
5.78438	102.554	1
-21.374	-46.5254	1
46.3272	-0.461021	2
46.9354	-97.9964	1
39.6488	-3.51545	1
53.7142	48.024	2
40.379	-7.86997	1
30.8596	-95.7399	1
48.0709	-0.771879	1
-4.83533	-38.1518	1
2.4323	102.681	1
40.2958	-74.1634	5
35.301	-83.1838	1
31.7468	-98.1339	1
44.8334	-87.381	2
40.8604	-74.8366	1
42.3239	-87.8461	4
51.529	0.438289	8
36.7563	-4.4224	5
19.4393	-102.168	1
47.1989	-122.541	4
-26.2485	-49.9051	1
-1.74911	102.839	82
40.0038	-79.0815	1
28.3771	-80.7581	1
-19.8865	-43.634	1
26.2162	-97.6946	3
47.2371	38.8775	3
53.6324	-2.16705	14
-4.51112	126.44	2
3.23187	101.386	19
37.7534	-92.1185	2
-27.3972	-51.5977	1
40.9663	-73.722	7
51.8873	5.39845	9
-5.42423	105.251	6
27.9128	-82.2392	2
35.6431	129.36	1
49.1846	-0.372109	6
34.3516	-112.117	1
35.7932	135.645	1
54.5561	-5.97322	18
-35.4386	-71.6828	1
38.1167	-122.277	4
41.2463	-81.8228	5
11.183	125.003	1
-27.5359	153.078	5
-20.4545	-49.3333	2
41.9287	-88.7751	1
31.6552	-94.646	1
-19.6019	-40.7725	2
49.1994	-122.913	3763
-16.5167	-44.7798	1
29.7959	-95.8299	3
53.0324	5.68487	2
-22.916	-43.4474	325
38.2365	-0.646418	3
34.7519	-92.1312	1
48.2503	7.45889	1
43.3305	132.105	10
42.5654	20.9269	7
30.0836	-95.9871	4
-28.7303	-51.6044	1
38.4567	-84.5741	1
38.9202	-80.1817	4
35.438	-105.982	4
42.3433	-7.90485	1
-33.2368	-70.7706	3
46.4967	11.3592	1
37.9328	-82.0654	1
36.1481	-77.7852	1
27.9944	-82.4681	7
3.3643	-76.5239	17
46.1365	39.0169	1
53.0336	-7.31383	3
-21.5006	-48.0286	1
-31.9143	-71.5053	1
47.5596	7.58314	1
42.5147	-92.4476	4
51.0963	4.22837	1
66.4952	25.7539	1
40.9307	-74.1439	20
4.64713	101.203	18
61.5218	-75.0065	4
54.3403	-8.52	1
-29.4581	-51.5493	1
-26.1461	28.2002	11
41.5207	-74.2369	1
9.0278	-79.5187	32
-22.4361	-45.3968	1
-4.76983	-48.0446	1
36.3188	-119.643	2
32.3976	-99.4992	1
43.4822	6.5157	1
51.9585	6.28045	2
10.6698	-71.6131	8
-37.8459	144.994	28
36.355	-119.306	3
-22.9021	-42.3826	1
52.2913	4.70411	7
34.0609	-4.97544	9
-22.3069	-42.4674	5
-15.5842	-56.0984	1
13.7048	-89.2449	21
-21.1764	-43.9551	1
15.4859	120.588	1
41.4859	-81.6984	14
22.4927	88.3624	13
50.631	3.0472	16
2.14781	117.506	2
42.453	-82.9532	6
39.5008	-84.3773	1
41.6861	-81.2885	1
38.7562	-89.096	1
43.4462	47.5862	1
-34.5761	-58.7299	1
34.0342	-117.604	22
31.7331	-93.0822	1
38.4905	-87.2768	2
43.6407	-72.8562	2
43.0174	-82.5016	1
29.5969	-98.63	5
52.1109	-2.73995	1
12.9304	77.5884	9
-3.1107	-41.4845	18
-0.801455	37.2503	2
55.481	37.2835	1
-3.98448	-38.826	2
32.8629	-96.9614	21
-1.44517	-48.6382	2
25.2072	55.2782	3
-23.3548	-46.8802	19
40.5851	-111.845	1
10.3897	-75.4733	3
35.8777	140.539	1
-27.4479	-48.4359	1
39.6353	-78.0368	1
19.8534	-98.9643	1
-7.85961	113.277	2
-24.6146	-51.3215	2
39.4728	-80.1736	3
57.2263	-2.77727	1
23.6914	-166.6	2
44.7861	-0.680969	2
52.0373	4.32435	29
60.5966	24.8374	1
41.366	-84.4369	2
-7.59741	109.254	1
18.6552	-95.9613	2
7.8496	3.92876	1
-20.4583	-54.6454	2
39.7299	-75.5295	5
25.5016	-108.523	1
53.0538	-2.99366	3
33.9276	-84.505	15
30.4704	-91.1475	22
5.51292	103.047	4
35.6024	-100.327	1
43.7585	-79.5174	5
31.3129	-92.4578	2
39.5347	-86.7836	1
-20.4274	-40.3758	12
20.6767	-103.337	21
52.7101	5.75145	1
36.9714	14.5889	2
53.4066	23.5021	4
45.9983	4.06021	1
-32.811	151.44	1
47.328	39.9724	1
35.0426	-89.9841	1
36.7967	-4.68937	14
54.8778	-1.69516	3
17.6237	-94.3846	1
53.1133	48.4677	1
43.7807	11.2448	12
46.7613	-98.7551	2
50.9401	0.806	1
37.1804	-3.59797	7
54.1479	45.2109	1
35.6026	-84.446	2
52.958	-6.39532	2
34.8931	136.595	2
-11.9611	-77.0669	30
46.2332	-72.6195	1
18.0199	-66.8709	1
-21.2296	-46.5145	1
45.4041	11.7424	2
41.6943	-87.7228	66
38.1021	15.7474	2
47.3774	8.53676	3
8.95257	-75.4464	3
56.073	-3.44458	3
51.6821	39.2585	20
9.46776	123.21	1
30.2119	-90.9303	1
46.3268	4.80807	3
39.49	-74.5116	1
10.6494	122.955	2
51.2736	0.517968	12
48.3175	-102.392	1
25.0963	55.1724	7
13.7251	100.58	6
6.45803	3.34439	13
9.51801	100.056	1
34.7091	135.496	17
31.7747	-106.285	12
20.5365	-97.4475	12
40.6252	-75.366	1
7.39288	3.95874	1
51.9171	-0.643504	1
53.8096	87.2221	1
-3.21191	115.057	1
53.5392	-6.20996	2
37.2915	-120.471	2
-34.8908	138.643	5
1.5999	100.969	1
46.6802	-120.479	1
35.2589	-85.1558	2
38.7228	-75.1415	1
52.5118	6.11075	8
53.6534	-1.42791	9
13.4673	-16.6931	2
-12.8753	-38.5026	95
52.9539	-1.16654	48
18.561	-70.0832	1
51.8719	-0.197401	12
41.1307	-85.373	2
55.9493	-2.72589	1
35.4311	-84.6039	1
34.1448	-118.149	5
43.1168	-79.3299	4
-6.90387	106.856	5
55.5676	-3.83957	2
5.83661	116.052	2
41.6287	13.4007	1
19.3731	-98.9619	17
52.7373	-1.87546	1
37.8024	-76.7812	1
34.9417	-81.928	1
41.0879	14.3583	1
54.6851	-1.79769	7
30.1565	-115.58	1
34.3311	-118.504	4
38.3061	-121.256	2
37.5761	-97.138	1
53.6798	9.37269	4
53.722	-0.515946	1
41.4854	-82.6878	2
38.6148	27.0662	2
-23.5488	-46.6599	21
36.4642	-77.6131	1
-33.0046	-71.2538	1
53.0039	-2.32847	1
52.1617	22.2758	1
46.3704	17.8163	1
51.1477	-2.72409	2
25.4535	-100.958	2
37.2668	-122.028	25
26.2316	-98.2209	7
57.0085	40.9942	4
40.9887	-74.3301	1
46.0106	12.614	1
-16.4838	-54.6274	1
13.7828	-89.375	1
45.1602	11.2106	2
40.04	-76.3004	2
-14.2393	-53.1848	75
-27.6854	153.079	1
-8.70561	116.267	1
42.9305	142.371	2
40.7889	-72.9585	2
-6.51474	110.771	3
41.5813	-93.6088	1
-20.2664	-50.9477	1
56.5222	84.982	6
13.6987	-89.5569	2
-22.6133	-43.7186	35
55.6087	37.6763	17
43.6335	-91.22	1
38.9399	-8.8576	2
-21.2134	-47.818	23
-25.7954	-48.7722	1
33.4862	-84.3409	3
55.1559	61.3679	3
33.6161	-83.786	1
33.8055	-116.468	4
38.4034	-75.5704	1
-22.7241	-47.2901	20
48.4848	29.5928	1
46.7968	4.44158	2
17.0923	-96.7087	5
42.8657	-94.9738	1
61.0022	25.547	1
32.6909	-81.9224	1
-14.5329	-49.1422	2
-1.71186	113.698	9
23.6254	-102.558	5
33.2488	35.2384	1
45.976	13.3998	7
58.5905	49.6388	6
33.79	-118.264	16
38.1541	-101.652	1
39.9914	-0.0505051	5
29.9575	-90.1978	4
46.8187	16.7547	1
25.81	-80.1401	32
56.7685	24.9914	1
19.4685	-98.7874	4
24.8039	46.7091	2
32.3558	-86.0821	1
53.2218	6.56477	5
33.4337	-117.62	1
0.365953	32.7278	3
50.362	3.51425	1
-41.324	-72.9867	1
41.3748	-72.1602	3
46.6427	142.796	1
-24.0584	-53.7617	1
52.8471	-2.29813	3
51.7452	4.18774	4
13.0543	99.9416	1
-27.8855	153.363	1
20.0567	-99.3846	2
41.6176	-81.4136	3
-39.6025	-73.0381	2
-1.2252	101.741	1
41.5959	-87.853	1
39.9579	-76.7329	2
43.0204	-83.709	1
46.448	7.56524	1
32.0286	-89.9623	1
38.4312	-121.877	1
-2.42837	106.432	2
42.288	-74.2643	2
41.7318	-78.3862	1
51.8226	4.82802	2
38.5553	27.3103	1
33.888	-98.5186	1
35.202	-101.798	1
51.2912	13.0955	1
-22.4807	-42.2058	1
18.2573	-65.9626	4
46.2028	-1.44235	1
30.6821	-89.4804	1
-20.595	-47.3472	2
37.8218	-25.7208	2
38.497	-89.1439	1
40.4498	-75.7469	1
37.5195	-5.59482	1
-23.5108	-46.8823	39
22.3111	-100.956	20
-21.112	-42.9762	3
32.0149	35.8661	1
53.1958	45.0387	9
36.0702	-84.1727	1
58.5534	31.2773	5
28.7678	-106.909	4
34.1413	-117.308	9
-7.04882	107.129	3
49.1158	1.08987	1
55.8456	-4.42955	6
50.7993	0.316843	1
45.0739	-83.4229	1
38.8698	-82.8356	2
41.0844	-81.513	17
-22.5778	-50.4376	2
30.5419	114.354	1
-37.1957	-73.1982	2
37.9846	-121.787	3
-28.3924	-49.5282	1
43.3919	-80.3072	4
38.6637	-78.4605	2
-23.1539	-46.8516	19
41.4188	-87.3448	5
20.5582	-87.1722	1
20.3296	-97.8959	6
55.6728	12.5521	7
48.7202	7.71643	1
53.6424	-1.79027	6
48.8928	2.71176	1
56.4652	-2.96344	2
-29.553	-52.2026	1
51.6718	-3.36656	2
31.1087	-83.424	10
52.1188	5.20968	15
48.1173	-96.1883	2
20.0715	-100.745	1
36.5169	139.001	1
18.8865	-99.4893	1
47.5543	-122.703	1
53.0947	6.42258	2
2.88622	101.366	9
34.053	-117.151	1
42.9564	-85.6601	3
9.4336	-64.4526	1
35.2553	139.155	2
8.43113	-82.429	5
34.1502	-118.441	2
43.3997	10.8915	4
13.0419	5.24519	1
51.0796	-1.82009	9
51.7665	-0.583304	3
50.026	20.9759	1
-6.74538	-38.2186	3
43.388	-1.68413	2
38.069	-78.8725	1
38.409	-121.418	6
-38.5392	-72.4473	1
1.67996	101.448	1
-0.191975	-76.6552	2
41.8775	-71.3783	2
51.4546	46.1045	1
-22.5918	-47.3616	4
-20.7497	-45.2854	2
57.262	57.0407	1
47.6461	6.94186	5
-14.9035	-48.8973	1
34.3107	-83.8363	9
50.0463	20.0057	1
52.3015	-1.59314	2
6.34713	-75.5673	1
39.0131	-95.7008	2
43.9303	10.9369	2
35.145	-119.389	1
-2.63191	-56.7387	10
43.6008	1.4329	19
41.4139	-75.3569	1
42.2488	-89.0871	2
44.105	-79.4658	3
33.2148	-87.2926	1
-7.88293	-36.304	1
32.6473	-111.392	1
41.0443	-73.5656	1
18.7209	-99.2437	3
-6.9716	108.488	1
-7.93424	-35.2782	1
47.2395	-1.52753	7
10.9988	-63.81	1
-8.98489	-64.5216	4
31.5411	130.589	1
40.98	27.5153	1
-41.1275	-73.0568	1
0.913524	104.456	2
18.564	-96.1485	1
-25.8757	28.1398	1
35.4476	139.899	1
37.6976	-97.4363	5
-25.8349	29.2471	1
39.1748	-77.2081	10
-8.12448	113.227	1
37.9695	-7.85798	3
32.3311	-106.811	4
36.8537	-120.451	3
41.2749	-8.26817	2
51.6487	-3.90156	6
5.8942	102.335	2
-26.4233	-49.1569	1
18.1355	-94.4325	11
41.5464	-72.6377	2
37.9381	-8.55938	1
41.471	-72.8344	16
-32.7412	-71.4823	1
-19.5537	-42.6053	9
-3.5474	-38.8303	1
42.3849	-72.5308	1
-8.22307	-78.9491	1
19.0322	-98.1543	35
33.9285	-118.349	16
39.3217	-77.7292	1
10.2487	-67.5768	6
19.2672	-103.699	3
42.9701	-88.1281	4
21.036	-89.6442	24
3.01697	-60.6432	2
32.6531	-16.8407	1
35.8379	139.396	2
28.1031	-15.46	5
35.9925	139.599	9
-29.8768	-71.2471	8
41.6555	-83.6126	15
43.1077	141.557	1
50.5289	2.8929	2
-18.4448	-70.2952	7
18.4715	-69.9137	7
33.556	-82.1326	2
-22.3287	-44.9117	1
-2.13531	113.826	1
52.0236	4.17849	1
-22.956	-44.3876	1
46.1855	18.2688	1
41.2704	-4.93429	1
40.6875	-73.8327	21
52.0668	1.18468	8
50.8774	5.96095	22
42.4429	-76.4984	1
36.7615	-2.61334	1
40.5646	-74.1468	9
-30.0997	-51.1593	137
37.9553	-122.343	10
60.4797	25.1039	1
-20.0322	-44.4428	2
-2.0746	29.6172	1
-22.8808	-43.8243	1
35.4887	-77.3717	2
-20.6176	-54.5452	2
36.3008	-95.6104	2
2.16404	102.43	1
54.661	39.7144	8
28.2072	-82.7484	16
38.6205	-9.1949	18
31.3105	-86.4995	1
41.1252	1.26876	7
57.2464	22.588	1
48.0504	-122.158	1
-21.708	-43.4227	16
42.3133	-88.0327	3
25.0403	-77.345	1
36.6172	-121.905	2
-33.9076	25.5553	6
43.0677	-76.0997	3
38.4576	27.1018	18
0.135343	100.17	1
45.6127	9.38089	2
55.7874	38.4574	1
31.6206	-8.01714	28
44.0499	12.4297	1
51.5077	7.47031	3
37.7632	-81.8256	2
32.7913	-117.158	35
34.1876	-118.89	2
44.1542	-88.5475	2
-17.7901	-50.9294	1
55.66	-4.94727	1
45.5811	-94.3939	1
45.511	-122.433	4
-1.62458	103.656	7
32.1715	-4.77038	1
-25.4912	-50.8622	3
53.8438	-1.85079	22
39.1873	16.9093	1
32.3161	-81.1149	1
-6.8083	110.842	4
53.3933	-2.91859	56
37.7886	-3.60438	3
43.9444	4.90677	3
-32.8511	-70.5936	3
39.9002	-82.0173	1
45.6987	8.46136	1
22.2424	-97.8382	4
32.9733	-80.0056	1
45.5341	9.59091	4
37.2968	-121.817	14
-7.56271	-34.9947	1
22.0702	-102.274	1
33.6147	-85.7446	2
7.355	-2.33855	1
30.0813	-94.1291	1
38.6484	-8.51835	2
52.697	5.22681	1
41.3605	-85.0871	2
18.9696	-97.8183	1
1.44387	125.193	5
42.6667	-83.1526	1
-53.1697	-70.9166	1
45.1751	-72.7785	1
10.4428	-85.7746	1
57.3322	34.8654	1
46.4568	-0.378505	1
-7.32762	109.587	2
53.2135	10.3758	4
2.44455	102.292	2
13.9244	-86.1294	1
-28.4896	-54.2782	2
38.6879	-87.0183	2
-6.08007	-37.476	2
52.307	104.253	5
34.6582	-98.4251	2
-23.086	-45.5067	31
43.2519	5.62997	2
36.689	-79.6122	1
36.5677	-4.60878	4
-29.7528	-53.8242	10
52.0508	113.401	2
30.0608	140.596	3
44.9008	-89.5695	5
52.8533	4.75604	1
30.1453	-97.796	8
53.4199	58.9824	2
-32.1947	-52.8591	2
42.9332	12.3883	2
36.3076	139.35	1
37.9734	-121.999	1
45.552	-73.7359	33
40.1384	-75.5235	2
40.4385	-80.1945	2
51.2517	1.12714	1
7.85859	-80.3164	2
34.1777	-119.042	2
51.3315	4.08017	2
43.8587	10.4683	1
44.8656	-79.7857	1
47.1168	17.6673	6
33.9743	-118.023	36
38.7215	-82.8499	1
-0.587732	111.388	11
43.2546	-2.94048	5
-27.3664	-70.3371	2
25.2823	51.4954	5
51.8781	20.8895	1
50.6166	-2.48971	3
-12.4274	-38.7164	1
51.045	2.37433	8
36.4925	-6.27167	3
-3.33532	114.594	3
1.5823	103.739	1
55.8883	38.0762	2
34.7415	-101.857	1
40.8366	-80.5454	1
57.7875	38.1483	1
53.3498	-2.21184	44
52.9756	-0.003937	1
39.882	-83.928	1
39.7393	-89.2665	5
25.091	55.3853	1
24.8808	74.6376	2
21.1451	-98.4482	1
-22.6928	-45.5382	1
12.2216	-86.402	5
6.63934	3.33509	5
50.5718	-4.91351	2
49.1877	7.59363	1
-8.0436	-34.9394	363
-28.4795	24.6701	4
41.0864	29.3484	2
42.3915	-8.70211	6
42.2566	-84.4026	4
-21.3212	-48.8273	1
33.5674	-112.297	3
31.9133	-106.439	10
2.72361	101.93	10
-36.7374	-71.0353	307
59.0842	31.7502	1
26.5615	-80.0528	7
51.4265	-0.417663	16
36.1434	-97.0826	1
-21.1302	-48.955	2
-5.40065	-47.5474	11
3.44695	98.6023	1
47.4731	40.0742	3
41.4791	13.9018	1
36.7239	137.091	2
1.28567	103.827	1
-25.5131	-48.5325	1
42.6522	-111.609	1
41.1925	1.5966	3
-22.7449	-42.2907	3
-15.4552	-55.8425	16
25.2442	-103.233	1
44.447	-79.8013	1
38.3041	-76.5199	5
-1.16096	116.877	10
50.3881	-4.11457	16
-32.9044	-60.6824	2
29.7207	-95.2954	37
37.5211	-122.03	33
-26.2617	-48.9665	23
28.2478	-17.14	3
38.4105	-76.8517	2
25.9282	-80.293	10
25.8364	-98.3625	2
45.3987	11.8908	16
33.9616	-116.545	4
19.3147	-99.0914	285
32.6612	-117.091	12
-2.49381	-44.243	1
50.8182	-1.09673	11
34.3985	-119.75	5
48.7545	5.1221	1
38.4137	-75.0558	1
48.4084	-4.49955	15
43.1998	6.00046	1
55.7534	36.9753	1
39.7512	-86.2012	9
40.7924	43.8503	1
40.74	-122.314	1
37.7175	-89.2159	2
51.8231	107.584	2
30.666	-97.6767	1
30.2036	-85.6033	9
36.8506	-76.2807	10
14.6109	-61.0863	6
-3.70097	128.184	1
46.7923	7.12854	2
49.1762	6.49373	1
52.6698	9.59718	1
47.8703	35.0273	1
19.7574	-104.306	1
-8.1851	-36.0151	17
5.62564	117.104	1
-29.1689	-51.1754	3
48.1298	-1.70048	4
51.5301	0.0402045	31
33.4875	-80.8655	2
36.5907	-79.4018	1
-22.9195	-43.0731	68
28.2841	-16.4348	1
35.4125	-78.736	1
53.5692	-113.459	3
59.091	8.98921	1
31.8734	-91.1438	2
44.467	11.1998	5
37.6454	-97.3029	5
38.4333	-78.8678	1
41.3431	-81.1868	2
39.6242	-77.6982	1
1.00185	116.394	12
29.362	-90.703	1
-11.0019	-37.1007	81
35.7919	-80.8686	1
52.0854	0.44013	1
47.7078	-104.17	1
38.91	-6.61804	2
29.5965	-95.5019	11
33.7002	-84.1608	5
2.83755	102.203	1
33.8144	-85.7584	1
32.9443	-103.351	1
-8.20924	-36.7124	2
52.5599	-0.251365	4
1.56806	110.038	2
40.9589	-78.1239	1
42.6189	-6.72657	4
-2.96616	-40.8077	1
30.6256	-110.978	1
-8.63314	115.245	58
35.0868	-116.351	1
45.9496	-73.5705	1
-34.0673	150.849	6
52.5395	5.91178	4
30.0135	-97.1447	1
38.339	-81.6727	5
52.8647	40.8493	1
40.8759	-75.7298	1
34.9849	-101.915	1
3.9332	102.372	1
35.1038	-110.997	1
49.3736	-0.899311	1
50.344	3.19384	1
49.2113	5.93493	1
9.7761	125.478	3
43.8438	142.717	1
47.2611	39.628	13
33.7678	-84.4181	36
40.7313	-74.1821	18
55.9729	-4.57086	1
-20.5455	-70.1795	2
42.8807	-83.0265	1
41.2542	-73.0665	3
-9.40373	-36.5882	2
52.8488	6.61248	1
55.7625	-4.19075	36
-25.0606	-53.398	12
17.3917	-99.7242	1
52.6343	1.64472	1
50.7463	-1.75312	1
2.46447	99.1466	1
39.1098	-121.394	1
39.1695	-89.6657	1
-7.06031	-35.2031	2
36.0976	-119.57	1
49.8397	24.0297	1
42.0382	-74.1195	1
5.6415	100.489	1
45.6449	10.0097	1
55.6279	37.8431	4
32.5983	-96.7676	2
-7.22675	111.793	2
44.8064	10.3344	1
41.3948	-73.4721	2
-27.3005	-50.5744	1
38.4458	-83.883	1
34.2451	-92.059	2
39.4511	-83.8313	2
40.8232	17.1086	2
19.9366	-96.8497	1
27.29	-80.3374	3
29.4883	-95.0577	4
41.7776	-2.3213	1
54.0277	28.3193	1
28.3746	-81.3482	8
-13.3766	-41.358	3
-22.7939	-51.5643	1
16.4217	120.6	2
8.1313	-80.9935	1
46.4419	-93.3613	1
-20.647	-41.909	1
-26.7642	-51.1084	3
47.107	39.7446	1
41.242	-111.969	1
41.6993	-8.47961	1
-22.803	-47.4357	13
35.309	-98.7166	2
40.7668	29.972	3
38.6951	0.0177148	2
35.1705	-79.861	14
34.9985	-95.8582	1
-35.2567	149.099	1
6.33479	100.195	9
-15.7763	-47.7966	106
52.7069	5.50797	1
55.4508	-4.29782	2
29.2775	-98.6717	1
-23.5211	-46.5204	3
43.8656	-78.9394	1
-22.8871	-45.4893	2
51.5599	4.76485	5
-22.866	-47.7365	2
53.1303	-1.7066	2
47.3336	-122.274	7
-33.6857	-70.5875	6
48.4852	-122.617	1
30.4446	-97.6669	7
19.6014	-90.3361	3
-21.2206	-50.866	1
10.4817	-66.8589	10
35.0679	-78.8986	32
1.47326	124.871	24
9.91453	-84.5311	2
48.6662	2.37574	43
33.0164	-117.119	3
-18.6364	-46.4172	3
51.6814	-4.13826	3
32.7851	-79.9436	2
41.6862	-92.805	1
-3.0207	-59.9811	89
54.3472	-0.63798	3
51.5265	45.9785	4
30.2245	-85.8949	1
-38.9807	-72.6396	1
47.4738	-122.223	5
53.5203	49.4315	7
55.0122	-3.44687	3
60.1595	25.0186	5
45.4433	8.61637	1
-24.0958	-46.8159	1
-27.6364	-52.2459	1
49.4117	1.04164	5
41.5372	-71.2918	1
46.2267	2.20912	1
-6.11464	106.158	6
21.4464	-98.8689	1
32.2341	-95.8521	1
27.6986	-83.8046	7
32.7212	-96.9851	7
-29.8312	-51.8879	2
-4.01436	-79.2037	4
38.8584	-8.98005	1
45.1725	-91.1392	5
31.4523	-106.568	1
39.4396	-76.609	3
24.0147	-104.694	1
47.919	11.1782	1
57.0957	65.1556	2
-22.2973	-42.8797	1
54.3207	-2.75552	1
41.8984	12.5451	32
48.6892	5.99199	1
51.9849	5.89978	2
39.2583	141.81	2
51.9375	15.5098	1
44.2706	-88.3971	2
53.5197	-2.04633	6
51.6662	-0.0841641	4
41.5116	-89.0562	1
-33.2266	151.546	2
-6.54949	-36.0482	4
39.0607	-84.2748	2
50.2465	5.33758	1
37.3272	127.118	4
36.4334	-82.5646	1
18.8823	-96.926	2
39.658	-8.69251	1
-24.7139	-53.7378	8
51.3674	-0.0529699	7
-25.1839	-48.8404	1
49.0874	0.498194	1
41.1355	-85.0619	1
41.6453	-93.7873	3
5.30095	-0.740319	2
50.0563	36.2076	5
49.2664	0.840888	1
-22.1994	-55.544	1
19.8932	-99.3574	7
13.9882	-89.5501	2
3.07533	101.844	4
51.8556	-8.27442	1
33.2869	-87.452	3
56.7426	37.166	1
28.2471	-105.791	1
42.0851	-83.6809	7
52.2328	21.0607	36
-19.3663	-45.9816	1
47.0148	142.67	8
38.9163	-78.186	2
43.4931	-112.036	1
53.7603	-3.03201	4
34.1662	-106.026	4
44.7887	20.431	5
51.7172	94.434	1
20.1857	-100.142	6
52.1501	5.36874	9
-6.3011	107.277	34
28.3329	-80.6104	1
36.0922	-29.9585	2
37.2749	138.401	1
43.6653	4.63345	1
-22.9847	-43.2256	23
-7.52078	-35.3209	3
26.431	-97.787	1
-20.0904	-41.1119	4
-2.21043	-80.9579	2
34.9082	-86.5316	7
48.6189	2.97564	3
52.9964	6.98064	2
-1.27549	126.132	1
-3.1416	-58.4469	3
52.6231	-1.68424	5
45.2642	9.55621	2
42.2779	-85.6481	9
59.2268	39.8381	3
41.6051	-90.6223	1
30.4015	-97.8521	1
-15.7182	-43.4193	2
-15.8278	-48.1291	13
48.0199	0.21744	2
-5.22985	-36.5604	1
45.184	5.71568	10
36.3442	-93.5762	1
55.9171	-3.54459	2
-18.6434	-48.1819	3
31.9049	-106.591	1
-27.2422	-52.0333	1
33.3085	44.3738	2
35.7103	-115.367	1
34.1632	-83.8968	1
53.6499	-6.80205	4
61.7359	34.4038	2
-20.2818	-40.335	30
29.8508	-90.045	1
2.09982	99.8326	1
36.8637	10.2144	1
-34.0065	18.709	2
43.9449	0.652523	2
57.757	11.9962	4
50.823	12.8918	1
32.5605	-97.1295	1
-8.53147	115.132	2
33.7179	-86.5139	1
28.6361	-100.148	1
33.4312	-82.0648	9
53.917	30.3118	2
54.777	49.9181	1
18.3606	-92.6592	1
9.929	-84.0668	16
34.7445	-87.697	2
40.4331	-104.754	1
61.2734	73.4332	5
24.6625	-107.342	4
43.8658	142.483	1
40.1697	-8.80449	1
40.439	-80.0042	19
38.0643	-1.51597	2
47.633	-122.188	7
34.4564	135.576	3
48.1941	6.72462	1
56.0229	92.8965	15
38.961	-3.97836	1
60.3283	18.4596	1
6.73413	-71.3237	1
33.9024	35.4983	31
56.2339	-3.1437	10
38.8929	-76.8361	40
57.6889	39.7808	3
51.3967	-3.34333	1
-22.442	-44.5232	2
4.80132	101.057	3
14.6089	121.125	88
-25.3727	-49.0118	2
-20.7065	-48.958	1
38.7347	-77.4711	4
-7.60322	111.508	2
49.3294	8.43412	3
9.90349	8.89296	1
35.4938	-99.015	1
28.5123	-81.4796	12
45.1015	141.777	1
8.97724	38.7694	1
4.80035	-75.7532	2
41.4819	-87.7082	5
4.20344	100.665	1
-17.7853	31.0323	1
44.346	11.8394	1
48.9174	11.408	3
50.8252	-0.145944	14
39.1885	-96.5499	1
51.8911	-0.427444	5
-3.8199	102.291	4
51.6688	-3.74911	1
-28.5752	-52.5961	1
41.472	-72.0314	4
38.5692	-90.4216	4
41.5499	2.45131	1
39.4831	-0.692971	2
37.9817	-84.4959	3
52.3871	13.1165	7861
43.536	5.3879	6
56.8155	60.6136	28
35.6729	139.902	5
44.5502	38.1802	1
-2.54526	118.03	2
59.9394	30.0922	30
33.952	-83.9983	6
35.0741	-106.523	1
51.3529	-1.14909	9
35.9265	-79.0393	2
48.7476	1.3576	2
26.3618	-81.7963	2
37.6716	-92.6609	1
41.9135	-99.5333	1
34.9203	136.416	3
25.6412	-100.294	57
41.8985	-87.65	24
56.0919	-3.92538	2
-9.99977	-68.2655	3
50.652	-4.03372	4
19.4529	-70.6653	3
30.5993	-96.3273	3
51.8431	15.7354	3
46.4115	20.3839	1
41.0924	-80.3225	1
45.7224	5.08145	4
40.0041	-74.3418	1
51.5527	-0.551327	2
43.7297	142.06	1
41.8065	-72.2517	1
14.6943	120.965	14
-7.30976	109.866	2
-24.1265	-52.366	4
38.9167	-94.6753	9
41.6136	21.7433	2
60.1375	16.1864	1
-25.5998	-49.3125	60
51.3511	25.9295	1
32.5692	-116.635	1
-20.785	-49.3592	44
56.6424	40.3355	1
43.7815	-88.4513	2
28.5635	-81.1984	2
62.0846	129.292	3
30.9373	-91.4009	2
48.7769	-3.55584	1
47.1829	6.00776	6
48.5518	2.65627	10
53.5927	-0.575417	21
6.94919	126.224	2
38.3354	-0.506598	14
33.9246	-93.5598	1
35.4008	139.376	3
40.5072	-74.8421	1
21.6435	-157.921	1
51.187	-1.40661	3
-7.94126	110.254	6
45.868	-120.288	1
35.0721	-80.6585	15
1.42922	110.333	8
33.2283	-8.49056	2
47.6728	-117.412	9
18.4179	-66.101	9
48.9958	1.69169	4
18.649	-91.8168	4
56.537	21.0366	2
41.6882	-85.9652	2
51.5084	-1.95871	1
40.8841	-74.4861	4
39.5337	29.489	2
34.1362	-118.663	1
-24.4945	-53.3	2
18.0023	-76.7427	1
59.4062	17.844	2
3.09481	103.085	1
-23.2637	-47.8559	4
32.1751	-90.2864	1
52.228	0.674616	3
36.5916	-119.604	2
42.1255	-80.044	6
29.5409	-95.8102	1
39.0787	-94.3487	8
38.7497	-76.9645	12
0.247298	-51.0638	115
45.3441	28.8079	1
-2.57242	-59.9803	172
4.07838	101.145	1
-6.71136	-36.6148	1
51.5761	-0.35967	10
39.1904	-78.1346	1
32.6682	-97.41	1
56.9715	24.1287	22
43.1619	-86.2632	4
42.2885	-83.7515	7
55.1715	14.8106	1
53.7411	-2.01405	4
46.1711	9.8706	1
40.8177	29.2981	2
60.2756	25.1073	1
51.9114	7.64836	1
24.3253	54.6373	1
47.5308	21.6603	2
38.8048	-77.237	30
36.6739	-121.666	4
40.1471	26.4286	3
42.8506	-2.69861	9
3.75399	102.541	1
-39.6921	-72.9248	1
44.727	142.249	1
-7.23531	-39.471	1
36.4205	-121.315	1
36.7497	-5.77307	2
38.5973	-121.452	27
33.9801	35.6378	15
24.3193	-107.364	1
-9.02805	-42.652	1
32.4732	-86.4387	3
38.3281	-89.0319	1
-0.942455	-80.7305	7
37.5546	-79.0803	1
44.6443	10.9203	6
50.6768	4.9807	1
-7.11628	112.519	1
41.119	-80.6801	9
45.3231	9.36708	10
59.8772	30.9935	1
33.5798	-101.876	9
4.83295	7.05923	1
30.162	-81.7821	1
37.9863	-1.13373	8
34.2197	-85.5942	1
46.3631	-94.2459	1
38.0612	-85.7026	4
52.3995	16.9063	6
28.0621	-82.6973	1
51.7134	0.161963	1
31.3729	-84.9279	1
31.0505	-81.4185	2
51.0188	-3.07441	1
28.0697	-16.7244	2
33.3213	-85.75	1
26.7198	-80.0829	1
52.95	7.11599	1
8.26764	-62.7562	2
-30.0112	-51.3151	3
-12.4272	130.867	1
-11.6582	-48.8745	1
39.7435	-105.077	23
60.9716	25.689	5
-7.00267	-43.1151	2
33.9609	133.294	1
55.795	49.0696	11
0.631816	101.416	4
-6.32798	-37.7136	1
-4.30599	15.307	1
-36.847	174.762	6
53.1039	-1.03437	1
34.0071	-118.761	1
-24.4399	-50.7457	1
39.7164	-83.88	3
3.94339	103.358	2
12.7512	78.6978	1
35.0302	-106.953	1
44.9829	9.7238	1
38.2484	-75.6756	1
-22.9088	-45.2346	4
52.7277	6.51833	1
4.17325	73.5173	10
-32.53	115.717	1
-34.9744	-71.2202	28
44.574	38.0395	2
40.6974	-73.9797	224
51.1889	58.6101	1
18.5063	-72.2805	2
57.9454	12.5062	1
52.5909	-2.12746	23
12.5699	-81.7139	1
-3.98141	-80.9776	1
28.9419	-106.163	1
30.033	-89.8826	8
-29.1018	-54.7498	1
-21.9643	-51.3537	2
35.838	-83.5708	3
49.2644	-84.7477	1
38.9562	-94.536	1
-29.0227	-51.2341	1
56.6595	23.7581	1
4.53009	-75.6671	1
36.9126	-80.5546	2
40.6155	-79.1559	1
40.9167	-73.9522	47
56.0897	12.7645	1
46.5337	-0.7526	1
58.1149	56.3417	2
38.3047	-92.4371	1
42.7466	-74.176	1
-25.4539	-54.4571	4
10.3868	123.918	13
1.45435	103.596	5
41.4286	-73.1425	1
43.8294	5.78964	1
-21.3455	-48.0716	3
17.3421	-99.364	5
-35.7375	147.303	1
41.103	-104.781	2
50.9576	6.96746	3
-23.5594	-46.1857	16
41.583	2.00636	1
-25.7733	-49.7135	1
55.297	-2.07455	3
42.3027	-85.215	1
-6.99495	-34.8307	1
7.72226	8.58209	4
-22.8843	-42.0225	1
60.5082	30.0683	1
68.954	33.1359	7
34.0578	-117.828	12
37.1055	-8.14105	1
-22.2679	-46.3762	1
38.6385	-77.3233	6
49.4252	7.74889	10
35.9511	-115.128	5
60.2606	24.0141	1
53.1754	-1.17753	3
-3.0098	-55.195	11
43.8096	-89.1173	3
-40.5729	-73.1335	1
40.6502	-73.6829	17
37.296	-87.5082	1
0.244695	32.5569	13
-23.6255	-47.5692	4
54.8912	10.7142	1
-7.44387	109.709	1
53.3161	-1.15561	1
40.1809	-3.65453	4
52.0673	-2.15767	1
-22.6048	-46.7092	1
1.45991	103.403	1
11.981	-86.0947	1
37.4712	-4.44224	1
45.5648	9.02566	1
-6.84795	107.929	9
35.2506	136.701	2
33.774	-118.065	12
18.3365	-66.4691	1
-24.151	-49.8179	1
48.341	39.9838	4
41.2927	12.5735	10
41.8204	-90.2282	1
37.5143	126.955	10
53.3494	-6.27869	114
-22.2387	-49.1125	6
38.9	-77.0266	70
42.7303	-73.6889	3
42.296	-83.9558	1
-33.4886	-71.6231	5
51.4987	-3.56712	1
-1.66242	-78.6611	1
-4.51084	136.848	1
57.2047	39.436	1
30.1685	-97.632	1
30.5078	-81.6127	1
36.8465	-2.46833	1
-20.6696	-43.8044	2
-33.9161	150.931	7
14.8606	-91.521	1
10.0655	-69.3398	8
38.0702	140.66	1
-7.35834	108.535	10
52.2518	0.413683	2
34.7152	-85.5527	1
-22.8412	-43.3129	4
39.7592	32.459	1
55.0811	36.6037	3
40.3111	-79.8877	3
53.9	-1.68448	6
40.4637	-3.43793	3
34.4825	136.343	1
39.8054	-86.0311	5
44.0705	-87.7426	1
42.6217	-87.8793	4
42.9016	-87.8685	5
50.8716	-1.57635	22
53.1365	-7.53081	1
36.9645	-86.4514	1
-12.4223	-41.313	13
-25.3335	-53.898	2
51.9102	4.50678	5
55.5855	26.5068	14
-28.3065	-53.9244	2
10.6593	-63.2533	1
50.9471	4.07339	4
18.1945	120.593	2
39.8874	-80.7441	3
44.1101	3.08632	1
37.7729	-3.90171	1
45.1447	-89.1495	24
40.9486	17.2962	8
-19.7776	-44.0706	1
31.9181	-111.886	1
43.8554	144.464	9
47.5686	-101.26	1
47.88	7.21733	2
49.0967	6.15472	3
35.1812	-111.608	1
40.7616	29.7857	1
33.7439	-90.7304	1
43.7583	-71.6701	1
40.4723	-86.1388	1
-2.61177	121.1	1
51.416	0.568141	4
-17.9039	-51.7309	1
46.7944	-92.1749	1
32.5711	-89.8764	10
31.2703	34.7648	1
42.1297	-75.9113	3
-15.7498	35.0092	2
44.9451	-90.312	1
-20.0545	-43.4527	1
43.2803	3.50011	1
57.1558	-2.20275	13
41.0485	-83.5914	1
39.8372	-82.9414	1
35.7372	-77.9376	1
33.8781	-83.5241	1
-20.7352	-48.5892	19
18.8827	-98.971	2
41.568	-72.143	2
-25.4516	-50.0507	1
44.4978	142.34	3
34.269	-117.45	2
-34.5765	147.514	1
49.4025	7.56092	13
41.4378	12.9692	1
44.9569	-93.8281	1
47.5603	-122.557	1
37.4048	-122.111	5
38.7466	-3.4134	1
49.0605	142.061	4
-2.62921	-44.3026	36
-7.65482	110.424	14
-12.1394	-45.0107	1
29.8239	-95.4622	57
43.4802	13.2037	2
5.33387	6.65493	1
40.5229	-87.249	1
40.6788	-4.09946	3
42.165	-4.3127	1
51.5427	0.678049	2
18.4941	-88.3028	4
27.7255	85.3463	3
46.9446	7.42167	2
20.6554	-156.418	1
51.7215	36.1846	3
20.4505	-97.0875	1
-23.0558	-44.8942	2
30.3293	30.5141	1
40.3791	-111.734	1
43.2943	5.40513	19
-26.3749	25.4619	6
42.3486	-71.1084	14
37.264	-8.35618	3
-19.6047	-47.9692	8
37.5015	-77.3902	7
-29.3327	-50.7817	1
44.7663	11.817	40
35.2035	-80.836	22
-10.4341	-62.4747	1
1.26607	109.672	1
-23.3771	-46.7393	6
34.2598	-6.58084	23
42.7323	-94.5513	1
42.4219	9.0665	1
32.3029	-111.01	2
33.9298	-84.358	5
33.7401	-85.0249	1
43.0579	-87.9671	44
37.0191	-4.56346	1
13.7226	-89.1006	1
-28.2628	-52.4442	3
-23.9507	-46.2257	50
33.8343	-79.0424	3
-22.4173	-49.1949	3
-37.8111	145.225	1
50.271	19.1946	1
-28.6863	-51.9454	1
41.8824	-79.1489	2
40.0644	-79.8867	1
35.3706	-118.95	1
33.2562	-111.562	1
28.5748	-14.6268	2
-22.0619	-42.3393	1
-20.9953	-46.1229	1
46.6898	-72.881	1
-32.9775	-71.5314	4
-2.1393	-79.6007	2
-28.3542	-53.5479	3
51.8714	0.862885	4
56.406	-3.43974	1
-21.491	-49.9037	4
45.4509	-98.4837	1
40.5347	-85.626	4
13.6886	-88.1003	1
36.1523	-95.9091	6
35.207	-81.2068	1
-23.7454	-45.6207	2
46.0174	9.26829	1
-0.59305	117.038	2
30.2469	-87.6952	1
42.5499	-96.3922	2
2.81609	-60.6767	3
40.7428	-73.4816	3
43.0302	-7.57098	2
32.1116	-81.2355	1
19.1995	-99.2084	32
52.2374	6.10948	1
41.6693	-4.77951	8
-34.6609	-58.3717	15
-19.604	-43.2996	1
42.9318	44.6465	2
42.0821	9.47197	1
13.9624	122.539	1
44.9	-93.1765	20
36.5546	140.629	1
41.0356	-75.3298	3
32.3652	-94.5948	1
51.4075	5.37308	5
42.6643	-8.11885	2
-82.8628	-135.0	1
51.3364	0.808984	20
29.7283	-95.5755	7
34.2087	35.7235	2
-37.0283	174.868	6
-22.8952	-47.0303	43
32.5378	-117.017	4
26.0571	-97.7441	1
2.99605	99.6141	1
38.9636	-9.29372	1
43.1832	141.734	1
-7.27359	110.458	11
57.6633	12.2899	1
42.0676	-8.64131	1
34.3969	132.451	14
47.9527	-124.386	18
4.93122	-52.3282	1
51.427	7.66398	6
-27.6534	-51.0923	48
30.1184	-82.6562	2
-20.1397	-40.3039	3
44.0466	-122.936	1
29.2103	-81.0967	7
53.1826	5.81839	1
45.8287	0.847725	1
-7.03905	110.557	6
50.7669	6.23464	1
47.8652	11.8226	1
35.1438	129.059	2
41.0807	28.2435	2
28.0948	-17.1674	1
44.9126	-0.232346	1
-11.772	-55.4066	1
59.9584	17.7766	1
-2.97932	104.738	21
36.1007	-79.839	9
-7.18116	-39.2756	1
38.9178	-91.7462	1
-6.6989	111.305	1
-22.4758	-46.6045	1
48.3903	3.19769	1
40.2659	-7.5764	7
35.3632	137.238	1
47.613	-122.342	14
18.1163	-66.1405	20
35.1645	-84.8695	1
33.5846	-112.121	8
54.5673	-1.24886	2
38.0538	-84.7417	1
51.8554	-114.522	1
20.9691	-101.43	1
51.7191	-102.415	1
-23.7108	-46.4227	35
-27.1111	-52.6609	2
31.5291	-90.4799	2
47.0732	15.4419	2
20.152	-100.992	1
34.3328	-119.091	1
-24.8055	-49.8727	5
59.3942	18.6174	4
-22.8383	-48.5474	4
27.775	-82.778	12
45.2566	-96.5421	1
53.3405	6.95574	1
19.4742	-99.3104	63
40.788	-77.8526	3
-22.4704	-41.9413	1
46.3239	-120.023	1
-6.02574	106.046	6
-1.06825	36.7695	1
5.56157	-0.309121	3
26.8782	-101.221	1
32.335	-95.2833	2
-14.8821	-40.5663	1
43.338	11.7634	1
42.6396	-8.5571	2
54.4611	17.0282	4
57.4093	21.5963	1
42.1104	11.8025	1
-6.78961	107.535	1
51.1105	15.6055	1
6.01225	116.396	8
33.0106	-96.9875	5
40.0667	-80.8663	1
40.854	14.2435	8
53.9054	27.5866	6
-7.40338	112.722	33
-25.4124	-49.2899	109
2.04811	103.382	46
51.9037	-9.03369	1
4.18544	102.056	1
59.9341	30.3287	104
37.8038	12.4661	1
51.0849	1.13606	4
59.0018	61.7094	3
44.3323	5.0648	1
-38.2072	146.162	1
36.1866	-86.7851	8
-7.99504	110.585	2
-23.1538	-50.3434	1
40.2753	-86.492	3
39.8842	-3.9507	4
16.1782	-95.1948	1
-10.2485	-40.7399	1
34.752	-95.0541	1
4.71277	103.405	7
19.7043	-155.07	2
42.2884	13.9009	1
-24.264	-46.9553	1
53.5846	-2.48296	1
40.9544	-76.8825	1
31.1208	-93.1522	1
55.3022	26.0022	1
42.4991	-6.56031	1
34.6847	-79.1998	1
42.3154	43.3569	1
40.3197	-76.7999	1
33.5376	-84.4919	4
7.09976	-73.1159	1
51.157	-0.00532377	1
54.1574	-3.17949	1
36.8048	-6.29987	1
34.0929	-83.7619	3
40.0352	-83.1682	2
41.8401	-0.894539	2
39.9866	-75.0944	3
-33.733	150.963	2
52.9068	-1.86468	2
45.0774	7.51101	1
-6.54626	107.446	2
52.3617	-2.00663	5
-25.0343	-47.9877	2
45.205	12.26	1
47.1612	19.5059	2
47.8261	-0.73591	2
59.4743	32.0514	1
53.8034	-1.44971	25
19.9404	-97.9612	1
36.5061	136.687	3
39.4007	-9.10914	1
41.3777	-81.9239	5
-3.78965	-38.5199	91
19.2972	-70.2503	6
60.3952	5.32557	1
-23.4375	-45.0846	2
38.9095	1.42348	1
14.8286	120.287	1
59.366	28.1107	1
-7.32457	108.222	4
34.2744	135.44	1
58.3822	33.9008	2
42.0773	-92.4878	1
10.4255	-84.4684	1
48.7044	2.08172	10
-23.2981	-47.2769	4
-7.84	112.53	1
49.4015	2.85486	1
43.4642	11.8774	3
13.8733	-88.6244	1
31.5087	74.3376	1
55.4497	-4.6433	1
4.23273	103.415	5
-24.2542	-50.5373	1
38.6016	-90.5869	2
45.4657	-75.5291	1
52.2844	6.44019	1
39.8262	-0.23594	3
-20.8385	-40.7644	1
60.7003	17.1533	1
37.5028	-120.858	1
34.7742	137.358	1
48.3322	11.6244	1
35.4783	-108.435	1
41.9787	-88.2089	1
-29.709	-52.7772	1
-11.0051	-38.8223	2
50.7431	33.4818	1
38.1456	-87.7971	1
11.2285	-74.2042	1
5.60409	-0.0917443	4
-26.8274	-48.7225	2
35.4363	-94.4755	2
52.8289	1.39781	1
39.0312	-84.6947	2
35.9663	-77.838	4
52.3712	-0.224309	3
41.8401	-94.1166	1
-22.6965	-43.5244	5
51.1252	-114.185	2
38.8745	-6.85618	5
29.5965	-95.1954	1
-7.78453	112.196	4
-6.81408	107.284	4
-0.869174	100.434	26
28.6905	-99.8318	2
41.9872	-91.6474	1
37.0858	127.039	2
32.1509	-110.997	4
51.8892	0.263468	1
47.0739	5.50228	2
36.3982	-78.9771	1
48.383	31.1814	165
32.1956	-110.858	1
-5.21541	-42.8028	20
55.0015	82.9557	7
-34.4175	146.772	1
-9.96566	-67.8197	6
44.228	42.0649	1
33.5114	-90.3459	1
-20.4736	-45.4264	1
29.8049	-95.1555	3
-19.9422	-44.1928	18
33.9814	-81.7812	1
53.3596	89.9062	1
54.7411	33.0742	1
44.8775	-0.534483	23
-20.2121	-70.1482	1
51.6772	-2.01881	8
39.1679	-119.776	2
-26.1838	-58.1669	2
36.8197	-120.753	1
-1.87145	106.123	2
16.2586	-92.301	34
21.2978	-98.3734	7
30.4431	-89.0969	2
28.6834	-80.8469	1
20.5164	-100.837	3
48.7764	-123.763	23
-12.6667	-38.2047	1
51.4473	7.19803	1
46.1548	-1.15113	13
33.2429	-84.283	1
-21.6782	-45.9046	1
42.7797	20.4893	1
50.211	-5.28669	1
-21.5749	-50.4704	1
8.12923	-63.5409	6
5.19922	96.7024	1
54.0874	18.6901	1
-7.0359	107.511	1
10.0529	-84.4377	3
52.1954	0.127615	7
39.8028	-75.0442	4
46.8935	-96.8047	2
51.5865	-2.94036	2
36.147	-115.237	28
-4.77289	137.78	3
45.2545	3.20071	1
51.6499	5.93599	1
-19.7528	-47.95	1
-28.7189	-53.5192	11
-29.8024	-56.7397	3
34.4009	-118.078	2
61.7099	50.8055	1
33.3919	-111.928	18
44.2896	-72.0389	1
42.9228	143.202	1
-6.35789	106.495	15
8.57556	-71.1739	8
-7.72988	113.669	1
41.2327	-95.8518	1
-1.94472	30.09	1
14.4801	-90.6226	1
40.5451	-88.7914	1
51.1573	71.4834	1
-7.14882	111.602	1
55.9104	-123.87	23
43.3101	-87.9597	1
49.048	2.66996	1
12.8711	74.8708	3
37.4526	-77.603	3
19.1003	-103.657	1
-20.4975	-43.8481	1
45.0746	11.793	1
51.3818	8.1494	1
1.60343	104.15	1
43.1862	-77.6164	4
41.9782	-83.9238	1
56.0362	12.5065	1
51.511	3.98608	2
29.2533	-82.2162	2
34.5137	-82.0276	2
32.8224	-84.0671	1
36.115	-80.6639	1
31.7992	-85.9637	1
47.8993	1.85878	11
34.0374	-80.9375	7
42.423	25.62	1
30.2978	-97.7533	5
35.1501	-80.988	1
37.0017	-122.058	5
50.4824	30.7873	1
41.5405	-8.41078	2
38.5157	-1.70109	1
-23.4194	-50.881	1
18.9212	-99.2433	10
3.91597	-76.2882	5
38.0847	23.8134	1
51.5584	-1.78204	3
-23.3157	-46.5812	1
33.0607	-96.7365	18
45.5289	-73.5878	5
54.0141	-1.46208	2
51.8914	5.22681	4
53.7172	27.9867	74
22.1437	-100.982	1
48.3043	20.745	5
48.6881	6.17345	9
-7.51245	109.035	1
43.7651	142.358	3
39.7202	-83.2703	1
-3.00599	120.199	1
39.4998	-111.547	1
40.3443	-75.8735	11
47.4824	19.1295	5
-7.40413	111.019	1
35.3308	-80.7716	2
51.1024	3.21656	1
-22.3352	-47.3295	2
-7.60227	112.687	3
-26.1087	28.059	6
43.4552	3.23803	2
44.8526	10.7598	1
-6.97802	109.925	2
30.4569	-97.3958	1
31.7708	-106.504	2
45.4861	-122.755	15
27.9787	-81.6201	1
38.7138	-9.418	8
15.8217	-96.2114	1
35.9226	-84.0639	1
46.7916	-2.04792	1
-13.1942	-44.3615	1
36.9658	-76.4139	1
37.7937	-121.236	1
55.9428	-4.11979	2
-18.7954	-41.9396	1
3.1846	98.5113	1
0.0431465	-51.0704	76
52.6363	-1.13109	29
41.6407	-87.4545	5
55.5803	13.0207	4
43.3678	-86.1773	1
44.8294	37.6465	1
52.0787	4.86192	2
55.8966	37.568	1
36.4139	35.892	1
37.7541	-122.282	4
35.2402	137.119	1
41.7656	-72.6803	5
53.7741	-2.22729	16
58.1311	12.8578	1
43.3215	-0.343157	15
5.66931	116.364	1
3.11486	101.471	60
56.8588	53.2105	2
43.1285	131.914	4
54.2103	-1.19061	2
58.4387	-3.094	1
-25.1476	-50.071	36
-25.5168	-54.6545	4
-23.0203	-44.5287	1
42.6327	141.578	1
45.5244	10.8134	3
-30.2911	-56.1623	1
29.0884	-110.979	1
53.0198	6.58405	3
50.8406	16.4923	4
47.0499	9.42955	1
44.6146	33.5611	1
-2.42398	-54.7349	6
-29.9346	-50.1143	1
42.0966	-70.7238	1
-2.09804	106.108	2
-23.5337	-49.2398	1
13.8406	100.064	1
35.9555	-86.5006	1
33.7183	-86.6616	1
49.5938	17.215	1
36.7847	-4.11594	1
38.6531	-90.2435	12
-24.966	-51.5381	1
-26.9752	-52.5357	1
-10.1675	123.572	1
38.9637	35.2433	222
43.5425	-6.5361	1
-7.66642	109.649	2
33.598	-85.957	1
0.689581	122.785	1
-31.8027	-51.6369	1
36.4403	-110.75	1
51.861	-2.21436	4
35.2504	-96.0179	1
-21.2385	-44.2815	34
37.6247	-122.413	4
38.2585	140.336	9
-29.081	-49.6543	1
-21.9407	-50.5213	1
55.3266	36.7077	1
35.8842	-78.5288	1
51.3967	-2.85146	28
26.2602	-80.252	5
43.1419	-93.4044	1
-21.4064	-45.4872	3
13.0471	80.2376	3
31.7683	35.2137	1
39.7096	-81.5106	1
61.2464	46.8805	1
52.6088	38.5318	4
42.3701	21.1416	1
26.3731	-80.1174	2
39.3506	-85.9647	1
44.8884	-68.6689	1
56.5904	59.9662	2
-6.78539	39.1345	2
38.1933	-85.7953	7
48.2392	1.02427	1
36.1942	-81.658	1
50.5422	5.55708	2
-36.828	-73.0526	9
54.2409	-0.396813	1
14.4633	120.946	30
-0.197951	-78.4895	7
39.4771	-87.295	4
32.963	-80.1569	5
38.4007	-122.36	2
-22.7782	-45.0475	3
59.6478	17.9677	2
41.5012	-81.5347	10
33.7531	-112.317	1
26.6887	-80.7633	2
14.2586	121.128	1
45.4613	9.15934	20
-7.2561	-35.8223	5
-2.87894	114.927	1
16.7419	-93.1397	3
42.7139	-78.9274	4
33.1421	-81.7752	2
40.9724	-5.66077	3
-27.3037	-49.0462	2
31.6288	-97.1063	1
53.8153	21.9472	2
-8.33728	113.607	2
52.287	6.84433	1
21.0487	-87.0318	4
-21.7554	-48.172	18
38.5772	-92.1985	2
42.4701	-70.9323	4
43.0558	142.622	3
32.8825	-83.7717	3
30.0065	-95.6428	7
36.5871	-119.446	1
45.292	-73.2313	1
35.7855	-78.6897	8
-34.6376	-71.3574	1
-14.049	-39.7354	1
36.2556	-88.9673	1
12.6402	77.1472	1
30.8347	-83.3103	1
40.3683	-80.6525	1
51.6631	5.65647	4
-28.0015	-50.3477	2
30.5518	-100.487	1
32.7738	130.714	5
56.5405	-3.88487	1
5.53286	5.78013	1
41.7581	2.06928	2
6.4103	7.50075	1
35.1601	-114.569	1
44.8387	-93.3979	3
-9.47073	-78.3121	1
35.4742	-97.3569	5
35.0928	136.703	2
20.5971	-102.559	1
50.7007	7.12195	2
62.0724	129.76	8
-22.3597	-53.8003	1
36.5065	-5.09972	1
0.167812	117.466	2
26.6042	-81.6623	1
-2.71503	107.666	1
-8.13671	112.207	1
37.8749	32.5365	1
7.98379	-75.4112	1
42.4868	-83.2403	17
52.3342	-6.46222	1
36.1905	-119.824	1
26.3549	127.796	2
41.9236	-72.6549	1
55.9488	-4.76273	1
-15.5435	-47.3503	2
-37.2156	174.898	1
53.2369	-1.41853	3
39.3259	-8.72129	1
-29.0686	-51.0353	35
45.3514	9.68669	1
5.32964	103.141	17
35.673	-90.5286	1
50.3148	18.7951	1
39.9945	-83.0024	11
41.3208	16.2851	2
41.717	14.7697	1
41.6849	-70.8998	3
-23.6531	-70.4003	5
49.2707	-122.754	35
46.8283	-100.765	1
13.5753	-89.8254	1
-3.264	103.827	2
-27.3509	-53.08	1
31.7897	-115.229	4
39.973	-74.0706	1
42.5936	-5.58254	2
44.2151	20.9238	16
45.924	-60.6587	1
39.8905	-83.4345	3
58.0287	14.4724	1
-23.4892	-51.7215	5
-6.76609	-35.0177	1
-37.8922	144.68	4
36.7835	34.5923	5
35.4557	139.616	17
38.8792	-82.3801	3
35.1262	138.909	1
38.3132	-85.7085	1
-35.7299	147.023	1
59.1299	18.1053	1
42.8074	-83.5477	1
-27.7658	-51.5708	1
42.0651	-71.2501	2
34.4672	-89.1463	1
36.5075	-4.87291	2
48.9313	6.01027	1
25.6678	-80.4347	7
43.531	3.77364	14
-27.0529	-52.9701	1
61.0395	24.5126	3
44.1147	-123.271	1
39.9637	-86.1065	4
61.4106	16.0333	1
-21.7766	-49.2498	1
57.1506	65.5568	5
43.5103	-79.8199	1
-0.0655202	109.334	10
39.5592	2.62368	8
24.958	46.7042	1
20.282	85.8273	1
46.2008	6.1525	11
-6.01028	-35.8515	1
31.7819	-93.6734	1
33.9469	-90.7607	1
45.6348	11.4861	3
10.1615	-61.4412	1
-33.4711	151.385	4
-19.8463	-43.7914	2
-6.8825	109.681	2
41.3031	-8.57058	1
43.8391	144.103	1
47.0533	1.82483	1
34.7791	32.4336	1
21.3161	-158.01	3
-37.4735	-72.3708	3
50.4227	4.42765	2
-23.1117	-47.1947	10
37.2129	-80.4473	1
52.6316	5.07012	6
53.9975	-6.39676	10
43.2779	-1.98771	2
-25.749	28.2347	3
32.9819	-97.3061	1
29.6859	-90.7752	4
-24.6372	25.8759	1
51.7662	-1.56749	1
43.3984	-94.8157	4
52.0738	23.7183	1
50.8465	-0.39606	1
-12.6901	-38.4864	6
33.9113	-6.97042	5
46.751	4.6724	1
53.4796	-2.36681	12
33.1794	-96.6171	1
31.2767	-97.2622	1
46.2641	-97.1312	1
-23.4254	-46.0575	6
-23.1018	-54.0488	1
-7.30713	110.124	2
40.3782	9.7127	1
-5.15527	-44.1652	45
-17.779	-71.1845	1
41.6412	-106.304	1
33.374	-84.6872	4
53.3433	-9.10639	1
47.0547	-67.7439	1
-4.03235	-80.0207	1
-28.3896	-54.8743	3
49.2771	2.46442	5
-23.8308	-46.8122	2
56.0054	36.9154	1
41.6038	12.8407	34
19.184	-96.2312	4
53.3479	-6.44163	1
-8.12815	114.398	1
21.6267	-104.873	4
4.76451	-74.0303	1
-20.8709	-42.983	1
-14.8538	-40.8534	1
58.0225	56.1443	15
18.1998	-66.5836	2
49.4019	8.68024	3
43.0556	-2.33565	1
50.387	-4.8828	3
-34.5766	-68.3237	1
-8.27649	-35.0925	1
25.7558	-80.2957	15
47.8111	-3.3378	3
33.7976	-84.2766	3
41.4598	-87.0666	1
43.8489	-69.8147	1
37.9824	-101.13	1
-37.6563	176.188	1
45.7507	-73.4426	3
-16.4125	-49.2234	1
39.4074	-76.7801	3
30.5215	-87.0126	4
32.447	-93.8455	4
45.6971	13.1522	1
46.2295	39.3749	1
40.2012	28.9816	1
41.1909	-96.1699	1
-33.2793	-70.6241	1
29.6921	-82.3198	1
42.5955	140.56	1
40.289	-3.79186	34
32.4771	-83.728	1
43.5757	-79.6736	1
-23.7363	-52.5974	3
38.6054	-76.9259	8
2.29916	102.912	1
3.78124	98.7031	2
51.4658	5.70568	23
52.1794	5.90278	22
9.63138	76.5418	2
52.4514	4.62013	2
-21.7338	-50.7154	1
-16.3051	-48.9725	9
-6.49044	-36.3411	1
48.8097	3.09159	1
6.34649	5.60011	1
20.6662	-99.8984	1
40.5668	15.0018	1
52.8333	-9.44037	1
36.8668	-87.788	1
47.0866	39.434	1
52.6401	1.27308	9
26.1032	-80.303	5
42.9501	-81.3672	2
26.363	50.122	5
42.3446	-3.68944	1
34.8935	-98.2049	1
32.6594	-114.585	3
4.44569	-75.2293	2
53.5517	-0.0962857	2
37.8579	23.7545	3
39.0946	-0.247934	2
57.6856	-2.03067	1
33.8241	-4.82944	1
56.0018	-3.77093	2
55.4048	10.3931	1
-34.7281	-58.5765	2
27.7278	-97.3614	11
42.6534	27.6989	1
35.915	140.095	1
24.8836	67.0621	2
34.1744	-79.7849	7
-23.0614	-45.9175	19
-21.216	-49.7579	1
48.8416	2.41999	39
44.1252	4.09055	1
42.2321	-88.4493	1
-22.3872	-43.1873	2
2.20133	102.248	20
53.5987	10.0192	3
47.9687	7.95561	1
9.14649	7.32596	2
44.3311	-94.4758	1
-9.75808	-36.6473	2
47.8281	-122.26	8
37.2739	-107.881	1
-0.471118	117.134	16
50.0685	10.1674	1
53.057	18.5017	1
31.6928	-88.9819	1
-38.0219	144.415	1
31.2965	-110.946	2
54.3314	-5.79557	3
-6.98587	110.404	58
-20.8972	-51.5956	1
39.857	-88.9181	2
52.3773	-1.24367	4
53.4039	-1.5631	8
29.8755	-97.9528	4
-25.6054	28.1088	1
40.6052	-79.9956	2
31.8036	-81.4594	1
40.4198	-8.25854	1
-24.5566	26.0266	1
39.9646	-85.9286	2
39.647	27.8959	1
44.9307	12.2256	1
38.9785	-77.6948	1
28.6419	-81.3279	10
46.5284	6.57129	28
38.2726	26.2618	1
34.0024	-5.5429	20
42.0471	-89.0288	1
49.4918	8.47222	5
34.8521	134.546	4
35.6672	-97.4073	1
37.5396	-122.282	12
-8.36757	-35.237	4
32.4376	-87.0202	1
37.6735	-121.912	2
-19.0045	-48.3585	18
42.1908	-72.2857	2
-18.0936	178.473	1
5.9539	104.191	1
36.3878	-95.9745	1
51.8438	5.85338	2
-3.98413	122.487	3
-22.5461	-48.6355	16
36.0925	-115.09	11
44.4427	12.2932	2
30.3685	-81.667	8
41.0099	28.6202	9
48.0796	-4.32464	1
48.5796	-2.36999	1
29.5802	-97.9519	1
37.0462	35.301	7
42.2036	140.408	1
42.3688	13.3433	1
44.2005	43.1291	5
51.4731	3.81444	4
11.3382	76.7968	1
32.9537	-96.8308	3
51.336	-0.661848	9
56.3975	8.55838	4
30.4992	-81.8041	2
39.7765	-92.4571	2
48.7208	44.5209	1
39.4518	-77.9764	1
19.1589	-98.407	5
63.41	10.366	2
44.6864	8.52242	2
1.64487	103.259	1
45.0404	41.9711	6
-21.5699	-45.7609	1
41.0927	16.875	2
39.9621	-84.1872	1
-23.47	-47.4366	27
-25.6313	-49.4623	4
41.1179	-77.6047	2
45.1528	9.70399	4
32.8779	-115.57	2
34.8595	-84.7226	2
39.7302	16.4317	1
36.7668	-119.794	12
30.0782	31.0233	3
-22.5593	-47.9314	3
35.7593	-5.86816	2
53.2729	16.4496	2
42.0267	-93.6507	2
38.744	-3.83768	1
-34.4201	19.2017	1
43.0765	-70.7678	1
37.5716	-4.63799	1
46.6937	20.3467	1
-29.9246	-51.1834	26
53.7552	-1.6071	3
33.3083	-117.308	1
-23.932	-48.0101	1
44.696	-63.6619	1
53.0017	-0.684762	1
45.4443	11.0005	40
42.8752	-5.63796	1
-15.1009	-55.5602	1
54.5352	-1.55855	1
-21.5888	-48.8205	1
29.2909	48.0741	3
22.1595	113.55	1
38.8081	-97.6189	2
3.75431	101.949	10
38.0934	-3.62611	7
9.84777	-84.312	2
40.8912	-81.5843	1
42.5904	-72.5914	1
30.5617	-97.5792	1
55.4312	9.87595	1
-19.2275	17.7295	1
31.5729	-84.1658	2
50.6787	5.60647	1
47.9807	-101.941	1
43.936	143.26	1
-30.3331	-54.374	6
-22.8642	-43.5814	1
32.9078	-96.606	4
19.6563	-99.2336	42
41.6563	26.594	2
42.5978	-88.6168	2
51.7022	7.81404	2
16.7257	-92.638	1
7.17242	3.39023	1
38.8687	-94.0632	1
13.498	-89.0279	1
46.4755	6.42334	1
19.5106	-99.0987	37
44.018	10.4405	1
-7.01191	109.391	1
50.444	30.5167	14
61.6127	17.0502	1
46.4793	-120.468	2
43.6548	-116.669	1
-24.4958	-47.8554	21
4.47946	101.044	3
38.2383	-90.3884	1
41.1155	-74.1597	2
