Latitude 	 Longitude 	 Weight
50.0645	5.76072	1
-19.9187	-43.9598	22
48.8022	1.81887	1
34.8715	-118.217	1
-38.7653	-72.5958	1
55.5715	38.2275	1
5.274	115.248	2
43.8779	-79.3122	2
43.1495	3.03364	2
41.24	-81.4406	1
53.845	27.5258	8
-6.36333	-38.8318	1
42.6866	-8.98969	1
34.2668	-5.92017	1
50.795	-2.61142	6
52.2747	-6.94575	2
37.4485	-122.232	3
33.8513	-118.175	7
-22.4012	-49.4018	1
-30.0344	30.8407	1
49.008	2.40358	39
3.45867	101.656	2
43.6814	-79.7831	5
47.0265	-122.785	1
-26.4195	-51.8397	1
51.9187	19.1348	2
45.0905	5.69425	1
-16.4024	-41.0586	2
35.8305	-85.9786	1
33.7532	-112.317	1
23.1461	79.9489	1
32.3329	-116.929	2
51.7289	5.45244	3
43.2118	-77.7008	1
58.8909	55.6322	1
43.7082	7.29069	4
-6.10311	-38.1598	2
53.9743	-0.855013	1
48.7456	-3.46941	1
40.709	-74.0812	27
35.6514	140.073	5
35.7932	135.645	1
48.4266	-123.331	2
41.445	-82.1971	1
-5.2996	-38.0293	2
52.6003	39.6002	3
19.3999	-99.2749	15
55.4141	37.9007	1
42.3444	-3.68944	1
51.4561	-2.25926	1
38.4664	27.0951	2
-6.22135	106.835	96
48.2215	15.7608	1
-7.45259	109.243	2
53.165	158.385	1
-29.9153	-51.1771	2
-20.893	55.4468	1
6.11277	100.374	2
37.8223	-85.7682	1
38.6434	-121.242	1
42.1255	-80.0785	2
5.74759	0.0504532	2
50.4135	-104.599	1
55.9183	-3.26502	4
16.4104	120.598	1
14.3308	121.077	4
-11.9614	-77.054	1
-26.4283	-49.3274	1
41.2228	-111.973	1
28.0467	-82.4282	5
-28.739	-49.3605	3
52.1617	-1.59696	1
38.3322	-104.754	1
20.7049	-101.338	1
47.8992	1.85847	2
39.0869	-77.154	2
53.2218	6.56477	3
42.3939	-87.855	2
42.7489	-84.4805	2
40.1158	-75.7161	1
28.2156	-80.6014	1
41.9383	-93.3898	1
-20.3359	-48.3961	1
9.70663	99.9905	1
18.4976	73.8179	5
39.2339	-84.9978	1
33.4207	-86.7048	1
39.8644	-83.0643	1
34.1682	-111.931	1
38.9604	-76.778	2
47.4815	-0.563019	3
53.105	-0.989355	1
-8.2689	-36.4068	1
34.9091	-82.2144	4
39.945	-76.7827	1
43.5428	-99.2455	1
40.7617	-73.7598	1
38.0384	-78.5039	1
-6.8692	109.13	1
41.5583	60.9905	1
-41.706	-73.3391	1
53.6059	-2.31183	1
59.3407	14.505	1
30.2847	-91.2438	1
-29.6334	-50.7686	1
-29.2431	16.8805	1
51.2251	51.3628	1
-23.4057	-51.9683	4
39.7797	-86.1329	2
34.7233	-92.3379	1
-5.42423	105.251	2
53.3215	50.0679	5
-23.2969	-45.9737	2
51.67	39.1707	2
41.3879	1.66883	1
39.5011	-86.0494	1
37.2339	-96.9832	1
-21.3646	-46.0058	2
55.0844	38.7976	1
26.3149	-80.2684	1
39.5439	-119.734	1
-8.48469	-35.6869	2
37.1473	-92.7722	3
56.1889	36.9791	2
-23.3552	-47.9037	1
-20.4787	-51.2229	1
28.3122	-81.5894	1
51.5017	3.66116	3
-6.19528	-36.6673	1
49.2447	-0.0145076	1
45.7578	4.8351	5
29.5404	-95.1652	3
-25.3235	31.0084	1
39.923	-86.187	1
48.7187	2.41282	25
44.9928	-93.0003	1
46.1451	6.08247	4
41.2195	-85.7957	2
-6.88952	106.942	4
25.559	-97.5474	2
26.2097	-98.2979	1
-20.4639	-45.4391	1
50.716	-3.48502	2
-8.11343	112.626	9
-31.5614	-52.3342	2
52.9704	36.0825	1
8.99058	7.45585	2
-26.5951	27.8323	1
32.619	-96.7982	2
30.8674	-97.1519	1
48.794	2.66103	2
48.4561	135.099	4
36.8097	-76.1144	5
41.4348	-88.2292	1
-20.1758	-48.6885	1
55.1254	73.3788	2
30.8336	-88.1158	1
55.3589	86.0515	3
39.0172	-94.2029	1
-23.5108	-46.8823	5
55.4383	37.7578	2
22.3111	-100.956	1
55.9154	38.0113	2
53.3549	-6.2474	6
39.8769	-7.1126	1
16.2662	-61.5021	5
41.1221	-85.0047	1
49.4138	5.94576	1
45.6934	-1.06453	1
30.2172	-92.0386	1
33.9481	-84.5422	4
-23.5384	-46.573	12
40.4314	-79.9806	2
35.3703	139.917	1
7.924	98.3857	1
54.112	102.175	1
35.279	-88.031	1
42.4654	-70.9556	1
33.023	-117.113	1
54.6456	-5.71793	4
40.636	-3.51143	1
-5.81127	106.511	1
51.4407	7.01623	1
5.95373	116.078	7
28.7337	-100.49	1
53.4345	-6.37748	3
46.9021	-102.77	1
33.7203	-78.8771	2
43.5894	-84.7738	1
46.2584	-119.448	1
33.5744	-85.0954	1
45.5353	10.2238	1
1.32773	103.946	26
3.12917	98.5068	3
41.1488	-104.821	1
39.1647	-8.8565	1
2.28252	113.628	1
37.2692	-119.307	3
32.7902	-79.9473	1
32.8207	-96.7315	7
22.2703	-97.9168	2
-26.3075	27.9439	12
32.5762	-86.6807	2
13.8018	100.158	2
28.5691	-81.4695	1
-27.1111	-52.6609	1
42.6403	-83.2848	1
40.913	-73.1326	1
-6.30809	106.706	9
27.4887	-82.572	1
19.2708	-99.6499	6
41.7385	-92.6882	1
33.9542	-118.346	5
-23.3519	-51.1743	1
53.2204	-0.558267	4
58.6089	125.403	1
42.8175	-75.5348	1
48.2201	16.3799	1
45.5818	9.28594	1
56.2847	43.851	4
-29.1921	-51.3739	1
44.9332	-123.028	2
40.6232	22.9553	4
33.5915	-84.556	2
52.2701	-0.747587	1
51.5207	-0.142822	988
36.0922	-29.9585	1
48.7476	1.3576	1
-20.3184	-47.8265	1
36.2329	-115.238	6
42.3504	-83.4842	2
-1.2888	36.8109	3
40.7419	-84.1162	3
-25.4951	-49.2884	12
-23.0159	-46.7544	1
3.86989	11.4471	1
35.3355	137.121	1
13.5907	100.742	2
38.5305	-8.86894	2
48.7736	1.99674	17
4.70524	103.441	1
26.0904	-80.2049	3
-29.191	-54.8561	1
-37.8568	144.885	2
32.8396	-97.0213	2
43.6707	7.15032	2
51.0561	22.2842	1
18.2573	-65.9628	3
-2.53555	-49.0335	1
33.8373	35.9174	1
42.6526	-78.7555	1
51.5406	0.735895	1
-34.5761	-58.73	2
-7.14362	-35.8589	2
1.86117	104.63	1
39.6385	-79.9435	2
20.5794	-101.192	1
-8.17299	-35.297	1
29.5902	-95.6773	3
38.1453	27.3548	1
51.9413	10.1251	1
38.0282	-79.058	1
-23.2062	-51.2948	1
55.817	49.1144	11
43.8409	10.7245	3
51.2667	22.8865	1
40.4868	-3.88874	1
37.555	-97.2565	2
13.3468	74.7942	1
40.1112	-85.6634	2
54.1937	37.6289	2
51.535	0.0337736	6
13.6208	101.03	1
51.7435	-0.345706	1
13.0919	100.98	2
52.4661	-1.6013	6
42.4547	-83.0285	8
37.5245	-77.4932	2
39.1866	-96.5655	1
-20.9432	-49.5785	1
28.6074	-81.198	3
18.8285	-71.937	7
-20.7898	-41.1967	1
-1.27293	-48.4598	21
-18.6636	-40.8395	1
21.0255	-101.25	1
-26.6584	28.0154	1
29.1089	-110.999	1
37.6938	-97.2857	1
34.7737	-117.141	1
45.0538	39.0332	4
35.0826	-106.678	1
52.2561	18.2626	1
45.2297	9.40142	1
-6.00147	-37.8323	4
43.144	5.74968	2
31.1946	121.537	1
43.993	-92.4728	1
41.8082	-83.5799	1
43.3137	10.639	1
24.9866	121.436	3
54.3179	48.4689	4
45.0728	7.67575	1
37.8986	-3.6009	1
41.2782	36.3428	1
40.2751	-74.8452	1
52.9815	6.74891	1
42.0094	-4.52741	2
1.46021	110.449	7
36.2917	137.964	1
53.8222	-2.71083	3
38.4565	-75.0489	1
36.7509	-97.2833	1
40.073	-74.7243	1
-22.9382	-45.6041	1
37.5571	-84.281	1
19.4495	-155.004	1
29.2275	-99.7784	1
41.7545	-70.6849	1
40.6747	-86.148	1
5.36563	-3.96072	1
48.0832	41.2726	3
50.347	4.52731	3
-5.77743	-35.3679	1
47.6728	-117.412	1
45.2482	-75.8001	3
61.5218	0.00022	8
35.1634	-115.9	2
52.4103	-0.256419	1
-32.934	27.9972	2
-23.2011	-46.9084	2
52.1629	0.122662	6
2.39449	111.874	1
58.0394	60.5549	1
-0.488278	117.161	3
33.3866	-112.128	1
20.0832	-98.7361	1
1.91295	103.015	3
55.7599	37.7907	3
34.2081	-118.599	2
40.8454	-124.053	2
19.6527	-101.276	1
44.0388	43.0507	1
-27.4971	153.016	2
38.5617	-121.461	7
30.6607	-96.3532	1
48.5303	2.25007	2
42.4406	-79.3316	2
-29.106	-51.5365	2
1.14206	104.011	1
4.23955	103.192	1
-8.7058	116.267	3
49.2882	-123.073	2
46.2664	-119.199	2
50.5701	3.77594	1
32.1772	-111.104	1
-8.51705	115.256	1
50.7238	-1.90735	1
56.6283	47.8837	1
39.9765	32.6185	1
49.1048	6.19605	1
47.4294	-122.152	1
39.9628	-75.2588	1
-2.92844	104.723	1
31.4233	-100.468	1
23.7725	90.3544	2
-6.78221	39.0853	2
-5.14383	119.426	17
39.8371	-77.1948	1
50.9138	-1.40057	1
50.6148	-104.435	3
26.3356	127.747	1
38.2753	24.508	17
21.0981	-101.601	3
52.8326	-9.43972	1
41.8338	-87.7319	8
-21.8705	-43.3047	1
51.3819	-0.282529	11
47.0881	8.28108	1
40.6762	14.804	1
0.515213	101.416	1
38.8282	-97.6377	1
33.7678	-84.4181	5
45.5583	-73.5277	3
44.9707	-93.2615	3
37.7183	-81.067	1
51.114	-0.738996	1
40.5807	-3.26497	1
41.9834	-87.6587	1
37.7604	-79.991	1
34.0828	-117.908	6
40.0178	-78.5939	1
53.5845	-2.48283	3
19.1624	-96.2105	2
52.4246	-1.89235	1
43.3121	-2.00606	1
50.5977	36.5848	1
-22.7373	-42.0436	1
18.3499	-66.1829	1
36.8404	28.3307	1
-12.8753	-38.5026	1
19.1943	72.8167	2
5.64529	118.124	1
35.5771	-5.34233	4
36.7308	-90.4511	1
44.5472	0.04196	1
-22.3535	-46.9425	1
30.1636	31.6214	1
-6.71672	107.026	1
38.999	-81.9914	4
22.5387	113.912	1
64.5245	39.7407	2
14.7354	120.958	1
46.3601	48.0341	2
13.0061	77.5625	3
41.2315	-80.5567	1
13.1382	123.737	1
51.3458	12.377	2
9.97833	-84.824	2
10.0738	-69.2783	1
52.9262	-88.3422	1
8.93287	7.06676	2
37.7703	-122.436	14
48.8443	-67.1673	1
31.8111	-106.43	3
52.307	104.253	2
40.0691	45.0382	4
-3.3287	114.629	1
32.2285	-110.958	2
42.0396	-72.1288	1
45.639	0.205663	2
2.71563	101.953	8
59.7551	18.6935	1
-6.06237	105.9	1
26.5846	-80.0918	1
34.3985	-119.75	2
-8.65437	116.532	4
49.2042	-0.332246	4
-5.28852	-35.6104	3
44.176	7.59532	1
42.0844	-71.0278	1
53.459	6.62288	1
-5.47237	-35.8787	2
-4.23224	-40.8912	1
38.5437	-77.3141	1
-23.6828	-46.5955	100
38.3553	-0.515521	2
48.1159	-1.68833	4
43.4782	-80.5283	2
18.4304	-69.9907	1
42.9167	-78.8444	1
-23.6717	-46.4477	9
24.5152	54.6674	1
3.35359	101.253	9
33.1632	-117.212	2
38.8193	-77.4321	3
51.56	0.236186	2
-22.7106	-47.7943	17
-6.24007	-36.4424	1
36.4486	-77.0942	3
54.9311	-1.68142	2
57.6949	11.9318	2
47.994	-4.10848	1
-34.1218	18.4889	2
-6.23597	106.988	9
41.5642	-83.4249	1
52.6004	19.1766	1
36.4205	-121.315	4
42.588	12.6653	1
-8.98489	-64.5216	2
44.8638	-0.586176	5
19.1346	73.0027	7
-25.4539	-54.4571	2
-6.56218	106.771	3
45.6628	4.94658	1
34.2746	-119.252	1
41.7918	-71.4466	3
38.6517	-90.5833	1
-5.48345	-36.6503	1
53.7619	-0.331982	2
18.8983	-99.1813	1
43.0311	-76.1121	2
67.4444	32.7364	1
40.9247	-74.2269	2
-33.4537	-70.6315	3
-6.46014	-35.4437	1
40.5423	-80.0815	1
-39.499	176.911	1
52.0261	4.92495	3
41.5907	-3.37252	1
39.3516	-84.3538	1
42.292	-71.782	1
3.89572	103.077	2
-7.01942	-37.2627	1
-5.79931	-35.2216	124
41.7315	12.6617	1
41.0775	28.9782	7
51.581	-3.22885	2
14.5355	-91.5025	1
-7.30713	110.124	2
50.6163	37.3015	1
-12.181	-77.0131	5
0.0	0.0	13
33.5846	-7.68825	2
51.4803	-0.688326	1
49.2247	2.40618	2
45.4414	-122.578	7
5.63	-0.20765	7
32.7443	-97.2365	5
39.4704	-87.357	1
35.9361	-82.1615	1
-0.789275	113.921	1
34.8438	134.624	1
29.9839	30.9983	3
5.36858	100.442	3
-30.0997	-51.1593	6
36.122	-115.331	1
40.7675	-74.2176	3
51.0399	-114.064	7
48.6617	9.00354	6
39.4207	26.8072	23
50.8709	-1.55226	3
43.3395	16.8142	1
52.4675	-7.88881	1
8.94972	-79.5489	3
39.182	-86.5358	3
-26.8815	-52.4157	1
57.3287	53.8645	1
2.29916	102.912	1
18.0096	-76.9338	1
38.4094	-77.3684	1
-19.7661	-47.9514	3
-23.1036	-45.7178	1
32.1613	34.7955	1
53.0017	-1.41611	2
34.2468	-118.446	2
38.2326	-122.033	3
51.9129	-8.19033	1
48.3625	1.33228	1
-6.126	106.654	8
3.94649	113.811	2
35.8001	-78.6045	1
42.7466	-75.77	1
33.5914	-112.125	3
30.596	31.4762	1
64.5713	40.522	3
55.8001	-4.85029	1
-1.13136	-47.6197	1
52.4767	6.05219	2
30.3137	-97.7325	2
-25.3435	-57.5795	2
37.3831	-5.92359	2
34.8028	135.348	2
52.993	-1.16313	6
39.0393	-94.5661	2
53.2791	34.3808	1
-5.64391	-35.4283	1
56.0732	-3.4456	2
38.9209	-80.1777	1
42.7756	-73.6756	2
-21.708	-43.4227	1
34.8333	-82.3691	1
30.521	-97.5624	1
55.7559	37.5483	103
40.2254	-8.45231	1
41.9935	-92.6558	1
6.34711	-75.5674	1
41.1615	-73.5018	2
48.0663	-2.96974	1
50.8007	4.89736	1
-6.48944	-37.4476	1
34.0209	-118.211	20
32.8246	-117.109	1
5.52956	95.2899	1
-20.8756	-54.2616	10
57.2263	-2.77727	1
30.4675	-90.1051	1
18.8352	-95.8132	1
48.5558	-3.15058	1
42.3144	-70.9703	9
48.8474	2.5229	40
32.9916	-96.8616	3
4.88533	114.897	4
36.1042	-83.4754	1
52.8295	1.39684	1
32.261	-107.762	2
39.7031	-104.687	2
22.7306	-102.694	1
-23.6678	-70.4045	1
48.0082	0.217228	1
33.3558	-111.977	3
40.4778	-3.70352	4
38.8754	-104.757	2
-29.2271	-53.6821	3
47.4709	-0.354955	1
-18.7868	-54.929	1
41.5124	-87.6356	3
53.2369	-0.88224	1
30.8769	-84.2018	1
53.5802	-2.65716	1
56.2925	44.0089	2
55.8654	-4.28909	5
18.0121	-76.7702	2
40.3527	-75.0957	1
20.0823	-155.438	1
-22.0668	-42.9237	2
34.0537	-117.69	7
-34.3974	150.877	1
39.983	-82.9772	3
3.30965	101.55	9
29.3188	48.0424	6
47.0781	2.39819	1
0.72241	124.322	1
54.7042	20.472	3
34.7042	135.496	1
4.43242	101.218	3
41.3941	2.1393	9
25.7265	-80.4295	2
51.2162	6.782	1
48.6475	44.3981	8
37.9623	-87.3738	1
42.9276	-76.5414	2
-22.7331	-47.6435	2
51.8426	5.83296	3
33.6245	-80.9266	1
8.17476	98.6335	1
-22.5245	-44.0809	1
39.2866	-75.5971	1
19.5421	-96.8861	2
36.6888	-79.6123	1
2.06667	45.3667	8
41.6765	-81.2581	1
52.5664	-2.16605	7
54.7358	55.9736	4
38.9954	-9.14118	1
43.3243	-88.3804	1
-6.74538	-38.2185	1
59.5473	30.8645	1
5.38827	7.00111	1
30.423	-89.1481	1
34.0203	-6.83744	7
55.613	37.7047	7
54.5363	36.2486	1
-1.06248	-80.4684	1
-23.3921	-46.4538	9
20.941	-89.6236	3
51.1889	58.6101	2
46.8154	0.544683	1
64.8562	-146.276	1
-19.8969	-43.511	1
-8.8108	120.606	1
-8.59663	116.109	1
45.4145	-75.6583	1
39.1363	-84.5404	3
34.1143	-118.336	2
40.8903	-80.843	1
36.5895	36.1566	3
45.6463	9.14248	1
50.5301	2.64403	1
33.4702	-94.0427	1
37.5819	126.887	2
52.2374	6.10948	2
48.4084	-4.49955	1
34.6061	-98.4352	1
40.2222	-74.011	2
49.5571	2.93379	1
3.52685	-76.2945	1
51.609	-3.64578	1
-30.2041	-50.8677	1
53.4424	-2.23348	18
41.817	-72.3703	3
-21.1845	-50.2069	1
37.2332	-80.4107	1
32.4698	130.758	2
52.3834	13.1196	3887
-13.4447	-49.1438	1
40.5724	-74.4136	2
3.47844	101.868	1
34.0837	35.6505	2
-21.6593	-51.0868	1
37.2968	-121.817	3
-23.2816	-51.4158	1
50.5634	4.5225	1
1.5284	110.321	4
-14.8623	-39.353	2
8.4875	4.57432	1
40.1711	-80.2533	1
45.4503	-98.5155	1
37.7516	-85.8976	1
4.76855	100.854	2
51.5599	4.7649	1
24.4941	54.3641	3
55.309	-3.20233	1
2.0454	102.575	5
-1.74911	102.839	1
42.6988	2.9047	1
25.1969	55.2539	4
3.23187	101.386	2
40.4027	-86.8311	1
12.9831	77.7644	1
-22.916	-43.4473	29
43.3838	5.04366	1
51.27	4.50413	2
41.3615	-72.9105	3
40.4891	-3.37636	1
-2.64811	-56.1933	1
54.3197	9.96988	1
49.1994	-122.913	71
49.6344	-1.63346	1
20.3811	-99.9678	1
-18.9857	-47.0712	1
-4.06767	-40.9618	5
29.8297	-95.7121	1
53.1133	48.4677	1
25.6603	-100.352	11
19.1576	-98.4065	1
40.6566	-4.63498	2
29.675	-95.2875	1
-4.91683	-38.9253	1
61.5218	-75.0065	1
57.6508	39.8704	1
52.5715	-1.98817	4
33.6883	-84.2764	3
-5.62487	-37.8661	3
39.8196	-85.8975	1
51.9585	6.28045	2
-22.1856	-46.7859	1
46.5337	-0.7526	1
61.1942	-149.888	2
41.4859	-81.6984	4
35.5328	139.438	7
48.8197	44.6385	1
43.2905	5.43218	3
51.5865	4.99026	3
38.895	1.41264	1
-6.97	110.42	1
49.2551	4.05423	1
-26.1401	28.0042	5
53.7104	91.4656	1
28.1626	-81.6069	2
51.888	-8.50528	1
35.1367	-120.643	1
53.7149	-2.09072	1
35.2235	-90.7904	1
44.201	0.62755	1
45.2769	1.41041	1
39.7299	-75.5295	1
51.1877	-114.436	1
52.5086	5.46587	1
42.29	-75.7696	1
31.497	-91.7248	1
-9.53333	-35.6873	4
42.5236	-83.5121	2
43.5964	5.00978	3
50.8396	-0.815613	1
21.8495	-102.327	1
47.5193	42.1912	1
52.2317	5.16051	7
51.5851	-1.7601	1
38.1021	15.7474	2
45.4827	-122.756	2
24.0965	32.9019	1
42.9422	-87.8696	1
27.3113	-82.418	1
6.65093	3.30425	2
-33.6114	-70.5611	1
34.8562	32.3627	1
-23.513	-51.0998	4
40.6252	-75.366	1
-34.9752	-71.2271	1
-23.789	-45.6247	1
40.2169	28.9948	1
39.0277	-88.5665	1
-22.2268	-54.8361	1
34.9667	-78.7415	1
29.472	-98.5059	9
33.5968	-84.391	1
30.2185	-81.7656	1
56.1308	47.2532	2
-19.9439	-48.3466	1
35.7101	139.482	2
43.1168	-79.3299	1
43.293	-0.36978	1
38.2044	-77.4351	1
54.6851	-1.79769	3
-19.6295	-44.0563	1
6.40412	7.62561	2
26.7099	50.0566	1
39.9549	116.301	1
51.6656	35.6772	1
43.5357	5.43201	1
-14.2393	-53.1848	8
-16.6428	-49.2612	9
57.0392	40.9884	1
56.5222	84.982	2
-21.2134	-47.818	2
1.50756	103.776	24
55.1559	61.3679	3
37.3956	-122.078	8
53.8233	-1.4252	3
-1.71186	113.698	1
23.6254	-102.558	1
-37.7109	145.028	8
39.5185	-104.76	1
58.5905	49.6388	1
-33.8079	151.179	3
38.809	-77.6352	1
31.6125	-106.275	3
36.0523	-89.3746	1
36.6168	-88.3255	1
-27.3525	153.061	1
41.4786	-73.2118	1
0.0378722	-51.0864	7
-4.14567	120.04	1
50.362	3.51425	1
-5.569	-50.0651	2
52.3851	-2.27787	3
48.0235	3.3122	1
22.3129	113.927	3
32.3604	-90.4053	1
10.6118	-61.2668	1
50.4551	37.0692	2
3.61524	98.744	18
52.6533	5.09871	1
13.5549	100.272	1
52.5008	103.845	1
51.2912	13.0955	1
41.0778	1.11463	1
28.6123	-17.9072	1
42.8355	-7.73319	1
-7.14941	-34.882	26
-26.8728	-49.1096	2
41.3022	-72.6879	1
41.7444	-85.9631	1
53.1958	45.0387	4
19.38	-70.512	1
58.5384	31.2644	1
46.5476	0.410826	3
40.8267	29.321	4
37.3819	126.967	1
-15.3973	35.3334	1
20.3296	-97.8959	2
55.6728	12.5521	5
51.5265	45.9785	10
35.9538	-77.8946	2
34.364	-89.5391	1
37.8035	-122.264	2
55.5263	10.2706	1
28.4976	-81.3308	2
7.48039	80.3527	1
43.2335	76.9594	1
43.0519	-89.5012	1
-29.8484	30.9867	1
51.5291	0.438434	5
33.9498	-117.399	2
38.907	27.8101	1
-20.7497	-45.2854	1
39.9529	-120.973	1
38.6356	-90.3772	1
56.3698	36.6859	1
-20.2804	-40.2928	3
35.6107	-83.4253	1
35.7458	139.622	16
44.105	-79.4658	1
48.7479	9.16635	1
-6.44741	-37.0962	1
-7.88293	-36.304	1
32.873	-117.242	1
52.5699	6.53484	1
52.5394	-1.43961	2
5.33275	100.303	7
39.7986	-89.6167	2
-34.1898	-58.9458	1
30.1565	-115.58	1
34.3111	-88.7022	2
51.7734	19.4806	1
13.69	-89.19	13
3.00934	101.789	14
-32.6323	20.9907	1
39.1396	-76.5875	1
32.5878	-96.9458	1
3.01697	-60.6432	1
4.51854	-75.6412	1
-7.66334	110.275	3
-22.6052	-47.3609	3
40.0025	-75.118	10
5.75195	115.944	1
50.5289	2.8929	1
38.7869	-90.5005	1
51.5162	-2.51966	4
38.8355	-9.36059	1
56.0119	37.6593	1
37.9553	-122.343	1
43.1688	-78.7007	1
41.6804	-72.788	5
51.198	5.1166	2
43.5516	-5.92989	1
41.4177	-75.6063	1
54.661	39.7144	1
35.5794	-82.5775	1
55.4359	65.2991	2
35.0833	-82.0227	1
35.7782	-78.8294	2
28.0838	-16.7336	1
47.1265	0.816188	1
49.4323	1.01713	6
8.24602	124.247	1
33.1933	-86.0208	1
53.2558	-2.40211	1
53.2974	-3.06877	1
53.3933	-2.91859	3
35.5874	139.728	12
34.9671	135.773	1
-7.50095	-36.1412	1
35.3673	-80.1917	1
58.2563	11.427	1
42.2427	-83.2904	2
-6.47902	108.157	1
30.0813	-94.1291	1
-7.11704	110.401	4
51.624	-3.95065	1
5.11777	-1.28723	6
34.1088	-117.463	2
41.3138	19.8088	1
40.7045	-73.9133	13
-21.1062	-48.0294	2
-23.8633	-46.2901	7
48.1549	11.5418	1
51.4789	-0.865943	18
48.8588	2.34693	89
-11.0871	-37.9896	1
52.0508	113.401	1
30.0608	140.596	4
33.2191	-96.8721	1
44.9008	-89.5695	1
38.31	-122.713	1
30.0863	31.3478	3
45.552	-73.7359	2
-15.323	-49.1073	1
17.6237	-94.3846	1
53.0157	9.0298	1
53.9436	27.6821	2
42.879	-77.0005	1
50.6125	-3.65302	1
49.0368	2.05758	5
49.3194	2.30021	2
27.166	49.5724	1
-0.587732	111.388	2
9.15522	7.33981	1
-34.5847	-58.4134	2
48.1752	23.2939	1
42.9226	-75.9806	2
66.1135	76.6744	1
52.715	6.49006	1
19.5523	-99.1376	3
43.451	6.79082	2
28.5438	77.2484	2
39.0933	-108.572	1
35.604	-78.6579	8
40.6063	-112.024	1
36.0195	-86.7992	1
41.3251	69.1866	1
4.63197	-74.0655	3
33.4791	-112.251	3
53.0138	18.6013	1
-8.0436	-34.9394	25
22.0414	-102.356	1
50.4268	9.20796	1
38.7981	-121.244	1
-36.7374	-71.0353	18
43.1732	-80.2421	1
-5.57532	-36.9085	7
-2.11591	-79.9043	2
13.7497	100.458	3
48.5606	2.4929	15
-15.4552	-55.8425	2
42.8958	-77.3042	1
1.35387	103.761	51
15.4125	-87.7988	1
41.8096	-87.9911	5
43.9854	-80.7254	1
46.5363	6.57885	2
48.4227	2.15247	2
-6.39189	107.299	4
50.8182	-1.09673	4
45.2712	-122.69	1
54.9715	73.3869	2
32.6225	-115.541	1
14.5621	120.992	14
48.3612	2.81029	2
37.8059	138.84	1
18.819	98.9957	1
2.81524	101.762	4
-22.9195	-43.0731	4
21.5752	39.1444	2
30.4602	-91.1116	1
46.4885	0.195246	1
30.4188	-84.2852	2
35.2532	-94.4725	1
1.00185	116.394	4
53.301	-1.12575	1
-7.2771	112.717	26
38.1985	15.3222	1
31.9548	35.8534	2
48.9915	1.73697	10
54.894	10.3707	1
-1.4497	-48.4948	5
10.3161	123.979	3
31.5614	-110.298	1
39.0795	-76.8577	5
26.371	-80.1286	1
47.2611	39.628	7
43.0624	-83.8275	1
50.8373	4.36828	3
40.8309	-96.7157	1
45.3309	11.7639	1
43.8718	-72.4515	1
-25.0606	-53.398	2
51.5106	5.39844	1
42.3056	-83.0713	2
8.44339	-82.4827	1
47.3919	0.685964	2
40.3269	-80.5882	1
42.4219	9.0665	1
51.4958	4.31	1
25.7875	-80.2093	4
35.6238	-97.4784	1
47.8139	-122.375	1
15.4236	73.9824	1
-22.803	-47.4357	1
27.7	-97.3897	3
35.1705	-79.861	2
42.0553	-87.8168	4
-15.7763	-47.7966	9
-6.05281	-35.1712	2
48.6421	6.09053	2
52.1783	5.40742	5
56.1385	40.4177	1
42.3077	-88.9644	1
49.2909	1.71159	1
31.8779	-116.603	1
-3.9965	-79.1983	1
34.4009	-118.078	1
33.6052	-7.54413	5
3.68248	100.981	1
4.92159	6.30488	1
-1.59089	103.618	2
51.6044	-1.25048	3
15.2082	104.238	1
55.0122	-3.44687	1
60.1595	25.0186	4
52.5422	5.90673	1
-24.0958	-46.8159	1
1.99405	102.866	1
6.13073	102.233	3
41.8005	-88.1675	35
27.6986	-83.8046	7
0.247298	-51.0637	13
39.4789	-79.0433	1
-27.6897	-53.0073	1
39.5291	-87.1251	1
42.0908	-75.9036	1
42.5499	-6.59586	1
49.7863	73.1434	1
41.8984	12.5451	3
21.1499	79.0493	2
35.1718	-2.93515	1
1.47284	103.63	5
50.4182	30.6521	2
41.0487	28.6286	1
19.6494	-71.1074	2
35.1761	138.67	1
42.9874	-81.2979	1
47.3773	8.49837	1
3.07292	101.519	35
33.9295	35.5916	4
-36.7361	-72.9943	1
1.4623	124.832	1
1.63009	103.63	1
33.2869	-87.452	1
48.1775	-122.16	1
52.2328	21.0607	1
-41.4446	147.127	1
47.0148	142.67	2
51.7525	4.1011	1
42.277	-73.9575	1
-21.604	-45.5858	1
-4.09902	-38.4859	1
-10.1862	-48.337	1
34.6952	132.599	1
55.4164	36.118	1
3.69001	98.5093	1
47.1583	-122.522	4
48.6189	2.97564	3
57.9232	59.9781	1
30.3497	-81.6015	1
40.757	-86.8742	1
34.032	-118.496	1
55.6908	13.1985	1
42.824	-1.63372	1
40.5185	-85.6662	1
34.1702	-84.4482	1
31.6327	-8.05061	3
34.705	-81.213	2
2.36369	102.056	3
52.0748	23.7263	1
48.8034	2.17549	8
2.64011	101.749	1
-21.1427	-50.6213	2
-8.08803	-79.0091	1
61.2734	73.4332	10
30.5418	-84.1069	1
56.0229	92.8965	22
-6.70257	-35.1591	1
55.6676	37.2823	3
53.3465	83.7589	5
49.3294	8.43412	2
43.0174	-83.6629	1
39.6646	-121.766	1
-10.2121	-37.4157	1
48.9174	11.408	1
50.8252	-0.145944	3
-4.37334	-38.8222	1
62.0432	129.728	2
36.0426	-115.05	1
41.0335	-81.4912	1
56.8155	60.6136	9
-2.54526	118.03	2
59.9394	30.0922	8
9.8403	-84.3271	1
6.45835	3.34686	9
44.8301	-93.0559	2
-6.89447	107.62	31
50.652	-4.03372	2
41.6136	21.7433	2
50.5011	30.5133	6
47.3321	5.03236	3
-20.785	-49.3592	4
40.8493	-111.886	1
62.0846	129.292	2
34.1857	-77.8922	2
35.4008	139.376	1
39.4175	-81.4497	1
58.5085	8.64446	1
42.1845	-84.5202	1
51.1357	23.4886	1
38.1375	13.3472	1
46.9036	4.4928	1
35.2298	-89.3557	1
36.1866	-86.7851	2
59.0838	17.5272	3
5.83717	102.409	1
-23.4776	-46.735	1
34.1058	-118.063	3
26.3634	43.939	1
35.7697	-119.24	1
-22.7287	-43.3768	2
5.84021	118.069	1
36.7421	-4.41955	1
-2.57242	-59.9803	33
43.5289	11.5896	1
56.9715	24.1287	11
34.7015	-118.103	2
45.5138	-122.414	2
38.8048	-77.237	3
42.8506	-2.69861	3
3.82881	103.217	4
-3.1184	-60.0442	9
-23.3133	-46.7389	1
40.9966	28.8589	1
51.1192	4.57458	1
56.0047	37.839	3
35.925	139.637	1
43.3484	3.2346	1
-7.46189	110.222	1
50.6272	6.85196	1
51.7513	-1.26219	3
30.5198	-97.8426	1
40.1203	0.145442	1
52.7478	5.99845	1
-22.3705	-48.4863	1
-5.97877	-38.727	1
44.574	38.0395	1
51.9005	-0.190586	1
-21.2475	-43.7915	1
34.7304	-86.5861	4
41.9956	-93.6008	1
-33.7631	22.8512	1
-21.9643	-51.3537	1
49.646	4.23562	1
29.9049	-97.9039	1
36.7075	-121.607	2
45.8975	1.29712	2
30.8759	-84.6033	1
53.661	-1.26658	2
21.4155	-158.0	1
36.6047	-119.448	2
19.9361	-97.9592	1
51.4246	5.51629	1
50.4074	36.9101	1
52.9127	-1.04522	1
53.8603	-68.4259	1
52.0447	-9.50201	1
-3.0098	-55.195	1
38.9993	-84.6634	1
-4.1469	-38.1203	1
32.9618	-80.1571	2
37.6582	-121.02	1
0.31225	32.5851	1
49.832	24.0154	1
7.35496	-2.33855	5
-6.81173	110.826	1
-29.7416	-51.1403	4
-8.24179	-35.7536	1
41.9472	-88.769	3
40.5591	-85.2671	1
50.631	3.0472	10
40.3325	9.30463	1
39.6022	-82.9462	1
38.0034	-79.4209	1
51.1635	10.4541	1
-42.9051	147.32	2
30.0058	-95.6471	2
-7.64675	111.535	1
29.513	-98.6559	15
55.0811	36.6037	2
37.2735	-97.416	1
-6.9279	107.781	4
-20.526	-54.5939	1
19.0322	-98.1543	8
61.7464	50.8191	2
52.0455	4.76735	1
33.6159	-117.872	3
-22.8866	-43.6007	1
14.6102	-61.0432	2
36.1397	139.39	1
38.9885	-84.4075	3
42.2195	-8.73333	1
69.3566	88.2106	1
53.9985	-6.39453	1
51.4844	-1.07116	3
32.4091	-96.8178	1
28.1031	-15.46	1
-7.60196	110.428	3
51.7648	-106.049	1
57.1558	-2.20275	1
51.1261	-0.194332	1
45.4533	4.7654	1
-19.8429	-43.1577	1
51.9136	-4.45509	1
49.0605	142.061	1
-2.62921	-44.3026	4
48.5238	2.69875	3
52.3838	4.64301	2
33.1135	-96.672	2
45.6888	-0.859621	2
46.9451	32.0497	1
-26.3749	25.4619	1
-19.6047	-47.9692	4
43.3218	-3.02402	1
35.2035	-80.836	3
46.7788	-71.2684	1
52.8092	-2.10562	1
68.954	33.1359	3
-23.6496	-46.8549	2
41.3962	-82.6575	1
-22.1868	-49.9589	1
-7.94391	112.61	2
-22.3871	-43.1873	1
-22.0619	-42.3393	1
43.0892	-77.4861	1
-22.4408	-68.9141	1
39.7451	-104.99	3
34.1413	-84.0528	1
42.119	15.5017	1
43.7051	-70.308	1
42.8878	-85.7594	3
52.0296	5.097	2
47.2714	5.98536	1
41.6693	-4.77951	1
-19.604	-43.2996	1
17.9912	-94.5341	1
2.28776	102.486	1
47.2248	-1.63039	3
3.14845	101.705	135
-22.8952	-47.0303	5
43.5745	1.33391	6
41.369	-73.5803	1
47.9527	-124.386	1
-27.6534	-51.0923	3
40.8738	-75.7491	1
32.5646	-116.966	1
62.649	30.3449	2
55.7352	38.0159	2
-8.00905	112.747	1
37.0241	138.661	1
46.7649	23.5879	1
47.613	-122.342	6
13.8771	121.153	1
46.1621	-1.17657	1
49.1477	8.28832	1
33.6797	-116.174	1
46.6655	-122.965	1
-4.36223	-40.0741	2
19.3991	-99.0965	14
59.3942	18.6174	6
-30.5529	-53.4955	1
33.8102	-117.923	5
53.8437	-1.85083	2
53.6586	-1.41183	1
53.0137	-2.2051	2
-1.22175	116.858	1
6.01225	116.396	5
40.8568	-73.9761	7
41.1628	-8.60514	1
42.5415	-96.3674	3
2.04811	103.382	36
-6.77694	110.988	1
59.9341	30.3287	43
53.644	55.9553	2
2.874	101.496	2
55.6168	51.8704	2
56.5904	59.9662	1
25.2558	51.5524	1
38.0519	-121.36	1
57.9952	102.765	1
6.67306	-1.55079	1
6.90824	79.9361	1
52.1331	1.41994	2
31.0262	121.432	2
52.4598	-6.58001	1
41.8401	-0.894539	1
35.6686	139.895	7
59.8987	10.6275	1
-25.0343	-47.9877	1
14.7	121.102	5
58.6301	6.083	1
52.5466	13.4056	10
35.5864	-80.8418	1
49.3286	6.12371	2
33.516	-7.85689	1
39.1451	-75.3867	2
2.61937	103.676	1
9.90703	-84.0454	4
48.2264	-3.09153	1
36.6538	-79.4088	3
-33.3579	-70.4994	1
28.3743	-106.247	1
51.2433	-0.54822	1
39.238	-77.2627	1
41.8863	-91.0566	1
-26.8274	-48.7225	1
43.8716	-79.0552	1
-22.6965	-43.5244	1
21.2986	-157.821	6
54.1791	45.1724	1
28.7047	-17.7979	1
48.383	31.1814	77
-5.21541	-42.8028	1
55.0015	82.9557	3
-7.56869	110.823	4
36.2604	-115.085	1
33.6681	-84.7579	1
42.3786	-71.1122	1
47.0732	15.4419	1
16.2586	-92.301	1
41.1815	-80.7857	1
36.6496	138.304	3
-7.27568	-35.9777	13
21.4603	39.8977	1
35.1168	137.554	1
43.1309	-88.0214	2
-25.7758	-48.5577	1
42.2634	-83.6674	2
-1.46455	125.22	1
-18.9847	-49.5254	1
34.419	-117.376	1
-6.49392	-76.3746	1
44.4834	11.3749	1
53.8811	10.7614	1
9.187	12.5004	1
4.58419	101.134	13
35.1737	136.97	5
41.2346	-85.1505	2
40.7308	-73.3252	3
37.7094	140.486	1
34.0927	-114.274	1
33.2365	-8.49246	1
-33.9158	18.4218	2
41.4772	-74.3546	1
43.101	131.926	2
51.6398	-3.00568	1
38.0362	-84.4812	3
35.8312	-86.3654	2
19.4546	-70.6644	1
53.5203	49.4315	1
33.0621	-16.344	1
5.31273	103.153	6
48.4226	0.09195	1
5.70246	100.445	3
30.229	-97.9078	1
52.3548	4.90405	4
53.7172	27.9867	37
46.515	-1.76772	2
-21.2906	-50.3593	1
41.4585	-81.8689	1
-24.2637	-46.9557	1
-23.5134	-46.1415	1
-3.78977	-38.5199	24
-23.1873	-47.756	2
22.3128	114.239	3
-6.27078	-36.0113	2
3.5626	101.54	1
39.3703	-5.877	2
35.2498	-97.4432	1
52.0054	5.89657	1
53.3941	-114.226	1
5.66931	116.364	1
-30.2911	-56.1623	1
39.2847	-76.6205	4
48.7376	7.05268	1
-10.9956	-37.0732	7
52.1682	-0.457106	1
-7.8277	111.992	3
-3.8834	-40.2451	3
38.9637	35.2433	25
29.3334	-98.4393	1
40.7507	-73.5955	1
49.9707	9.15916	1
52.9061	-4.12244	1
-5.18745	-37.3473	18
49.4434	2.0882	2
42.7377	-71.1388	1
51.5337	-0.445606	8
52.8101	-8.43265	1
40.572	-75.5799	1
52.0853	-9.80617	1
48.5472	3.2966	1
55.8888	37.3972	2
-29.969	-71.3328	2
-23.5075	-47.4754	2
16.7419	-93.1397	4
39.7185	140.136	1
-21.7554	-48.172	1
-2.63729	-56.7359	4
-0.919264	100.364	1
47.0232	-103.857	2
42.6682	-73.7856	1
-6.38626	106.828	29
14.3053	-90.7687	1
10.2118	-67.5888	1
-16.9774	-53.5162	1
59.0506	30.0799	1
37.656	-120.329	1
4.35539	100.958	1
-34.0378	151.097	1
52.4118	13.4978	1
29.1909	-94.981	1
50.7782	5.97428	4
-5.83713	-39.7529	1
35.1976	-81.2415	1
29.7775	-95.4162	8
21.1533	-86.8671	1
-7.08721	-36.3705	2
-6.28788	-35.2169	1
18.4608	74.5867	1
-20.595	-47.3472	1
56.0175	61.0313	1
35.4655	-89.9092	1
-23.829	-45.3595	1
44.2151	20.9238	1
32.4262	-81.7842	2
51.0261	-1.24521	1
39.8905	-83.4345	1
35.8112	139.917	2
47.7886	7.31156	1
-6.76609	-35.0177	1
-4.38185	-40.6416	1
33.6921	-118.011	1
33.8811	-84.2503	5
38.8524	-76.8736	6
44.8808	-93.5452	1
34.0745	-84.2816	1
41.8099	-88.4436	2
-27.0529	-52.9701	1
42.3154	43.3569	1
-33.7843	150.766	1
57.1506	65.5568	6
41.698	-86.2415	1
-26.3061	-50.5016	1
47.9394	-97.0195	1
-23.1117	-47.1947	2
29.6707	-98.6423	2
42.6475	-5.53942	1
3.48277	102.327	3
51.9995	4.36409	17
25.8366	-98.3625	1
6.41025	100.133	3
40.5215	-89.0012	1
-0.363503	103.102	2
37.6736	-122.135	3
30.3041	-95.4274	1
41.1182	-83.1857	1
40.2279	-83.3827	1
51.7967	5.02976	1
-5.15527	-44.1652	1
38.7261	-9.21653	4
41.5381	-93.6248	3
43.4709	-1.5561	1
-3.1107	-41.4845	20
58.0225	56.1443	18
50.9281	13.4571	1
-34.9246	138.601	4
37.088	137.958	1
42.2013	-85.5883	4
36.3366	127.461	2
34.2387	35.6693	1
55.0435	-1.43881	1
35.2829	-81.5295	1
43.7159	-79.3283	21
38.2499	-85.6375	2
-2.78878	-56.9094	2
38.9427	-77.0607	9
2.83116	-60.6891	5
34.1934	-82.1692	1
-22.1994	-55.544	1
43.6104	3.87434	2
52.1794	5.90278	2
-8.38696	-39.3089	1
38.6309	-76.9611	3
-15.4599	28.3297	1
52.6401	1.27308	1
41.583	2.00636	2
32.461	-93.8138	1
-7.78094	110.364	15
57.2965	13.5365	1
-22.985	-47.5033	1
42.2705	-88.0035	2
52.6363	-1.13111	3
49.0149	6.93393	1
39.7571	-9.02998	1
-32.0493	-52.1142	5
-23.0614	-45.9175	1
36.36	-95.1217	1
-25.6575	28.2523	4
20.5988	-100.377	2
2.20133	102.248	9
30.6762	-88.1265	1
39.7393	-89.2665	1
36.3596	-94.232	1
35.9089	-79.8108	1
37.8904	-122.058	1
40.0494	-76.3035	1
33.7237	-118.3	1
37.0757	-76.5037	2
46.0641	11.1078	1
56.8546	35.8997	2
6.32752	99.8385	1
31.2059	29.9632	9
41.3851	-82.0195	1
49.898	-97.1492	1
46.5532	7.9064	2
-24.6977	-53.7903	1
51.1252	-114.185	2
36.1095	138.898	1
52.7027	4.79117	2
28.4821	77.0948	2
38.8447	-94.3739	2
1.5065	103.925	2
53.0855	-0.80089	2
-19.0045	-48.3585	5
54.6033	-3.14095	1
47.3079	-122.349	1
7.07255	125.612	3
51.3851	0.55095	1
-30.4164	-53.6701	2
14.7532	-17.4717	6
52.5973	-1.84383	6
40.628	-8.63966	1
35.8112	139.379	1
-3.79555	-39.2648	1
53.1008	6.05944	4
47.5388	-52.7499	1
47.6163	-122.635	2
35.7918	-90.7082	1
54.796	-1.60649	1
39.9575	-74.9161	2
41.1179	-77.6047	1
53.8245	-3.02998	1
40.2261	-76.9351	1
29.7646	-81.2518	1
41.3031	-8.57058	1
15.4854	120.591	1
20.6899	-103.425	4
52.6231	-1.68424	2
54.5463	-1.21134	2
32.9078	-96.606	2
53.4039	-1.5631	1
18.9253	-96.937	1
-6.464	-35.2331	3
-18.1074	178.486	1
-8.69032	115.236	12
44.018	10.4405	1
59.3336	17.98	2
53.1419	0.345614	1
