Latitude 	 Longitude 	 Weight
51.0047	-3.14971	1
-1.29034	36.8852	7
37.2376	-6.9188	1
-19.9187	-43.9598	102
43.9291	2.13251	1
47.6093	-122.154	3
-26.0484	-53.0509	1
-21.21	-48.2936	1
52.9908	6.25643	3
52.5126	13.2741	1
43.1496	3.03367	1
16.959	-99.7356	1
38.8976	-91.6	1
59.9892	30.1772	3
59.7683	28.7575	1
39.8439	-75.3748	1
48.8663	2.8105	14
52.1674	-2.40599	1
52.4009	-1.51423	2
47.0628	-1.25071	1
46.603	7.10056	1
50.1212	8.63661	2
38.502	-117.023	1
47.4906	-0.502176	5
36.104	-80.2453	1
49.008	2.40358	11
42.3515	-71.2044	2
3.45867	101.656	1
-26.4195	-51.8397	2
51.9187	19.1348	2
14.4241	120.873	3
22.2703	-97.9168	1
-20.6364	-44.2754	1
39.9602	-75.6056	1
52.7427	5.23969	2
50.5667	137.044	1
-29.6674	30.3235	1
30.5215	-87.0126	1
9.01553	-79.4981	1
40.6259	-74.1602	8
43.5823	-84.7781	1
39.1517	-76.6274	2
0.567826	123.067	2
52.6003	39.6002	4
34.7883	-81.1835	1
35.6435	-81.2259	1
-23.6839	-46.9469	13
-6.90558	107.626	54
48.9945	7.95277	2
53.0195	-2.15902	1
47.2493	-122.457	3
37.8223	-85.7682	1
-7.87435	110.423	31
13.1507	123.723	1
-7.31748	110.194	1
40.3379	-76.4214	1
26.3387	127.761	1
60.9792	25.6889	4
38.3679	-81.6503	1
46.0443	4.08051	1
52.5136	5.68839	3
-28.739	-49.3605	1
-6.19922	107.108	11
45.5475	5.98973	4
50.9576	6.96747	1
-37.068	-12.3113	1
56.8544	35.8997	3
-20.0806	-44.5819	1
-3.83184	-49.6803	1
50.424	4.87044	1
-23.2182	-46.8761	2
47.7334	-122.295	1
-20.3359	-48.3961	1
53.1302	18.0379	3
30.4386	-84.2256	3
43.4252	6.7959	3
2.26125	102.244	18
34.1682	-111.931	1
51.6752	-4.71038	1
31.0539	-97.6837	1
-7.03353	-37.3471	1
33.8745	-118.213	16
44.0358	42.8779	2
-19.6263	-43.8892	1
11.15	7.66914	1
56.6102	24.2008	2
49.2884	-123.073	3
38.5343	-76.9205	1
39.9945	32.8276	2
-26.4233	-49.1569	2
45.3914	11.7935	1
49.904	19.002	1
31.9857	-86.5577	1
41.4104	-75.6605	2
-5.90692	-36.7753	1
53.2745	6.37179	1
-19.9225	-50.4065	1
-23.6604	-47.5864	2
-23.5638	-46.3761	9
54.1143	12.0646	1
60.3592	5.42346	1
64.8675	-147.755	1
43.3731	-0.425222	1
-6.70711	111.355	3
59.2664	9.50313	1
40.5487	17.2498	1
34.7233	-92.3379	1
-5.42423	105.251	8
53.3215	50.0679	2
-23.2969	-45.9737	4
-29.6877	-49.9908	1
-33.8057	151.118	1
-5.62487	-37.8661	1
40.6953	-73.8369	3
43.0352	-76.1391	2
-27.8411	-54.5215	1
-22.8614	-43.2565	7
-6.21093	106.963	14
49.9523	-97.2056	1
43.2368	26.5548	1
-16.6428	-49.2612	13
31.8604	-106.593	2
31.9105	-106.425	2
33.539	-7.64663	5
53.6799	9.37268	1
14.0627	-87.1859	1
39.9596	-82.8626	1
10.1561	-61.6826	1
53.6424	-1.7902	2
38.7507	-104.744	3
18.8567	-97.1128	1
-23.4727	-47.7291	3
-22.1761	-47.3406	4
45.7578	4.8351	17
29.3304	-98.499	9
2.33176	102.088	1
52.5379	5.34582	1
-24.2057	-51.7481	1
34.7014	-86.6686	1
25.559	-97.5474	1
37.6746	-122.1	9
-8.11343	112.626	4
19.6868	-99.225	1
-31.5614	-52.3342	4
57.5623	18.3164	1
40.7908	-8.56665	1
-4.13002	120.031	3
48.453	-4.51717	1
43.4896	-1.51974	1
37.2165	-95.6964	1
48.4561	135.099	2
46.1423	7.11983	1
1.40072	103.873	87
37.2886	-5.79664	1
55.3589	86.0515	2
48.7143	1.35211	1
34.0209	-118.211	60
-26.8728	-49.1096	1
40.1207	-82.9265	3
33.5839	130.386	1
2.81808	101.874	18
41.7107	-88.2444	4
18.2621	-66.8486	1
40.9238	29.1379	3
45.7469	4.68005	1
51.585	5.06361	6
33.9481	-84.5422	1
40.4314	-79.9806	4
-24.2228	-46.8715	2
51.6835	5.51171	4
-0.886868	131.29	1
43.968	-124.104	1
42.3246	-85.2425	1
44.7212	37.7511	1
-3.27624	-60.1829	1
5.95963	116.086	9
37.0441	-120.843	1
32.6782	-83.1783	3
-20.7003	-47.8954	1
36.7325	-108.206	1
-5.36343	-49.1269	1
38.0196	-1.22078	1
26.8518	75.7959	1
3.80072	113.755	3
41.7294	-85.4274	1
-1.27293	-48.4598	26
39.2582	-84.6398	1
33.7839	-117.184	1
45.5353	10.2238	9
30.2441	-81.5898	1
62.9379	27.6544	1
52.5855	-1.98228	4
26.1237	-81.7351	2
37.2692	-119.307	11
39.7309	-81.5156	1
32.8207	-96.7315	4
42.6456	-71.3069	1
-22.1868	-49.9589	2
-23.5436	-46.6699	8
32.5762	-86.6807	1
52.9483	4.77601	4
28.3578	-81.5587	4
41.5829	2.0064	2
-33.4575	-70.6607	13
51.3713	5.13795	2
45.1088	-93.3403	2
55.8212	-3.10763	1
37.5751	-109.479	1
53.207	6.69752	9
35.3369	-115.962	1
-9.65491	-36.6949	1
45.3976	8.92127	2
33.5759	-84.4221	1
56.0854	12.2781	2
43.0255	-102.558	1
-21.8793	-47.9053	2
19.2708	-99.6499	5
-4.85213	104.924	2
37.3736	-6.07176	1
44.5298	10.8275	1
51.3996	16.1939	2
23.9833	38.1947	1
-33.9284	18.8334	2
-7.65408	111.35	2
39.9347	-91.3754	1
28.6546	77.4477	5
56.2847	43.851	16
60.332	11.2177	1
41.6808	15.2954	3
51.5207	-0.142822	205
32.8616	-80.0245	2
41.0775	-123.684	3
1.26177	101.215	1
44.8294	37.6465	3
49.9411	7.39768	1
-7.42271	109.251	3
41.2689	-8.28691	1
-20.3371	-43.3298	1
51.761	-1.60118	1
40.7419	-84.1162	1
-25.4951	-49.2884	37
32.5951	-96.188	1
-5.15824	119.456	33
32.0901	-96.4535	1
3.70108	103.047	1
4.92765	100.726	3
38.2771	-121.456	2
-3.86147	122.047	1
39.1613	-77.1989	2
39.3225	-76.6861	2
51.0675	16.1844	3
-38.011	-57.5383	1
48.6772	2.50266	25
23.4681	-106.272	1
1.86117	104.63	4
-29.7416	-51.1405	3
-23.9783	-46.1995	1
55.6662	13.3586	1
50.1108	18.55	1
13.1685	-61.2178	1
38.967	-76.8477	14
53.028	-59.4352	1
-21.244	55.5417	2
46.7499	17.2419	1
44.0358	-78.8645	1
48.7021	2.3361	49
43.8932	-0.500742	1
52.5492	103.881	1
43.8998	10.7498	2
50.871	15.7372	2
40.988	28.7097	1
43.3414	-1.82002	2
40.826	29.3061	1
38.5617	-121.461	3
18.2737	-78.3407	1
-25.5297	-48.5088	3
41.773	-72.5488	3
18.9218	-99.2198	1
36.2958	-107.759	1
28.037	-82.3578	1
-12.3488	-46.5503	1
51.0183	2.34338	2
34.5378	-117.219	1
24.7623	46.6979	2
36.7957	-76.0126	1
-29.5937	-50.9027	1
50.0337	21.9887	2
43.9407	4.83351	1
3.39627	102.008	1
51.3563	-2.49323	2
53.5011	-1.33537	1
42.3113	-83.3695	1
34.2201	-118.533	4
5.39716	100.315	34
38.9703	-76.5265	2
50.6887	3.18426	4
39.3917	2.76997	3
36.5892	36.1564	2
41.8056	-72.2508	1
52.1311	4.68895	2
53.1624	5.44299	2
-26.4493	-49.6013	1
38.9853	-3.92081	1
34.5406	-117.361	1
50.8692	-1.86454	1
-6.92641	106.923	1
38.2024	-85.7278	3
45.6468	0.188725	1
-21.1877	-45.4387	1
-20.9047	-47.0194	1
13.6311	123.197	2
37.6354	126.839	1
-7.40621	111.443	3
53.4301	14.6255	9
32.7995	-97.2914	2
9.89697	-84.0617	1
46.1743	6.12602	4
45.0728	7.67575	2
43.2302	76.9187	1
39.2037	-0.431492	2
41.8685	-72.8176	1
19.5806	-99.0584	3
48.4269	7.66067	2
46.523	0.290014	1
40.073	-74.7243	3
42.23	-8.73202	1
-21.8205	-46.5447	1
47.6576	-2.74816	1
49.9655	8.24295	1
35.7281	140.122	1
-7.32576	108.346	1
53.6619	-2.66952	1
-22.0585	-46.575	1
49.1846	6.81903	1
-0.041502	-51.173	3
48.4072	2.81033	1
37.7094	-97.344	4
61.5218	0.00022	1
39.708	-105.074	1
-0.940623	119.91	2
39.6788	-75.7562	1
-22.2332	-43.888	1
33.2279	-86.8356	1
2.39449	111.874	1
-8.98489	-64.5216	1
49.4884	8.45833	1
33.8108	35.8307	1
50.2133	19.007	1
43.23	27.8827	1
51.2216	22.5635	1
-24.4956	-47.8548	2
40.097	-75.162	2
-2.17637	113.873	1
22.3174	114.157	1
36.1025	-110.218	1
19.6527	-101.276	1
45.8801	4.12964	1
-22.7575	-43.368	3
37.9535	-122.203	1
8.5273	124.756	1
35.4168	136.327	2
40.9299	14.358	1
50.7782	5.97428	4
50.522	30.2468	1
4.23955	103.192	1
35.1295	-90.0268	1
40.0365	-83.1471	1
42.3457	-88.0238	1
35.1074	-80.6214	3
-15.3232	-49.1073	1
52.2316	5.16057	3
50.5396	18.7283	1
38.6364	-77.2584	4
42.3527	-83.0992	6
39.6747	27.9299	1
-1.75216	112.635	1
49.1048	6.19605	4
-6.59105	106.763	10
45.6913	9.91797	1
14.8601	120.806	1
4.20049	100.697	2
38.2753	24.508	13
52.9665	-1.30534	1
48.9705	5.96048	1
-26.9671	-48.7712	1
-16.4701	-54.652	1
40.771	-74.3514	1
-7.02066	110.388	15
-29.0087	-54.012	1
-27.1211	-48.9046	1
44.7816	10.3292	1
41.8338	-87.7319	14
47.0881	8.28108	1
40.6762	14.804	1
-5.13115	105.3	1
40.3666	-78.885	1
50.786	16.2979	3
51.9039	-9.03369	1
43.4415	6.63616	1
-22.5842	17.0832	1
-22.5151	-44.1033	1
-22.8833	-42.0247	3
-22.3069	-42.4674	2
41.4988	-81.7058	4
54.0237	9.37541	1
44.7915	-122.679	1
37.2461	-8.19459	1
53.7619	-1.50772	1
-12.8753	-38.5026	27
54.7042	20.472	9
51.6656	35.6772	2
53.2639	5.77357	1
34.7015	-118.103	4
15.494	120.965	1
-21.5453	-42.6604	1
43.1619	-86.2632	1
46.1958	20.0014	1
42.8355	-7.73319	1
60.3639	5.00878	1
18.5342	-69.8993	4
39.7666	-86.4413	3
45.2482	-75.8001	2
48.8387	7.82161	1
37.3271	-121.023	1
-23.3921	-46.4539	24
-19.5537	-42.6053	1
6.17065	102.318	3
38.3836	-0.758326	1
39.9568	0.263752	1
40.0691	45.0382	17
33.8989	35.4869	5
52.5068	13.4246	7
-27.586	-53.9907	1
45.803	-0.774403	2
51.2355	5.67891	2
3.63298	114.533	1
20.6088	-103.145	1
34.3985	-119.75	2
24.9517	67.0464	1
30.243	-93.1512	2
43.2904	5.56359	1
48.0451	39.6519	1
54.5986	-1.08021	1
42.3724	-87.8403	6
34.7417	137.724	1
19.1133	-70.6353	2
35.3941	-80.6124	1
53.9437	30.3546	1
-32.2122	-52.378	4
42.0052	-91.6643	1
40.3889	-79.8328	2
29.6931	-95.6552	2
-23.6828	-46.5955	212
48.9879	2.22344	19
1.08719	103.955	6
-9.03524	-40.589	1
51.5241	-0.428789	2
14.8346	120.283	1
-7.3903	108.191	5
1.34831	103.699	21
3.87115	11.4465	1
43.3997	10.8917	1
3.35359	101.253	9
30.0064	-95.6429	3
0.830694	104.072	1
-22.7106	-47.7943	5
10.4663	-66.9796	2
46.9661	-122.35	2
-34.1218	18.4889	2
61.211	-149.904	1
52.6004	19.1766	1
43.2607	-79.9135	1
3.82881	103.217	10
20.1056	-98.7758	2
48.4436	2.1831	3
51.3102	4.49962	4
52.4472	5.21763	5
48.9503	2.92521	1
-7.2593	-37.241	1
21.2887	-157.778	4
37.6999	-121.905	1
49.2283	7.26728	1
-22.1609	-54.8613	5
49.5426	0.192495	2
42.6429	-6.407	1
68.5662	14.9063	1
14.5258	121.159	1
55.9739	-3.18038	1
41.6695	-81.3356	1
59.9724	10.7215	12
44.4466	9.07334	1
34.9407	-78.2998	1
67.4444	32.7364	2
32.5583	-85.1222	1
38.0791	-0.668299	1
36.8687	-2.37369	1
54.5036	18.4637	3
3.89572	103.077	3
41.585	9.26626	7
24.4665	54.3782	3
35.5864	-119.354	1
54.0281	19.1075	1
10.3421	-84.4342	1
-22.082	-48.7461	2
34.953	-120.436	1
45.011	-0.608399	1
50.6163	37.3015	1
0.0	0.0	23
27.2109	-81.8478	1
51.8411	4.97677	3
37.5054	14.8045	7
48.6416	4.97282	1
38.5395	-75.6435	1
52.7528	6.71888	3
52.0126	47.7928	1
41.6266	-72.8995	1
56.6282	47.8837	4
50.2478	3.92045	1
52.3995	16.9063	3
51.7536	-1.22448	1
39.2204	9.09584	1
39.9341	-104.846	2
50.3795	3.06974	1
41.7155	12.6501	1
47.9424	21.7009	1
-0.789275	113.921	3
39.2527	-84.7921	1
51.7821	5.14428	1
1.53618	124.912	9
1.64526	103.594	5
49.4412	1.0912	4
41.225	-96.213	1
59.3179	18.0299	6
-8.58183	116.107	2
21.0487	-87.0318	1
35.7013	139.417	1
46.3744	6.47794	1
50.8612	5.57287	1
39.9266	-105.165	1
32.4532	-85.0233	1
46.4595	6.90995	1
19.301	-99.1454	25
40.5558	-74.2874	2
49.0207	6.76573	1
53.3595	6.51298	1
2.29916	102.912	2
34.1755	-97.1512	1
39.2898	-80.373	1
42.9501	-81.3672	2
30.605	-89.616	1
51.8884	-8.50588	3
-20.0584	-44.1228	1
-23.5298	-46.5145	4
50.8452	-0.130547	1
41.9413	2.63805	1
14.717	121.061	4
-22.4454	-48.1643	1
3.94649	113.811	1
48.3251	14.1091	1
42.7466	-75.77	10
41.3292	-74.3538	3
54.661	39.7144	1
36.544	32.0153	2
33.5914	-112.125	2
36.6866	-121.641	1
0.784796	127.385	2
41.0274	-73.77	1
37.023	-76.2925	1
47.6396	6.86357	1
37.3831	-5.92359	2
36.3682	138.195	1
51.0954	4.41499	3
42.0677	12.6213	1
47.9096	1.90254	2
51.9717	5.32219	1
57.6811	11.734	2
-22.9195	-43.073	8
-25.5982	-53.1241	1
21.5435	39.173	12
-21.708	-43.4227	3
48.9378	2.53099	15
-9.53333	-35.6871	9
43.175	3.18566	2
55.7559	37.5483	39
43.7725	-79.2602	2
28.5635	-81.1985	1
40.2254	-8.45231	10
-6.7254	107.048	1
50.7693	0.285448	2
-12.0623	-77.0604	3
52.8706	6.54419	3
35.0831	-85.2504	2
29.588	-98.3163	2
45.0929	39.042	1
39.5514	-110.408	1
-20.8756	-54.2616	3
51.5292	0.438462	2
-18.578	-45.4518	1
35.109	33.4182	1
-20.8916	-42.0589	5
-23.4458	-51.4481	1
14.213	120.962	1
53.7815	-2.47603	1
39.7643	-104.855	2
3.32102	99.1631	1
48.0892	20.6757	2
5.6634	100.48	4
0.466329	101.39	4
45.4902	4.83635	1
-23.9555	-46.5075	7
-7.53496	109.14	1
39.7989	-89.6166	1
40.4778	-3.70352	11
57.4605	10.4155	1
38.757	-76.883	1
-18.7868	-54.929	1
35.0826	-106.678	3
35.2728	136.218	1
41.4494	-82.6768	1
46.2309	7.3073	1
13.878	-88.6261	2
31.1689	-100.077	7
38.7409	-90.1261	1
-27.6099	-48.4789	1
5.64255	102.508	1
34.1103	-117.366	13
-1.15746	-50.5734	4
-7.46064	-35.1597	1
3.30965	101.55	17
47.0781	2.39819	1
51.2606	4.35816	2
41.2739	-80.1632	1
-22.7248	-47.6052	1
12.8881	77.5919	2
47.3734	-122.198	3
53.7532	-0.37407	1
45.144	5.71495	2
4.43242	101.218	2
41.3941	2.1393	6
-9.08344	-72.6192	1
0.177371	-51.3389	1
51.5051	4.2956	6
49.3858	0.56681	1
5.00283	118.358	1
42.4846	-96.4168	1
13.0897	-59.6106	3
-3.08433	-60.0263	10
-20.5973	-40.5401	1
5.98353	100.865	1
48.6475	44.3981	5
53.1673	-2.36386	3
30.423	-89.1481	1
53.8461	14.3126	1
51.8426	5.83296	3
38.6951	0.0177148	1
33.6245	-80.9266	1
34.0922	-117.589	2
51.1228	15.9208	1
-19.1468	-44.9291	1
29.4765	-98.5165	10
19.5421	-96.8861	1
2.06667	45.3667	7
34.9671	135.773	4
-23.861	-49.1252	1
3.06915	101.41	21
1.74213	98.7768	1
-23.8107	-47.1875	1
40.5734	-3.92637	1
34.0203	-6.83744	4
40.3413	-76.927	1
48.3346	7.32573	1
-23.0756	-47.3702	1
52.0056	5.61743	5
-6.30112	106.735	26
27.987	-80.6491	2
52.2338	4.78758	1
51.1889	58.6101	3
39.6224	-104.923	3
5.55822	95.3478	5
-12.1232	-38.4065	1
-12.5519	131.067	1
3.58201	98.7003	34
43.1156	-93.1405	1
44.2144	4.72315	2
50.5301	2.64403	1
52.2374	6.10948	4
-42.4915	-73.7704	1
-21.5508	-45.4419	1
52.1587	4.49885	12
35.8469	139.799	1
-30.2041	-50.8677	1
53.4424	-2.23348	5
34.8023	-118.876	1
50.4023	30.6407	1
50.9122	22.1435	2
33.6806	-117.928	2
-23.4057	-51.9683	1
43.6763	4.62249	1
53.2789	36.5668	1
51.4665	-3.20636	2
5.43525	100.542	7
-22.9976	-50.0858	1
37.2968	-121.817	3
5.12257	100.481	1
34.5245	135.462	2
-14.8623	-39.353	1
31.2955	-89.3204	1
49.7033	8.31384	1
1.73502	103.887	12
40.8123	-74.1922	3
49.5427	5.68384	1
34.0472	-117.913	4
40.0962	-122.643	1
-39.7363	-73.1404	1
43.101	131.926	8
32.7667	-96.5968	1
2.61213	101.872	2
-4.83533	-38.1518	3
28.6842	77.2005	1
48.1549	11.5418	2
45.3176	5.43692	2
-1.74911	102.839	3
-34.9021	138.619	3
53.2204	-0.558267	1
37.6324	-0.7204	1
3.23187	101.386	11
6.03112	101.984	2
-22.916	-43.4473	79
60.1517	24.6493	1
-12.6956	-55.9291	1
55.7181	37.7793	2
2.79089	102.223	1
-35.5749	-71.7026	1
38.9202	-80.1817	1
34.191	-118.389	3
-7.90639	110.257	1
37.7587	-122.235	3
7.82441	123.429	1
46.6457	4.35673	1
5.04739	-75.5076	1
-20.7065	-48.958	1
4.64713	101.203	24
61.5218	-75.0065	3
48.383	31.1814	35
50.3773	30.1852	1
58.3698	26.7738	2
45.4363	4.31622	2
4.46702	103.442	2
-1.09147	37.0281	1
29.8239	-95.4621	3
50.631	3.0472	14
39.8441	-86.1315	6
21.4318	-157.747	6
32.8629	-96.9614	3
-11.715	-40.1504	1
1.9887	103.252	2
19.8534	-98.9643	1
23.6914	-166.6	2
-20.4752	-55.8008	2
52.0373	4.32435	32
43.5831	-79.776	2
48.4079	7.45154	2
13.7767	121.065	1
47.2336	-82.0781	1
47.6778	-116.799	1
25.5016	-108.523	1
26.1093	-98.1906	1
33.2641	-85.833	1
20.6767	-103.337	2
-27.0078	-48.6232	1
3.09604	98.4934	1
36.7967	-4.68937	5
34.7535	139.365	1
-6.28588	107.363	6
53.1133	48.4677	1
-26.7889	-50.9988	8
40.3355	-98.4886	1
44.9709	-93.2615	1
4.94881	114.965	3
51.6177	-0.278223	2
39.1502	-0.268091	3
32.4653	-111.208	1
41.1621	-8.62191	1
35.9272	-86.8342	1
13.7363	100.508	1
50.039	18.689	1
51.3551	-0.0803756	13
33.6885	-117.318	1
47.1895	-122.268	1
52.9499	7.11599	1
-7.07575	107.578	1
6.69715	-1.53642	3
-27.7171	-54.2664	1
33.2399	-117.333	1
40.18	-80.2392	1
56.275	43.5173	1
49.4952	-2.52362	1
26.1855	-97.676	3
49.6182	0.768295	1
-22.2387	-49.1125	5
-9.99076	-67.4265	1
53.871	-6.39564	2
6.62694	3.36398	1
39.4733	-82.7392	7
51.5898	4.51977	4
18.1968	120.588	2
36.1898	-115.224	4
1.88917	103.401	1
57.0085	40.9942	2
-14.2393	-53.1848	14
51.0164	-3.81171	1
54.9274	23.9492	2
41.5813	-93.6088	2
56.5222	84.982	3
42.081	-76.8018	1
49.56	2.35206	2
-21.2134	-47.818	9
38.6576	-120.998	1
55.1559	61.3679	3
-22.7241	-47.2901	9
51.4659	5.70574	5
42.8657	-94.9738	1
53.4351	-6.17633	5
29.6315	-95.2399	9
1.5823	103.739	29
-1.71186	113.698	3
23.6254	-102.558	1
32.8028	-117.226	8
59.4488	5.17804	2
47.3528	20.8738	1
43.5812	-83.8835	3
54.6286	-1.65134	2
58.5905	49.6388	1
47.4757	-122.095	1
32.4152	-104.232	1
56.0451	92.9436	5
25.81	-80.1401	19
52.0618	-2.69672	1
56.7685	24.9914	1
-18.605	-48.2585	1
19.4685	-98.7874	1
15.1032	-90.6247	1
25.7742	-80.348	1
5.32964	103.141	10
48.6829	2.18475	7
52.8471	-2.29813	1
51.7452	4.18774	1
52.1269	1.40069	1
-5.63692	105.54	1
33.9473	-117.729	2
50.3148	18.7951	1
-2.42837	106.432	1
60.3172	24.9711	1
13.5549	100.272	1
18.4266	-69.9941	1
-8.3586	115.551	1
32.3111	-90.1888	1
59.9436	29.3018	1
-7.14941	-34.882	14
22.3111	-100.956	2
48.7734	2.07451	9
52.6155	1.72765	1
58.5534	31.2773	1
30.3982	-86.4565	1
51.6661	-0.0829017	1
-15.8219	-47.9858	4
-7.45545	112.667	5
26.0968	-80.1398	1
30.4492	-91.1614	2
4.24696	117.885	1
48.5161	2.6364	6
54.2304	-2.77296	1
21.1731	-86.8636	2
42.7319	-71.1858	1
49.3218	6.10224	3
41.9535	-80.5685	1
51.5083	5.98973	2
29.8755	-90.1221	2
-6.74538	-38.2186	1
46.6326	142.784	1
48.1953	6.46675	1
12.5855	-7.95843	1
39.9586	-75.9209	2
-26.1276	28.1601	1
1.39861	110.752	1
44.4566	1.43854	1
-4.40388	-39.4102	1
50.0463	20.0057	8
41.8578	-71.4565	5
-20.2804	-40.2928	14
43.6008	1.4329	5
52.3547	4.90405	12
51.8333	5.59656	1
43.3286	3.24057	2
-26.0573	27.945	2
2.12576	102.471	1
29.4981	-98.6828	3
28.1643	-82.492	1
-21.9696	-44.9342	1
55.4868	9.27664	2
44.8061	-0.591853	4
34.7519	-92.1312	1
17.6347	-97.7069	1
41.7959	20.9138	1
50.8286	4.29197	6
33.7699	-116.433	2
42.0126	-93.6852	1
50.5289	2.8929	12
33.8252	-117.512	1
45.9275	4.73202	1
51.1218	3.22606	1
53.8368	22.9783	1
-30.0997	-51.1593	44
56.1656	40.4562	3
31.2077	29.9628	2
3.57016	103.375	1
55.4359	65.2991	1
39.7031	-104.687	1
33.7263	-84.1278	1
54.3609	18.6908	3
48.0425	-3.51083	1
35.8374	-78.0947	1
-6.43778	105.939	1
16.1803	-95.1945	1
53.3933	-2.91859	4
-6.47105	-37.4908	1
38.2442	-78.1078	1
45.5346	-59.3287	1
-24.5609	25.9881	1
32.5298	-96.8212	1
52.2838	4.57297	4
3.42003	101.438	2
46.1434	-122.9	1
-23.8633	-46.2901	14
-27.6569	153.038	4
51.5599	4.7649	13
3.94543	109.455	2
48.8588	2.34693	107
-29.7528	-53.8242	2
52.0508	113.401	1
60.9446	76.565	2
56.6442	23.7117	1
42.5493	-82.9111	1
-15.821	35.0252	1
55.5395	37.5801	1
45.552	-73.7359	11
-20.0211	-46.3742	3
-0.587732	111.388	6
-29.7881	-55.7918	1
8.45928	124.616	7
29.6319	-95.4768	2
5.86133	118.037	1
1.92284	102.846	2
32.0637	-81.111	2
13.7485	-88.8701	1
37.0284	15.0546	1
62.1285	25.6666	1
39.0087	-77.0178	7
53.009	6.01909	1
25.0624	110.299	1
48.2491	7.52806	1
4.74871	103.411	1
-8.0436	-34.9394	24
-28.4795	24.6701	1
56.4696	-2.96646	1
-36.7374	-71.0353	36
-21.1302	-48.955	1
-5.40065	-47.5474	8
24.4717	39.6065	1
52.3955	-1.97732	3
-15.4552	-55.8425	11
51.5541	0.127886	1
53.5225	-7.30909	1
-1.16096	116.877	6
50.3881	-4.11457	26
28.2478	-17.14	1
37.7606	-120.86	1
52.5622	5.93985	5
30.2036	-85.6033	1
49.2808	2.47752	1
-8.63027	115.185	22
37.7084	-122.401	10
52.264	6.78106	4
60.5169	15.3937	1
24.5832	80.8451	1
50.8831	-114.078	1
32.7138	-117.03	3
-19.7833	-40.1376	2
41.2074	-73.1263	2
14.6569	-90.4507	3
32.6148	-85.4747	1
-27.0414	-49.7131	1
1.00185	116.394	4
-7.2771	112.717	51
-11.0019	-37.1007	12
52.3713	6.91562	1
51.383	-0.654443	1
6.91555	107.625	1
35.6672	-97.4073	2
44.0139	8.16586	1
33.4115	-86.7045	1
30.9373	-91.4009	3
49.282	-0.108102	1
33.9203	-84.3816	1
11.9963	-69.8348	1
38.0628	-85.6786	1
47.2611	39.628	2
52.8597	-3.05625	1
52.1134	4.89851	3
45.7733	15.9701	1
36.791	-119.796	1
37.3965	-122.022	2
-23.47	-47.4366	25
27.6882	-97.3655	13
45.8586	1.23198	2
-22.2336	-47.0166	2
1.04915	104.489	1
46.1144	13.12	2
51.3308	5.97766	3
33.7219	-116.245	3
4.39977	115.232	1
31.4973	-97.1474	1
3.14845	101.705	411
-15.5585	-56.2538	1
37.1804	-3.59799	7
-22.803	-47.4357	1
51.2175	6.86391	1
35.1705	-79.861	1
-15.7763	-47.7966	24
16.2559	-61.5273	1
-6.35704	106.967	26
42.0876	-71.4073	2
52.6781	4.84276	5
44.6113	-117.485	1
30.0351	31.2144	7
48.5693	7.76155	9
46.0623	6.57731	1
40.3041	29.0619	2
51.5265	45.9785	1
55.6596	12.1203	2
15.2082	104.238	1
-37.8126	144.966	5
35.5095	-108.84	1
-28.0773	153.429	1
29.2781	47.9961	4
-6.16896	106.827	195
27.6986	-83.8046	1
55.8141	55.3456	1
0.247298	-51.0637	39
41.8657	-88.0394	3
-20.0545	-43.4527	3
47.669	11.1782	1
-22.2973	-42.8797	1
41.8984	12.5451	11
42.3071	-1.98076	2
35.4035	139.217	1
32.1163	-111.124	1
-14.1813	33.7777	1
50.9284	4.42399	4
36.0367	-114.97	3
45.6883	1.62067	1
7.49619	4.52092	1
19.8932	-99.3574	2
25.0432	-77.3158	1
40.4985	-74.4849	1
52.2328	21.0607	20
-23.6351	-48.1082	3
2.95839	101.85	2
34.2018	-82.1707	1
20.1857	-100.142	1
-10.1862	-48.337	1
35.1378	136.855	3
46.3873	-87.4063	1
35.0393	-107.485	1
58.0225	56.1443	4
-20.0904	-41.1119	1
36.1907	-85.8525	1
35.6691	139.68	6
57.9232	59.9781	1
50.807	23.8904	2
-6.514	106.884	17
52.0842	5.08277	10
34.1881	-119.21	1
51.8235	-2.2609	2
46.5718	-123.297	1
53.6499	-6.80205	1
40.7648	-111.935	3
43.6293	-79.2725	17
38.6745	-121.149	1
54.777	49.9181	1
46.6987	6.92645	1
61.2734	73.4332	5
-20.5252	-45.5419	1
31.7939	-81.6087	3
2.9313	101.697	20
38.5795	-90.5124	1
-22.442	-44.5232	1
40.3598	-4.3916	2
-6.28158	106.117	5
41.5963	-87.505	2
-15.6375	-56.0141	1
51.9748	-1.28498	2
46.2844	11.5002	1
18.038	-63.0622	4
42.4327	-83.2458	1
-1.04903	-80.4492	1
38.9979	-105.554	1
42.9543	-74.6337	1
-10.7897	-49.6211	3
52.3871	13.1165	1385
53.3495	18.4257	1
56.8155	60.6136	7
-2.54526	118.03	8
51.7967	-0.664498	1
1.84467	102.978	7
-29.9189	-51.0951	6
36.5405	-119.386	1
13.6855	100.346	2
29.6352	-90.6762	1
51.8524	4.43776	7
41.6136	21.7433	6
-20.785	-49.3592	5
37.771	-121.203	1
35.4008	139.376	4
50.3824	30.4428	3
2.18796	103.029	1
48.4275	0.770887	2
53.4346	23.4208	1
-2.9945	120.19	1
1.42922	110.333	19
40.0465	-76.2917	4
35.0715	-78.9175	2
50.1292	3.8368	2
48.9958	1.69169	2
58.0394	60.5549	1
34.1362	-118.663	4
51.7734	19.4806	1
35.3253	-119.061	2
50.0351	19.2579	3
50.0838	9.08863	1
8.5512	-71.2349	1
43.5658	7.01919	3
-2.57242	-59.9803	34
40.1339	-5.92095	1
5.51651	-73.3678	1
60.7164	17.3667	1
-29.5985	-52.4412	1
56.9715	24.1287	3
13.0398	77.5552	1
58.3398	7.84902	1
42.165	-71.2016	1
47.1061	-122.552	1
14.6252	-60.9182	4
41.0801	-82.4121	1
38.8048	-77.237	3
32.1774	-110.884	3
18.7278	-99.4	1
35.5746	-80.7963	1
55.0193	-1.65244	1
12.8168	100.916	3
48.1158	-1.68833	1
45.1267	3.9433	5
-22.4209	-43.917	1
38.5509	-97.4284	1
35.4825	-97.4792	1
38.7629	-76.0605	1
55.795	49.0696	5
55.6605	11.6044	1
0.631816	101.416	5
46.2635	20.1405	1
-6.32798	-37.7136	2
-7.6736	110.623	1
59.9388	29.5868	1
34.0071	-118.761	2
33.8902	-84.2151	1
52.7478	5.99845	1
0.389513	109.947	1
52.7277	6.51833	1
36.8406	-76.2676	1
28.5253	-81.4585	5
-7.23592	112.547	2
1.47274	103.63	1
36.2098	-80.4247	1
30.033	-89.8826	4
51.4485	5.453	4
-21.9643	-51.3537	1
49.2644	-84.7477	13
1.58464	101.473	1
20.941	-89.6236	2
40.9167	-73.9522	7
45.6997	9.58144	1
42.8158	-1.6496	1
41.6663	-87.6561	3
35.9886	-77.8162	2
41.5975	-87.1796	1
-23.5594	-46.1857	12
-2.75313	111.706	2
41.0525	0.906135	1
9.92428	-68.3087	1
53.8603	-68.4259	1
47.4567	18.9286	1
50.9485	5.76142	3
29.2666	-81.1195	1
24.5669	-81.736	1
61.263	17.1449	1
26.4185	-80.1485	1
-23.5479	-46.8454	18
55.9086	37.4036	2
41.2927	12.5735	2
38.7436	-9.15999	2
41.1208	-112.047	1
53.2846	-6.38756	4
53.0797	18.2476	1
28.6934	-81.522	1
38.8151	-77.0909	12
61.7622	34.3109	1
47.3548	8.32699	1
34.2705	-88.4109	1
38.4408	-121.825	2
19.6283	-69.9035	1
21.44	-158.187	1
19.0322	-98.1543	10
-6.59948	110.796	2
53.1562	-1.46944	1
58.2181	12.3573	1
30.0318	31.0121	3
61.4315	21.8762	1
37.2326	-77.4702	1
-20.0759	-43.8929	1
42.7141	2.88332	3
-20.7352	-48.5892	1
53.8124	-1.72801	4
30.0095	-95.4509	1
49.0605	142.061	1
-2.62921	-44.3026	5
-7.1654	-36.7792	1
41.193	1.59744	1
-21.2114	-45.2721	2
3.05192	103.091	1
38.1358	-85.8744	1
-23.4297	-46.7554	7
52.3477	-1.20878	1
41.9241	-72.598	1
-19.6047	-47.9692	2
41.1722	-80.9543	1
43.0579	-87.9671	20
53.3857	10.02	1
-28.2628	-52.4442	2
-23.6623	-46.7501	1
50.4228	4.42765	1
57.9821	11.3752	1
25.6768	-100.196	14
6.68505	116.933	1
10.5659	-71.6287	2
29.5822	-97.9887	1
52.2478	5.58025	2
46.833	-1.84228	1
51.8714	0.862885	2
-6.87202	108.519	1
34.9794	-81.9487	1
-21.491	-49.9037	1
39.9457	-75.0835	13
33.8549	-118.377	9
57.8106	28.3618	1
51.4715	21.4477	2
29.1665	-99.8289	1
51.8879	6.37428	1
2.97026	99.0558	1
43.6363	5.10368	1
-19.604	-43.2996	1
42.9318	44.6465	1
37.0675	-110.044	1
5.94983	116.661	1
40.9129	14.7893	1
51.3364	0.808984	1
-22.8952	-47.0303	26
33.2878	-111.892	1
52.0111	4.49445	3
46.5742	-96.0837	1
37.6111	-1.01059	14
-3.33264	114.58	7
23.761	90.4178	1
51.427	7.66398	1
-27.6534	-51.0923	5
-8.05391	112.355	1
4.35965	100.948	2
51.2587	-1.21749	1
20.0802	-98.3704	3
-5.79931	-35.2213	22
-1.5942	103.619	3
5.53291	5.77993	1
47.3909	8.06743	1
-2.97932	104.738	18
-7.18116	-39.2756	1
34.3818	-118.52	1
46.1621	-1.17657	1
-12.2478	-38.7515	2
-23.7108	-46.4227	7
43.2519	-2.93316	2
49.4708	7.61784	1
61.6273	23.1618	4
-3.73644	-38.485	9
41.4751	-81.5504	8
43.6922	-79.5007	6
-22.8383	-48.5474	1
55.9519	38.043	5
47.9551	2.81544	1
51.62	5.67799	1
48.9875	1.91135	3
18.3776	-65.9772	1
-1.2665	36.7257	1
36.5971	-4.55233	1
57.7485	12.0731	1
43.3857	-5.81096	1
6.01225	116.396	14
47.1413	-1.52009	6
40.4962	-3.36562	1
25.2417	55.2969	2
2.04811	103.382	39
11.659	4.06538	1
59.9341	30.3287	26
52.4996	4.97251	1
34.267	-5.92024	1
-20.2487	-54.334	1
38.0279	-87.5389	1
28.3959	-98.1657	1
20.7161	-105.274	1
53.5846	-2.48296	7
47.355	5.13662	1
39.1722	-84.2763	1
41.6238	0.623374	1
51.1272	16.9913	2
33.4042	133.309	1
52.6523	-2.73424	2
39.4224	-0.352529	3
38.7823	-77.4937	2
41.0536	-85.2172	1
26.376	-98.818	1
46.9459	18.9131	3
-23.1295	-46.5728	1
36.5061	136.687	1
2.48322	102.24	2
55.3246	11.307	1
35.2306	-101.851	1
-20.9392	-48.5262	1
-23.2981	-47.2769	4
17.2592	74.178	1
-0.483649	117.168	2
51.3373	-0.839543	1
2.61937	103.676	1
47.5308	21.6603	1
43.7933	142.403	2
36.6538	-79.4088	5
31.8851	35.0154	1
45.8002	9.08382	1
46.2635	17.0994	1
11.0016	-74.8045	2
41.8863	-91.0566	4
-22.6965	-43.5244	2
52.4861	6.42529	4
14.5641	120.995	13
42.0037	21.4437	5
30.1702	-97.639	1
52.5664	-1.50722	2
34.0664	-81.0291	1
-5.21541	-42.8028	1
55.0015	82.9557	4
-24.2832	-47.0136	1
37.6306	-77.4587	1
36.2604	-115.085	3
-23.0645	-46.9896	1
51.004	-1.38793	1
50.7845	3.52402	1
16.2586	-92.301	1
33.3173	-111.696	2
48.0359	37.7783	2
-27.4803	152.998	1
-7.27568	-35.9777	5
52.3445	6.65941	1
48.8444	2.6615	12
47.7452	-3.37891	5
52.5909	-2.12746	1
-7.91039	112.643	30
-4.77289	137.78	2
30.2157	-97.8139	1
35.1495	-80.8893	1
3.4577	102.466	1
47.9119	7.20955	1
-7.51277	110.245	2
-7.77232	110.313	2
63.7341	-96.2958	8
-3.89302	102.386	3
32.615	-115.444	1
-6.10518	105.981	1
42.9356	-78.8841	1
-20.942	-45.2514	1
4.64911	-74.1003	6
33.8789	-5.55126	1
42.319	-71.0394	6
17.9991	-92.9114	2
-23.2026	-49.3797	1
-30.4164	-53.6701	3
41.1115	28.9996	2
-2.4941	-44.2362	1
14.9205	-92.3094	1
53.7172	27.9867	13
48.6881	6.17345	4
48.2881	16.4106	3
-7.15734	111.871	1
47.4824	19.1295	3
-27.7689	-48.6676	1
40.3057	-88.1474	1
-3.12394	-47.6536	1
52.0828	-0.739596	1
4.48523	97.9294	2
18.1357	-66.0446	6
-18.7954	-41.9396	1
41.9845	2.8404	2
52.6363	-1.13109	2
43.1534	-8.48066	2
51.7341	5.28598	10
3.14547	103.439	1
51.9859	6.83072	1
53.3941	-114.226	1
14.9602	-91.7695	2
40.778	14.2598	3
51.8709	4.59838	2
40.2643	-3.86395	1
48.0091	0.30558	3
22.3973	-101.935	1
-6.99026	107.82	1
50.6246	5.59934	1
9.55377	-13.6726	2
52.7207	6.20378	1
36.9852	-86.4934	1
48.3079	4.04945	1
50.9528	1.86886	1
-3.8834	-40.2451	1
38.9637	35.2433	50
35.2602	139.662	1
3.05122	101.559	50
-21.2385	-44.2815	1
49.0537	2.67601	2
30.8071	30.9912	1
-21.4064	-45.4872	43
-5.18745	-37.3473	9
13.6887	-89.2044	4
48.094	-122.202	2
52.7678	-1.30019	2
52.555	4.67124	11
55.8491	-4.57036	1
30.0005	-95.2695	1
37.9952	-121.32	2
19.1251	72.9316	5
45.6869	-122.655	1
50.9188	-4.20762	1
19.4416	-99.1942	11
52.5142	6.10694	2
-21.7554	-48.172	1
39.4806	-121.532	1
14.5801	-61.102	2
45.5046	9.21876	5
-6.51051	107.423	1
-27.3883	-70.294	1
0.0342938	-51.0524	18
-21.0858	-54.9061	1
-8.12724	113.219	2
51.8662	0.19041	1
6.4108	100.135	2
-7.57758	110.782	3
15.153	120.598	1
-22.5808	-45.8213	1
47.7525	7.32554	2
42.1128	-72.5463	1
38.5043	-75.8662	1
47.4062	8.48355	2
31.7086	-106.315	1
40.8553	-74.8263	1
36.1905	-119.824	3
36.258	139.397	1
34.625	-98.4662	1
36.8726	-76.4236	1
38.894	-0.07176	1
3.98152	103.404	2
43.703	7.25302	8
-20.4274	-40.3757	2
-7.75709	112.187	2
5.31806	115.213	2
44.2151	20.9238	5
33.453	-112.202	4
-6.91653	109.664	1
37.4882	127.002	2
15.8322	74.4794	1
-28.8898	-52.5328	1
23.6202	58.5029	1
29.4574	-98.3716	9
42.3154	43.3569	1
61.0395	24.5126	1
55.8554	-4.23242	4
16.4454	102.828	1
57.1506	65.5568	3
40.3311	-75.9682	1
-11.9749	-76.7643	1
37.0418	35.3048	1
49.6903	21.7519	2
-32.9239	-71.5249	2
40.6975	-73.9797	19
54.0197	-6.4166	1
-23.1117	-47.1947	1
52.6316	5.07012	7
46.8109	-71.3039	1
45.5432	-122.655	1
28.4641	-16.2724	2
51.7244	-0.456529	1
-5.15527	-44.1652	1
57.5931	25.4597	1
-21.65	-41.4319	1
40.1103	-74.9421	1
-3.1107	-41.4845	2
-22.6344	-43.2788	1
35.3402	-77.9008	1
68.9592	15.0172	1
36.3366	127.461	2
52.1638	5.39544	2
17.1281	-96.2945	1
52.1148	5.26272	9
32.7018	-97.1355	3
35.9265	-79.0393	2
50.9268	11.2654	2
35.7141	-6.91635	2
-22.1994	-55.544	1
-6.70967	108.548	4
39.0196	-94.4539	1
43.6104	3.87434	7
52.1794	5.90278	2
31.0359	31.3626	1
-16.3051	-48.9725	4
33.0846	-97.2982	1
-8.38696	-39.3089	1
-6.12569	106.161	1
43.2943	5.4052	6
42.3296	-72.6634	1
32.461	-93.8138	1
56.0018	-3.77093	1
-6.35822	106.254	1
-19.7776	-44.0706	5
-23.0614	-45.9175	7
56.8631	53.2013	2
-22.3872	-43.1873	2
54.8062	21.2651	2
43.1881	2.47244	1
6.7613	3.52402	1
39.4007	-9.10914	1
52.2142	6.97682	1
-14.8821	-40.5663	1
38.0881	-3.63952	2
45.4946	-114.143	1
18.3519	-64.9355	1
42.4963	-83.4704	1
46.203	8.97381	1
55.7109	-3.83205	1
33.7677	-84.4181	10
39.0538	-77.4537	3
-19.0045	-48.3585	1
-1.46673	-48.4937	4
-22.5461	-48.6355	9
51.9057	-8.18877	1
47.6799	2.62935	1
44.2005	43.1291	2
33.4538	-111.972	1
-22.2557	-46.1695	1
28.0041	-82.5828	1
-25.6313	-49.4623	1
41.1179	-77.6047	1
36.6661	-119.487	1
38.3488	-80.934	1
51.9472	6.01726	5
-0.947733	100.427	2
41.4268	-81.8602	1
43.8241	4.35957	1
48.6189	2.97564	1
1.61197	110.341	2
6.53186	3.47648	7
-6.18622	106.637	25
36.7257	-108.398	2
3.75431	101.949	1
2.73299	102.002	5
-7.31765	110.876	1
53.4039	-1.5631	2
-26.9981	-49.2271	3
6.0819	100.371	2
39.0276	-95.6988	1
9.72837	-63.155	2
-0.068122	109.352	8
