Latitude 	 Longitude 	 Weight
53.4039	-1.56304	8
1.48823	103.789	31
46.2651	-119.899	1
30.4527	-97.599	5
38.1377	13.3472	1
39.8998	-82.0178	1
19.3184	-98.2454	1
55.5715	38.2275	1
31.896	-116.693	1
-21.21	-48.2936	2
51.109	39.4312	1
52.9908	6.25643	1
-22.9837	-43.2218	11
45.6276	-64.2353	1
34.2749	-6.61041	1
-19.5499	-56.0323	1
40.1353	-75.055	4
2.99108	101.712	8
40.3887	-75.2668	2
40.8481	-8.46797	1
45.5231	-122.463	1
-25.8547	-48.5643	1
51.3587	5.56415	2
36.0615	-115.083	5
35.6659	139.485	6
50.1212	8.63661	2
38.502	-117.023	1
33.9721	-6.86441	25
55.7338	24.3623	1
40.915	29.2959	1
27.7635	-15.5778	2
38.401	-121.366	3
36.3245	139.014	1
43.6814	-79.7831	3
38.8735	-92.0017	1
51.9187	19.1348	3
-23.1465	-49.9655	1
35.8305	-85.9786	1
33.5907	130.407	1
45.8198	1.23643	1
22.2703	-97.9168	4
58.5905	49.6388	1
-32.8507	-70.5966	1
-7.41814	110.523	1
42.3677	-84.0671	1
40.5105	-93.9647	1
52.806	-2.88644	1
37.8431	27.8327	1
5.69957	-0.236081	3
29.9205	-90.2196	3
44.379	4.99746	1
44.9336	-92.2236	1
49.1454	2.30233	2
53.4959	-2.03884	3
-33.8283	150.956	4
36.2613	-90.2883	1
34.598	-86.5628	1
52.6003	39.6002	5
-7.5372	112.055	1
48.9561	6.2744	1
40.9166	38.3897	1
50.446	6.03913	1
46.2409	-119.22	1
28.4811	-81.3687	6
-29.9153	-51.1771	6
50.8387	4.36307	7
-3.40738	114.83	2
42.1015	-79.2389	2
28.5365	-81.2273	1
37.8223	-85.7682	1
43.9794	-88.5793	1
42.1255	-80.0785	1
14.0721	-60.9502	1
13.7752	100.408	1
33.377	130.49	1
-23.2031	-45.8921	1
18.352	-67.0021	1
2.84185	104.159	1
52.023	47.8386	1
-28.739	-49.3605	7
-29.1887	-51.2009	1
-6.76391	111.136	1
37.9777	-87.4585	2
13.581	144.858	1
43.8224	-91.2169	1
43.7494	4.80534	1
53.2218	6.56477	1
50.9576	6.96747	1
41.0747	-81.5151	4
53.3328	5.8649	1
42.5092	-7.58527	3
51.62	19.3657	1
41.9383	-93.3898	1
52.2967	5.25851	1
-32.1078	26.465	1
16.7431	-93.1018	3
35.0861	-80.6972	3
48.3946	7.44362	3
38.1357	-92.6374	1
33.4705	-84.6766	1
-7.03353	-37.3471	2
47.4815	-0.563019	2
40.9356	-72.9362	1
2.08672	102.527	1
11.15	7.66914	3
-33.924	18.4186	2
45.8261	-95.2316	1
49.2884	-123.073	5
32.4177	-81.7701	2
36.0258	-86.811	3
40.268	-76.8927	1
44.2127	-100.247	1
39.1232	-94.7484	1
54.6303	-5.94349	7
51.793	0.621769	1
7.7746	-80.3032	1
-23.6716	-46.4477	9
30.8904	-97.571	1
25.6132	-80.4734	1
32.9358	-117.231	2
45.0398	38.9988	7
48.7516	2.61428	28
54.1521	38.4438	1
-23.4057	-51.9683	2
-26.1044	28.0564	6
52.3549	6.47698	1
20.1323	-98.3604	1
36.9529	-84.7007	1
52.7384	6.4657	2
43.6487	6.85456	1
34.2071	-77.8721	1
42.8569	-2.65973	2
0.14088	117.493	1
32.4691	-84.9574	1
0.899223	108.982	1
50.795	-2.61142	1
57.1443	65.5571	2
42.5168	-83.183	6
3.81315	103.37	2
43.3273	-8.40318	2
-3.14246	-58.443	4
35.1906	-101.759	1
44.5986	-92.5749	1
32.2185	-101.498	1
51.2799	1.09365	1
50.6636	3.21185	2
51.3899	-0.451484	2
47.2035	-1.51222	4
-16.6428	-49.2612	6
54.3199	-2.73454	1
34.1897	-118.391	10
-0.774199	100.592	1
14.7101	121.004	11
53.786	-3.05111	1
53.6424	-1.7902	4
12.9677	77.7149	6
2.66823	98.8742	1
38.2882	-85.9241	1
45.3042	-118.085	1
45.7578	4.8351	11
35.6087	-78.6327	1
55.7559	37.5483	80
48.7282	2.28002	14
51.7099	7.7968	2
-33.7037	150.332	1
55.9241	37.824	5
33.435	-86.1138	1
34.7014	-86.6686	6
-6.32092	107.129	3
41.8263	-71.8905	1
33.4498	-88.78	1
38.0651	-75.5556	1
34.2002	-88.7169	2
3.44067	-76.5475	1
44.8304	-93.0559	1
-26.0805	27.777	2
55.1254	73.3788	2
30.2788	-87.7124	1
44.5965	5.41492	1
51.2358	6.03345	1
53.3549	-6.2474	16
50.8426	-103.264	3
42.9587	-85.072	2
33.5701	-7.63608	19
59.2867	10.1033	1
51.8451	-1.96941	1
50.9514	0.594717	1
-2.88766	-78.989	1
40.607	-75.3782	1
50.823	12.8918	1
35.9872	-114.933	1
38.9804	-76.8906	22
-20.323	57.3922	1
53.1448	-1.1738	1
-25.0385	31.1445	1
-6.60992	107.483	2
-2.70123	104.621	1
20.9752	105.846	1
-13.9846	33.7524	1
42.5027	-96.414	1
55.6168	-2.82326	1
-8.29371	114.512	1
32.6782	-83.1783	3
38.2888	20.6228	1
36.301	-119.264	3
43.2365	-86.2565	1
-7.77791	35.6968	1
-26.1033	28.2335	1
-38.0672	145.471	1
-22.9146	-48.4411	1
56.8155	60.6136	8
40.5199	-89.0009	1
52.0988	5.2427	4
40.2287	-75.2622	2
45.5353	10.2238	1
0.0269333	-51.0723	2
36.242	-115.055	1
-26.6583	28.0129	1
33.6388	-84.0145	1
31.3033	-92.4682	2
40.0691	45.0382	2
39.7333	-75.564	2
32.8207	-96.7315	9
58.8909	55.6322	2
-26.3075	27.9439	9
32.5762	-86.6807	2
-19.9726	-43.9665	14
41.5829	2.0064	1
10.3337	123.911	5
28.6995	-99.826	1
51.6661	-0.0842337	11
53.9619	-1.09716	3
33.9449	-118.028	9
40.3242	-3.88525	1
56.0119	37.6593	1
54.9672	-1.61838	8
-21.8793	-47.9053	1
5.70893	-0.03013	1
19.6184	-155.984	1
54.5985	-1.08026	1
-29.9325	30.9505	4
38.0049	23.8225	1
28.6546	77.4477	2
13.5377	-7.44189	1
56.2847	43.851	3
47.6749	1.53558	1
61.2411	-149.859	1
60.7226	24.7536	1
51.5207	-0.142822	4530
33.7188	-118.289	2
40.6892	-7.92529	1
54.2103	-1.19061	1
30.5802	-92.0891	1
36.2329	-115.238	2
36.589	36.1733	1
49.7511	4.60954	1
-0.281708	100.39	1
48.0093	3.40923	1
33.3935	-91.0602	1
39.801	-8.79559	3
43.583	7.0051	3
36.1976	-86.6265	1
36.9636	-86.4448	1
29.481	-98.4934	2
59.7239	30.4085	3
-6.31129	-35.039	1
-23.5166	-46.6241	15
53.5725	-2.3008	9
52.0899	0.467426	1
26.1332	-80.1925	2
43.6707	7.15032	4
45.7224	5.08145	2
5.31649	103.15	5
38.5249	-120.375	1
-21.2133	-47.818	9
59.6462	10.6423	1
41.4045	-75.6619	1
-17.7669	-63.1454	1
29.6738	-95.2977	5
-27.5414	153.01	4
51.5724	-2.98852	2
27.8435	-101.953	1
6.22538	-75.3997	1
33.9765	35.6105	9
1.86117	104.63	2
37.597	37.7542	1
-29.7416	-51.1405	1
-6.3225	106.096	1
-33.9892	25.6634	1
53.028	-59.4352	1
-8.40952	115.189	1
39.6126	-75.9444	1
52.5066	-0.70217	1
38.7436	-9.16	5
30.651	-90.1994	1
-23.6343	-46.764	6
55.5102	47.4854	1
-37.791	144.814	1
18.5346	-69.905	3
-15.8497	-48.1239	2
-22.4361	-45.3967	1
48.2086	5.02872	1
24.2038	-110.296	1
38.5617	-121.461	6
-22.7811	-42.1396	1
51.2667	22.8865	4
28.544	77.2547	3
32.7995	-97.2914	3
41.3781	-83.645	1
43.2193	-87.9274	3
49.4962	0.131479	1
42.9705	-71.4441	1
51.7859	5.29507	2
-21.1946	-41.9022	1
45.5653	5.48395	1
13.9503	121.134	1
-25.4952	-49.2884	29
54.1937	37.6289	2
53.2745	6.37179	2
51.5549	-1.83965	1
38.8343	-77.2362	6
10.9543	-63.8669	2
54.3179	48.4689	1
43.1915	-0.611448	1
5.39716	100.315	14
46.0207	-70.6731	1
59.3416	18.0319	4
33.4819	-86.9044	4
39.3917	2.76997	1
41.7918	-87.5893	2
36.3561	-82.3988	1
38.5983	-9.11333	1
-27.2072	25.2861	1
53.459	6.62288	6
-10.1156	-48.1132	2
-1.27293	-48.4598	6
34.8299	-86.5102	3
51.593	5.14957	1
36.1523	-95.9093	2
-20.4108	-48.0644	1
20.6256	-87.0732	2
42.7466	-75.77	5
47.7736	-122.206	1
-25.553	-48.4967	1
53.2115	50.218	1
40.8954	16.8339	1
-20.2351	-45.5266	1
39.1423	-77.163	4
52.9651	5.02403	1
23.0618	114.419	1
35.6825	-119.23	2
28.2824	-14.0392	3
26.8418	-80.1632	1
55.0811	21.8826	1
46.057	9.25658	1
35.0764	-92.4576	3
45.9449	-73.7448	1
34.5508	-6.20329	1
40.073	-74.7243	4
39.5659	2.62791	1
34.8358	-82.3856	1
-9.73947	-36.6461	2
30.4621	-97.7828	1
35.1295	-90.0268	6
39.2876	-120.129	1
37.2048	-77.3928	3
-7.61053	109.507	1
48.0832	41.2726	1
49.256	2.48404	1
41.5405	-8.41098	3
41.0483	-81.6582	1
41.0183	-76.8679	1
33.6507	-116.002	1
42.2979	-85.0535	1
36.1866	-86.7851	4
4.29344	101.128	1
61.5218	0.00022	3
59.8501	17.5881	2
-23.2011	-46.9084	3
38.3282	-89.032	1
46.5069	-1.77655	1
-6.81583	107.142	1
-7.50327	112.541	1
-8.98489	-64.5216	1
38.3461	-85.7438	1
-34.5088	-58.7414	1
54.7006	25.253	1
19.6527	-101.276	1
-24.2162	-47.6402	1
45.6164	9.33264	1
40.8046	29.9285	1
37.7176	-3.97057	1
32.6318	-117.025	3
48.5303	2.25007	1
42.4406	-79.3316	1
44.6087	-75.7139	1
56.4036	-3.44928	1
42.3457	-88.0238	1
36.7182	-4.29462	1
44.5036	11.3906	1
45.294	-75.8721	1
38.738	-75.1434	1
-6.78256	39.2757	1
49.1048	6.19605	3
34.6219	-79.0316	1
33.5407	-111.87	1
39.983	-82.9772	2
52.5366	19.715	1
-6.80766	110.823	1
50.9138	-1.40057	1
50.5278	2.64124	1
38.2753	24.508	81
19.4299	-99.2116	51
56.0731	-3.4448	6
22.5568	88.3727	2
3.00861	101.393	4
48.7989	1.59795	1
21.0981	-101.601	3
1.65912	125.108	1
50.7444	-1.83886	4
38.5543	-90.3755	1
38.045	-85.6924	2
40.6762	14.804	1
60.1584	24.935	2
-22.5519	-43.0473	1
45.5225	7.98455	1
35.0514	-89.8849	1
44.2005	43.1291	1
4.47383	101.041	2
51.0313	2.3767	1
51.6488	-3.90147	2
35.5626	-5.89977	1
-25.5448	26.0814	1
46.0494	11.123	1
-6.20436	106.635	31
54.1934	-8.64507	1
52.2186	-1.87592	1
27.1623	-80.2651	1
41.9182	12.4953	11
44.617	-76.6916	1
42.1302	-87.8263	2
29.2721	47.9051	3
31.8744	-91.1443	1
48.4568	35.0719	1
36.7789	34.5908	1
53.8224	-1.54536	2
25.253	51.5502	1
5.35846	100.539	2
-33.9387	18.8505	2
1.60032	-52.378	2
50.9925	-2.9593	1
39.7666	-86.4413	2
40.1949	-85.3876	3
45.8902	6.12661	4
51.4658	5.7056	3
-27.665	-48.5454	1
33.5827	-85.101	1
33.3832	-112.32	1
-25.4912	-50.8622	1
5.94106	116.667	1
41.9327	8.70883	1
34.1844	-118.132	5
42.2733	-83.7377	1
34.0644	-117.934	7
44.013	4.936	2
40.573	47.2929	1
22.3106	73.1718	2
43.326	-79.8199	2
14.8663	-91.5433	1
52.7844	-1.56343	1
48.3277	4.07447	1
42.1971	-8.77156	1
40.4617	-90.6514	1
42.2685	-88.9502	2
34.1392	-118.823	2
40.376	49.8556	2
59.1567	15.4665	1
10.6632	122.976	1
42.0844	-71.0278	2
42.6909	-73.8242	1
-1.75216	112.635	1
3.18187	113.084	1
-32.2122	-52.378	2
12.1854	-68.9618	1
3.45472	98.6385	10
-23.6828	-46.5955	125
46.2033	6.20286	8
37.0634	-76.419	2
52.0731	21.0175	1
43.4782	-80.5283	3
-14.5043	-56.8506	7
4.78529	6.99408	1
-21.1427	-50.6213	1
46.8415	-71.3703	4
55.5256	37.3871	2
39.6946	-4.0187	1
-0.942432	-80.7306	1
51.56	0.236186	7
51.3805	-0.0908588	12
-22.7106	-47.7943	1
53.5927	-0.575417	1
36.4486	-77.0942	1
50.291	4.10597	1
33.3672	-86.8116	2
37.6779	-113.062	1
6.89258	79.9812	1
-34.1218	18.4889	3
-29.7994	30.801	3
-4.24558	15.2785	1
3.82881	103.217	3
-5.98628	106.018	1
-22.4209	-43.917	1
50.8716	-1.57633	6
44.8638	-0.586176	11
43.5467	-5.66625	1
-25.4539	-54.4571	2
-6.56218	106.771	23
2.72886	101.992	5
-8.10164	-79.0274	1
32.1305	-81.2396	2
55.7917	49.1217	1
14.7072	-91.8594	1
59.7552	18.6935	1
44.1796	-94.0342	1
32.4414	-87.0357	1
5.55603	-0.178167	3
44.3103	0.0894421	1
-16.6161	-43.9388	1
50.5289	2.8929	1
40.7406	-82.4551	1
30.0709	-95.3731	5
54.6638	-5.65614	1
3.89572	103.077	1
35.1502	-93.8777	1
-5.79931	-35.2216	13
0.87652	112.924	1
36.7095	136.702	1
38.9605	-94.8259	2
10.3421	-84.4342	1
39.8245	-7.50529	2
-6.98683	106.545	1
-7.30713	110.124	1
40.7555	-73.0837	1
0.0	0.0	37
39.4907	-81.4438	1
34.0652	-80.9272	3
18.4979	73.8187	1
54.104	22.9291	1
42.8462	27.0995	1
38.5297	-82.6799	1
16.2486	-61.5426	2
43.6251	1.33179	7
-6.84799	107.929	2
28.6035	-81.487	2
46.9023	-102.77	1
43.407	5.02555	1
-23.4194	-50.881	1
35.2038	-97.4488	4
-9.58702	-35.9603	1
38.5544	-7.86034	1
39.9597	-82.7945	2
48.2128	3.30667	1
19.1106	72.8728	9
51.5034	-0.575023	10
25.0343	-101.167	1
29.5968	-98.6301	5
46.83	-93.614	1
40.1286	-8.2315	1
41.0991	29.0227	3
-30.0997	-51.1593	22
-35.1591	147.899	3
6.11899	102.248	2
39.4207	26.8072	363
37.9914	-121.324	4
42.327	-92.4598	1
53.4095	-8.82016	1
55.9221	-3.27402	3
50.7652	-2.00233	1
43.3113	3.48433	2
52.573	-1.547	8
41.8311	-79.1527	3
42.5578	-70.9454	1
-8.70594	115.226	15
35.9044	-84.4728	1
51.7729	-0.222814	8
24.884	67.0612	1
-31.6993	27.9791	1
42.51	-82.9362	2
47.9819	0.195548	1
55.4141	43.7993	1
-0.466642	117.154	10
34.0558	-117.751	1
37.7581	-81.8483	1
51.2095	6.59236	2
35.165	136.911	3
51.576	4.64267	1
40.2806	-74.0117	3
35.1912	-80.7924	6
46.5841	0.346406	2
33.5914	-112.125	6
33.049	-83.9458	1
31.3384	34.7879	1
-2.94742	-41.7636	1
38.6707	-121.072	1
34.4583	-119.284	1
34.9587	137.157	1
-7.46125	109.437	2
41.14	16.2239	1
64.5713	40.522	2
50.7751	7.03834	1
40.6533	-74.3463	12
56.3385	9.88076	1
51.5291	-3.67348	1
37.3831	-5.92359	7
33.623	-112.439	1
40.4866	-80.1236	1
47.9096	1.90254	2
48.439	1.49589	1
57.6811	11.734	2
38.3541	26.8795	1
48.9378	2.53099	13
-23.5356	-47.654	1
-1.20765	36.8815	2
20.7153	-100.441	2
40.2254	-8.45231	1
45.5097	6.66794	1
41.1615	-73.5018	4
34.0209	-118.211	41
39.4012	-6.44088	1
32.8246	-117.109	2
43.0156	12.4209	1
-20.8756	-54.2616	1
39.4135	-77.2065	1
40.5949	-73.6612	2
-7.78132	110.414	51
-34.1684	-70.7424	1
42.3144	-70.9703	5
48.6216	-123.755	2
39.6861	-104.978	4
39.7643	-104.855	3
35.6796	139.704	7
51.2163	-2.61533	2
44.4318	-95.7853	1
-19.4679	-44.2477	2
33.4847	132.399	2
45.1453	1.5144	1
42.7143	-78.9273	1
43.4646	-3.82615	1
29.9728	31.2805	5
40.6728	-73.3911	2
-23.9555	-46.5075	3
-7.76269	112.186	1
47.2647	-0.0838025	1
52.4452	-1.77519	3
40.4778	-3.70352	21
-5.57916	-39.4606	2
43.1014	-71.5399	1
48.8612	2.35082	72
43.2432	2.07765	1
40.8018	-81.9106	1
41.5124	-87.6356	1
53.2097	19.3118	2
51.5846	-1.17701	1
28.7021	77.1523	1
27.9412	-82.4775	1
11.0095	-74.7949	1
32.7619	34.9554	1
31.1689	-100.077	5
9.67216	123.868	1
29.3853	-82.235	1
41.9645	-94.026	2
-22.0668	-42.9237	5
53.1366	6.73306	3
41.5826	-93.6293	1
51.2606	4.35816	2
44.8049	11.6395	1
53.2513	21.759	1
40.7402	-73.9911	62
13.0471	80.2376	1
41.2508	-82.6123	1
41.1541	-81.3614	2
41.3941	2.1393	14
35.1221	-80.9689	1
50.8644	-0.13039	1
13.9962	-89.5627	1
43.3225	45.687	1
57.618	18.2882	1
51.5051	4.2956	1
36.6301	-101.565	1
53.1673	-2.36386	1
42.3289	-83.0395	2
46.8079	-92.1166	1
41.5639	-72.1562	6
41.55	2.21084	3
4.21153	100.663	2
-6.07925	-35.3013	1
-2.54795	112.954	2
-7.5523	110.821	7
33.6245	-80.9266	4
42.2491	-82.1069	1
34.6504	-92.3587	4
38.2326	-122.033	3
43.6876	-85.482	2
-22.5245	-44.0809	3
41.1321	14.77	2
34.1682	-119.173	2
6.13206	100.341	3
42.8998	-78.874	4
59.1948	17.8126	1
41.3723	-81.8671	1
40.5853	-80.2592	1
57.1647	-2.16173	3
41.0474	-73.6394	1
-33.2374	-70.7686	2
41.6429	-86.0275	1
4.35725	100.956	1
2.06667	45.3667	16
39.1651	-86.4929	3
37.6967	-97.4361	2
39.0964	-94.5833	4
18.9338	-99.2608	2
-8.43046	-36.7454	1
37.2993	-84.2852	1
32.6069	-96.7763	2
38.9954	-9.14118	3
39.2846	-76.6205	10
39.791	-86.2819	1
-22.1868	-49.9589	5
30.4226	-9.58203	1
55.6061	37.7197	5
39.0657	-92.3149	1
27.9681	-82.7563	1
53.3244	-113.525	1
-23.0756	-47.3702	1
54.5363	36.2486	1
49.0714	2.10159	3
46.5278	6.82599	1
-23.3921	-46.4538	6
42.732	-84.4705	4
17.6223	121.711	2
-22.4652	-50.6364	1
19.2524	-99.5724	5
52.0514	4.4786	4
33.9593	-84.1428	4
50.9335	3.97566	3
-24.1125	-49.3286	1
55.5764	-5.15901	1
40.3653	-82.6694	3
-6.9449	108.488	1
44.8386	-87.3858	1
-16.5167	-44.7798	1
40.6939	-75.2241	1
52.7821	-1.22797	6
35.458	139.625	1
43.0446	-88.3357	1
60.495	25.0477	1
-21.1883	-45.4395	1
37.5718	-77.5135	3
20.0969	-98.7093	1
9.609	-64.508	1
35.0342	135.737	2
52.2233	6.86858	4
36.5828	-79.4451	2
36.7653	-108.703	1
30.4671	-84.2569	3
39.8864	-76.6001	1
3.09314	98.4739	1
41.0657	-85.1687	3
67.8183	24.8206	1
51.4629	-2.60505	8
-30.2041	-50.8677	1
33.8817	-117.851	4
52.6453	-1.16867	5
36.7627	-108.154	2
49.1709	3.4774	1
47.1755	-122.473	8
1.34454	104.178	1
47.3272	5.05789	5
52.3834	13.1196	2616
52.6939	4.82093	1
-34.986	-71.2382	2
32.2871	-94.3592	1
28.3638	-81.5167	1
34.1343	35.7947	3
31.4829	74.3324	1
51.1218	3.22606	1
34.706	135.499	3
40.3884	-3.48526	1
50.3795	4.57165	1
13.6734	-89.2251	4
37.3211	-6.08693	1
43.0128	-7.55493	1
37.2968	-121.817	7
37.6529	-120.991	1
48.5735	7.76572	2
56.1661	10.2181	1
30.3769	-96.0917	1
36.926	-89.3127	1
54.9272	73.4436	1
49.368	6.20978	2
-22.3971	-47.613	1
44.3162	-96.7649	1
36.6872	-121.607	3
53.5031	-113.64	1
30.2978	-97.7534	7
36.6039	-119.449	4
35.8577	136.171	1
45.5871	9.97496	1
14.6249	-61.061	1
-32.5312	115.72	1
-1.74911	102.839	14
32.505	-80.7434	3
51.3241	-1.92567	1
37.1804	-3.59799	1
34.0864	-117.283	4
47.2371	38.8775	1
3.23187	101.386	3
4.68664	114.49	1
38.4394	27.15	6
58.0189	55.9879	1
-3.10375	-60.0118	8
-22.916	-43.4473	45
3.07292	101.519	20
49.1846	-0.372109	5
-15.3712	28.3204	1
46.8229	-120.363	1
-19.6019	-40.7725	2
49.1994	-122.913	2621
19.0225	-98.3065	3
42.5654	20.9269	2
53.6323	-2.16701	2
-7.306	108.241	3
42.3433	-7.90485	2
37.7587	-122.235	10
31.8766	-102.344	2
39.743	-89.6491	1
-6.71136	-36.6148	2
52.0425	1.11613	1
52.057	5.08064	3
4.64713	101.203	5
42.7095	-71.2418	2
41.0505	-77.157	2
33.7299	-116.211	3
4.17803	73.5173	1
38.0313	-84.5052	3
28.3114	-16.5739	1
36.5813	-6.2669	1
47.7938	3.58167	1
-23.6566	-49.7803	2
34.0609	-4.97544	2
37.425	-122.17	5
29.8239	-95.4621	10
7.26884	80.6005	1
1.4809	103.949	1
29.3322	-98.4328	1
-1.23881	116.846	8
35.6051	-77.3773	1
34.0342	-117.604	4
-7.14023	112.615	1
42.4842	-83.3772	5
-23.2365	-51.7305	1
34.6932	135.193	2
51.986	-0.215498	2
-10.1023	-36.2483	1
-4.1947	121.599	1
51.8556	-8.27442	1
26.1959	-98.2593	1
51.9037	-9.03369	1
33.8611	35.4881	1
-0.92341	100.361	6
41.5221	-88.2074	4
20.6767	-103.337	3
48.8128	1.94829	7
32.8402	-79.8531	2
36.7967	-4.68937	2
45.4126	-71.9555	1
10.672	-71.6087	2
53.1133	48.4677	1
-7.1867	113.241	1
-23.3129	-50.3083	1
44.9709	-93.2615	7
46.7613	-98.7551	2
54.1479	45.2109	1
52.958	-6.39532	1
18.4964	-67.1131	1
51.569	5.4718	2
21.8495	-102.327	4
48.6642	44.4466	3
-15.385	35.3329	1
48.3966	2.47701	1
50.395	-3.70333	1
36.7413	-5.79454	1
51.5773	-2.82385	1
-23.513	-51.0998	6
37.2915	-120.471	1
41.6537	-74.6817	1
-8.12426	112.566	1
49.1177	6.71294	1
-12.8753	-38.5026	7
52.9539	-1.16654	3
56.1308	47.2532	1
51.7714	-3.28778	2
41.6287	13.4007	1
37.3841	140.105	1
35.1684	129.176	1
34.9417	-81.928	1
54.6851	-1.79769	3
30.0342	31.0167	3
43.8069	-79.2079	2
29.1738	-82.1567	1
37.8476	-4.67425	4
48.0974	37.9652	1
33.5168	-7.77951	1
59.9397	30.4892	2
39.4604	-77.994	1
35.1191	-106.703	4
45.1602	11.2106	1
-14.2393	-53.1848	8
41.6039	12.8407	7
56.5222	84.982	1
41.4527	-82.1824	1
41.3291	-74.3538	1
55.1559	61.3679	6
33.3332	-117.159	1
-22.7241	-47.2901	1
33.8843	-5.53533	17
23.6254	-102.558	1
48.6579	2.40278	14
-20.1651	-47.4249	1
51.8349	4.70625	1
44.805	-91.4403	1
38.4642	-94.342	1
38.8583	-8.97999	1
-30.377	-55.1591	1
31.8397	-106.527	4
50.362	3.51425	2
-6.91535	106.918	1
52.8471	-2.29813	1
38.7779	-77.5281	3
53.4424	-2.23348	10
53.57	-2.69046	2
38.7618	-76.7887	7
51.7053	0.301772	2
40.5864	-76.227	1
32.3111	-90.1888	7
-23.5108	-46.8823	15
-26.8728	-49.1096	1
36.4633	-94.2373	1
-7.04882	107.129	2
-25.6919	30.0355	1
43.7773	7.50384	1
9.90903	-83.9886	1
39.5575	-107.245	1
38.9286	-78.4674	2
51.5017	3.66116	1
43.423	-123.299	1
32.7827	-108.269	1
36.5661	-87.4058	3
35.5719	-97.676	2
55.5692	37.5654	1
26.6601	-80.1294	1
-22.6804	-47.0163	2
40.5895	-74.1013	5
54.9975	73.2735	1
-8.9356	-36.4725	1
55.8544	37.3609	2
32.4433	-86.1094	1
-16.122	-40.7097	1
33.5757	-86.3769	1
42.0185	-76.5368	1
51.5229	-2.30644	1
36.0708	-115.956	1
50.0463	20.0057	2
41.3006	-7.76083	1
-20.2804	-40.2928	6
38.546	-77.803	1
32.1252	-80.7856	1
41.1688	-73.2134	1
44.105	-79.4658	1
51.8997	4.48708	1
32.215	-98.2162	1
39.5677	-74.3809	1
52.2954	4.92121	1
-7.99124	-34.8437	1
19.8818	-101.412	1
-0.898929	-89.613	1
22.0414	-102.356	1
5.54642	95.3375	1
30.1565	-115.58	1
29.6925	-95.5486	4
18.1355	-94.4325	1
59.6493	16.6002	1
37.9381	-8.55938	1
40.8805	-80.6339	1
36.1153	-79.5027	1
40.0025	-75.118	15
34.0642	-88.1293	1
45.4664	4.52331	1
50.8774	5.96095	6
48.9886	2.24039	13
-8.58183	116.107	4
39.5782	-79.8737	4
21.3916	-157.735	1
39.5576	-0.517683	1
-37.8228	144.97	1
48.2963	38.0286	1
54.661	39.7144	4
-7.49122	109.241	6
49.8059	73.0929	1
55.4359	65.2991	2
52.5663	-2.16618	20
33.5816	-101.876	1
44.3284	-88.4669	1
13.8183	-89.7489	1
40.1767	-87.6328	1
50.4572	30.4352	1
26.2088	50.6	2
33.1933	-86.0208	1
42.2333	-71.1567	5
45.6751	15.6565	1
37.7792	-81.1725	1
54.3609	18.6908	3
2.03576	98.9632	1
-6.43778	105.939	2
53.8438	-1.85079	8
35.3343	-81.8737	1
53.3933	-2.91859	14
53.4733	18.7869	1
-6.49359	-76.375	1
45.5341	9.59091	2
30.8457	-83.2832	3
38.6484	-8.51835	3
55.8491	-4.57022	1
34.9579	-90.0477	1
35.9923	139.6	2
50.3212	7.21051	1
-28.4896	-54.2782	1
48.1549	11.5418	1
-23.086	-45.5067	1
42.6855	-2.95096	1
41.9287	-88.7751	1
-29.7528	-53.8242	6
43.1352	-89.7468	2
41.7256	-71.4358	2
33.9731	-84.3533	3
60.9446	76.565	2
-33.3163	26.5134	1
-28.6815	27.0658	1
-6.45747	107.943	1
48.2201	16.3798	1
56.0953	12.6633	1
17.6237	-94.3846	1
49.7854	0.452683	1
39.6326	-86.3093	1
38.7731	-121.254	2
-0.587732	111.388	3
39.5146	-8.56205	1
33.6836	-84.2529	3
34.1114	-83.9984	1
51.6755	39.2523	8
35.3178	-80.727	3
-34.6082	-58.4357	5
-3.77014	103.806	1
45.3855	10.9939	3
-26.2617	-48.9665	3
6.18709	116.222	1
29.3479	48.0871	1
-28.4795	24.6701	1
44.3544	11.7259	1
43.2699	-2.93233	3
14.1344	120.984	1
47.4959	1.36124	1
-36.7374	-71.0353	41
5.71101	100.45	1
-20.5187	-48.6196	3
-21.7766	-43.3476	1
-5.40065	-47.5474	2
45.6965	9.66807	1
43.8555	144.461	1
33.2805	-111.794	1
35.4606	139.304	2
41.0843	28.8792	7
37.8558	-3.66771	4
-15.4552	-55.8425	2
52.5133	5.05456	3
55.9428	-4.11975	4
45.4109	-108.531	1
2.20473	102.246	1
47.0408	-122.893	1
50.3881	-4.11457	3
31.748	-93.1036	1
-20.5791	-51.4597	1
51.8873	5.39853	3
33.9616	-116.545	3
30.2036	-85.6033	1
37.5235	-77.3665	4
-8.06883	111.914	1
48.4084	-4.49955	1
44.8913	-0.734925	1
39.1816	-96.582	1
50.8182	-1.09673	2
7.82882	123.437	1
-22.9809	-49.8936	1
53.1638	-2.73732	3
-8.1851	-36.0151	1
33.6806	-117.636	1
45.4724	-75.5422	1
59.366	28.1106	1
43.101	131.926	3
39.4225	-0.352546	2
-22.9195	-43.0731	3
39.9799	-75.3397	5
30.4602	-91.1116	2
-1.8758	106.092	1
22.278	114.181	2
40.8249	-81.5175	1
54.782	31.9983	1
59.2268	39.8381	2
-7.2771	112.717	77
-11.0019	-37.1007	2
46.2558	9.41994	2
51.2166	-0.804349	1
49.5582	34.5855	1
35.6672	-97.4073	2
52.8879	-1.81442	1
-36.9608	174.863	2
33.9494	-80.096	1
29.3086	-94.7881	2
39.4335	-76.2691	1
-6.11639	106.172	1
49.8764	-119.496	1
34.3717	132.463	1
30.9373	-91.4009	4
40.4529	-109.549	1
53.1463	-3.74296	1
41.5642	-71.4717	1
-7.14465	111.904	1
43.6073	4.86874	2
38.6556	-75.5875	1
47.2611	39.628	7
40.7313	-74.1821	4
62.9928	17.6844	1
53.1089	-0.922045	1
54.841	-1.50608	1
33.0931	-96.9011	2
43.5977	-84.883	2
40.5058	-74.484	1
-29.5859	-51.1617	1
42.2882	3.27993	1
-25.0606	-53.398	2
33.0229	-97.2573	1
37.1305	27.3784	1
42.2586	-72.5759	1
41.5124	-95.3348	1
5.5109	100.442	1
51.2861	5.75975	1
41.6071	-87.1136	1
27.5538	48.9665	5
43.4611	39.9026	4
53.4262	-112.091	1
19.2782	-99.1741	7
32.2486	-8.53322	1
47.0907	1.73477	2
50.4662	-104.679	1
-13.3766	-41.358	2
2.36576	102.18	2
19.8405	-90.4925	4
3.14845	101.705	124
46.4419	-93.3613	1
52.5933	-1.84413	3
-41.2775	174.774	1
-1.5942	103.619	2
21.7942	-72.1903	1
-22.803	-47.4357	1
35.6703	-81.9519	1
29.2471	-81.0636	1
-1.31021	-47.9221	1
-15.7763	-47.7966	11
52.7069	5.50797	2
32.9298	-96.8694	3
41.6988	-81.3409	1
40.655	-111.897	18
52.9765	6.04419	4
50.629	3.47796	1
-19.0577	-56.6532	1
35.9467	-77.8109	2
43.8494	-79.0647	1
41.2516	-8.55342	1
51.5265	45.9785	5
33.8621	-118.243	9
9.01138	-79.5241	2
50.4663	30.6376	1
53.5203	49.4315	3
55.0122	-3.44687	1
42.3046	-71.2838	1
36.9851	35.3263	3
33.7016	-115.456	1
41.8005	-88.1675	43
27.6986	-83.8046	6
0.247298	-51.0637	8
35.8587	-86.3455	2
29.9604	-95.2487	1
36.7783	-119.418	1
40.8977	-72.5159	2
40.2056	28.9851	2
-22.2973	-42.8797	3
51.9849	5.89978	2
14.9748	120.168	1
56.5405	-3.88487	1
53.2838	18.9067	1
40.9302	29.1354	4
29.7983	-90.791	4
54.5689	-1.24681	9
51.6873	5.01468	1
-2.61151	140.671	1
38.8936	-77.0146	20
-26.2295	-52.6716	1
42.6904	-83.3853	3
38.8753	-104.757	2
36.3427	138.635	1
59.425	24.7382	1
42.0851	-83.6809	4
52.2328	21.0607	3
-23.6351	-48.1082	1
38.5586	-75.7152	2
47.0561	-122.287	1
-8.09713	112.276	1
39.9781	-79.6134	1
41.5571	-81.4899	1
55.6814	37.0903	1
50.6912	-1.28889	1
42.4282	-8.62728	2
52.3316	5.53366	4
57.9232	59.9781	2
1.00185	116.394	6
53.1826	5.81849	3
-12.0774	-77.0956	7
9.99027	-84.1541	3
4.74947	114.664	1
52.0819	15.6121	1
45.184	5.71568	2
-21.7899	-48.2021	1
33.3085	44.3738	1
46.6092	11.5896	1
-22.9332	14.5184	1
41.7625	-72.757	4
35.4098	127.378	1
61.7359	34.4038	1
43.2851	-73.6847	1
30.9299	29.3312	1
43.6293	-79.2725	20
33.4312	-82.0648	6
61.2734	73.4332	1
51.4634	-0.300316	3
52.472	6.12643	2
45.3492	-122.83	1
2.82049	101.444	1
59.9951	10.9058	1
36.1278	-96.3578	1
56.0229	92.8965	2
56.2339	-3.1437	2
-22.442	-44.5232	3
26.3612	-80.1111	3
30.0836	-95.9871	1
42.4813	-72.592	2
36.6586	29.1001	1
-3.23056	-39.7735	1
49.9032	10.4298	1
51.6688	-3.74911	1
49.3294	8.43412	3
48.5395	-123.069	1
-22.4173	-49.1949	1
41.5499	2.45131	2
38.9202	-80.1817	2
39.0268	-96.8308	1
38.5741	-121.267	2
30.5964	-96.2957	1
34.0929	-83.7619	2
-2.54526	118.03	1
59.9394	30.0922	4
32.2843	-80.9106	1
-6.92454	-38.5345	1
47.3076	9.62767	1
55.8811	38.7853	1
-9.99977	-68.2655	2
30.5234	-89.6594	1
50.652	-4.03372	1
28.039	-80.6223	1
42.1918	-83.3081	2
49.2222	3.99184	1
47.391	8.51744	1
44.9797	-123.009	1
41.6136	21.7433	1
39.7284	-82.5706	1
47.6672	-117.401	1
42.3154	43.3569	1
32.7592	-97.5108	1
42.0115	-72.7621	1
39.9059	-74.0801	1
62.0846	129.292	2
-12.8971	-38.3411	1
42.0371	2.91449	1
58.8052	16.7742	1
50.7576	-103.708	2
53.253	-7.51021	1
-23.7669	-46.0184	1
1.42922	110.333	8
19.5676	-99.0445	12
41.9078	-8.86027	1
59.0838	17.5272	3
-7.28131	107.807	2
33.4673	-94.0675	1
38.1844	-85.5084	1
-2.57242	-59.9803	24
34.4991	-93.0564	1
56.9715	24.1287	9
51.9245	4.27161	5
52.5574	-0.255015	1
-36.7852	174.773	2
32.1774	-110.884	2
-6.90621	107.621	90
-7.23531	-39.471	1
52.1692	-106.686	1
57.6508	39.8704	1
30.0167	-95.5084	1
-9.02805	-42.652	1
53.9488	27.6853	6
51.1192	4.57458	3
38.8796	-6.96838	2
52.3995	16.9063	1
43.0946	-0.052434	1
36.1276	-111.251	5
35.4825	-97.4792	1
7.07646	125.606	4
30.5036	-86.4937	1
51.5309	0.78056	1
52.1976	0.126573	5
-17.9317	145.933	1
0.631816	101.416	5
32.722	-117.23	1
31.5777	-84.2173	2
34.0071	-118.761	1
34.0782	-117.451	7
48.1624	17.1817	1
44.574	38.0395	2
34.8492	-92.1833	1
37.3426	-121.977	6
51.0848	1.13623	2
53.5884	-116.452	1
40.479	-74.2892	1
36.0065	-108.636	1
30.033	-89.8826	2
3.5881	98.697	21
49.2644	-84.7477	2
56.4646	-3.0379	2
-7.62185	110.417	2
43.1218	-74.4625	1
19.6454	-99.2112	6
20.941	-89.6236	4
-6.72765	108.55	3
50.3411	3.27075	2
47.2148	5.97714	1
29.9212	-95.6321	1
14.5982	121.125	2
17.3421	-99.364	2
40.7772	29.6371	1
50.0501	8.08072	1
10.4654	-66.5892	2
-23.5594	-46.1857	2
34.6838	-82.8164	2
48.5218	2.6433	9
-25.7733	-49.7135	1
41.0525	0.906135	1
41.0769	-80.7325	1
42.9866	-108.887	2
37.9809	-76.6107	1
53.0324	5.68487	1
25.6603	-100.352	28
39.3295	-76.4351	1
-20.0082	23.4134	1
41.4986	-81.7059	5
17.9971	-76.8932	1
-23.9797	-46.3018	5
-8.08681	-34.9545	20
30.4504	-91.2579	3
38.8355	-9.36057	5
41.2927	12.5735	1
-7.07575	107.578	2
30.3157	-81.3852	2
6.6646	3.5203	1
41.9987	-93.6382	1
-22.2387	-49.1125	1
16.872	-99.8853	1
35.2949	-77.5905	1
37.9928	-122.326	1
30.0708	-90.478	3
38.0034	-79.4209	1
-20.6696	-43.8044	1
46.8359	7.65833	1
32.3865	-93.801	1
32.6095	-97.0428	1
-7.82798	110.227	1
44.447	-79.8013	2
42.6217	-87.8793	3
43.6104	3.87427	1
44.1481	11.2093	1
43.8332	4.34263	1
19.0322	-98.1543	13
40.4623	-86.8408	1
52.9756	-0.003937	1
25.7824	-80.2295	14
41.122	-75.9529	2
-5.39036	105.206	1
-23.8337	-46.8087	1
53.7205	-1.95008	3
44.8294	-93.5989	1
41.9106	-87.9095	4
53.3797	-2.58393	3
-0.178871	-78.4778	3
51.2946	-0.21485	5
41.4509	-91.0369	1
32.5711	-89.8764	3
28.1031	-15.46	1
38.6294	-90.1883	3
52.3271	5.96779	2
3.39436	101.573	3
34.1744	-79.7849	3
-20.7352	-48.5892	8
-33.8906	18.6333	2
34.933	-88.4431	1
-7.97656	112.628	24
55.7584	37.7897	2
-2.62921	-44.3026	7
34.1109	-5.70403	1
41.1443	-8.28077	1
-12.1394	-45.0107	1
35.9422	-83.9002	2
37.2692	-119.307	14
41.471	-72.8346	1
27.8845	-97.3244	1
13.7469	100.573	3
46.9446	7.42167	2
39.4579	-76.8074	2
37.2744	-79.9575	1
43.2943	5.40513	5
42.3152	-83.2172	11
-26.3749	25.4619	4
40.8822	-73.4097	1
10.4208	-75.5331	1
-10.4341	-62.4747	1
52.9147	-1.46997	2
46.8721	-99.4541	1
-1.31622	102.101	1
43.0579	-87.9671	11
27.29	-80.3374	2
-42.9014	147.322	4
53.4035	-0.77854	1
-7.14948	-34.882	15
39.0607	-75.6	3
52.076	-1.02954	1
-21.491	-49.9037	1
48.0138	7.38234	1
51.4988	-3.23772	1
-23.7454	-45.6207	1
35.9429	-78.9123	2
43.6438	5.04615	1
39.6668	-86.1404	1
31.7166	-95.5936	1
-3.27553	116.141	1
33.8107	35.8305	4
41.6693	-4.77951	6
53.7878	-2.71109	1
29.7629	-95.7417	1
51.7559	36.2038	2
39.227	-76.7611	5
42.0783	-72.6153	1
51.3364	0.808984	2
-22.8952	-47.0303	3
40.8995	-74.1515	3
-6.22043	106.975	76
-3.30818	114.637	2
54.8919	-7.01993	1
47.9527	-124.386	1
-27.6534	-51.0923	2
37.5394	-122.282	6
-23.0144	-46.7992	1
38.3042	26.3636	1
31.2081	29.9625	2
38.1819	-87.4684	1
-7.77188	113.215	1
45.2816	5.88515	1
-2.97932	104.738	13
6.20881	-75.5665	2
40.3024	-79.8206	1
47.613	-122.342	7
45.5007	-73.6311	9
39.0398	-77.0204	5
40.2659	-7.5764	1
51.3055	37.8427	2
3.0411	99.8211	1
58.4434	-3.09182	1
59.3942	18.6174	2
47.8558	-3.55852	1
-30.1649	-51.4437	1
18.7209	73.765	1
40.1182	-88.2714	6
40.788	-77.8526	1
32.335	-95.2833	6
42.6396	-8.5571	1
54.4611	17.0282	1
34.767	138.062	1
40.0615	-80.5967	1
42.1104	11.8025	1
-19.8912	-44.0839	1
30.4333	-81.7207	1
-5.17062	119.442	17
52.2694	6.24166	1
53.7927	-6.24707	1
6.01225	116.396	2
32.7989	130.707	1
40.4962	-3.36562	1
2.04811	103.382	16
59.9341	30.3287	26
53.644	55.9553	1
20.5125	-86.9495	1
-33.4594	-70.6643	3
34.896	128.642	1
31.1428	-81.4922	1
30.2052	-81.553	1
0.00849889	109.326	1
53.5846	-2.48296	2
-28.7189	-53.5192	1
48.173	-122.149	3
40.8131	-73.8071	6
20.0301	-102.265	2
29.699	-95.1063	1
-36.8279	-73.0527	1
48.2275	3.73112	1
43.608	-86.3886	1
53.1875	-3.41098	1
39.1193	-84.433	6
56.3473	14.5778	1
39.4007	-9.10914	2
-3.78965	-38.5199	13
32.6033	-84.8266	1
18.4059	-65.9809	1
51.9809	5.55241	1
1.45755	124.837	14
48.7044	2.08172	24
40.0485	-86.8926	1
41.0189	-73.9369	3
-2.87612	-40.496	1
47.5308	21.6603	1
37.9526	-121.919	3
-0.192042	-76.655	1
-6.20341	106.82	192
-6.98384	109.636	1
-0.539362	100.794	1
41.3986	-81.5078	4
45.5596	-97.0775	1
29.9635	-90.0578	1
48.383	31.1814	42
50.8572	-1.25988	1
-5.21541	-42.8028	4
55.0015	82.9557	4
51.8047	-0.80897	1
39.5303	-119.732	3
-26.7888	-50.999	1
38.6832	-121.386	2
38.9736	-95.2556	8
16.2586	-92.301	9
34.719	-82.1933	1
57.6512	11.8907	1
-7.27568	-35.9777	3
26.2962	127.78	1
0.482412	101.47	4
40.9468	17.3078	1
47.7452	-3.37891	1
8.12923	-63.5409	1
18.4422	-66.2542	1
36.04	-79.9636	1
51.0598	-101.386	1
52.0769	4.3064	8
43.6743	-79.4534	8
33.3919	-111.928	1
-6.35789	106.495	3
53.7619	-0.331942	3
34.2525	35.6602	1
48.5629	3.28423	1
55.9104	-123.87	20
34.6941	137.853	1
46.9853	3.15922	4
-3.89302	102.386	2
52.5197	13.4657	3
-26.7584	-48.7398	1
37.0857	-88.6977	1
22.0775	-99.0763	1
37.6722	-122.465	23
-17.4183	-44.7411	1
52.6535	-2.0193	1
-6.38887	106.798	19
18.5294	-72.3425	1
2.81884	-60.676	1
-30.7969	27.9638	1
44.5213	-94.7201	1
51.3047	-0.66109	2
52.4914	4.81537	1
14.6574	-90.587	10
33.0607	-96.7365	1
48.8447	2.8259	3
40.4414	-86.2719	1
53.7172	27.9867	24
48.6881	6.17345	1
10.4942	-66.8592	3
41.927	-87.7083	24
32.1897	-81.893	1
-7.04315	110.431	13
55.5799	12.9349	2
49.6706	5.03373	1
47.4824	19.1295	2
44.8526	10.7598	2
51.8911	-0.427445	4
46.0956	-100.63	1
33.7455	-84.386	13
-26.5417	29.0766	1
4.48523	97.9294	1
-27.3828	153.087	1
52.3577	4.64382	1
52.0182	4.7085	1
25.9219	-97.4746	1
-18.7954	-41.9396	1
3.38356	101.215	2
-33.8413	151.207	9
35.992	-88.916	1
1.34444	103.721	11
41.1463	27.8345	1
34.6404	-82.4409	1
41.7113	-86.2544	1
49.4271	2.0937	1
38.1864	-85.6895	3
42.4377	-123.312	1
-25.1476	-50.071	3
40.1683	31.9204	1
4.45794	-75.2246	3
42.2325	-84.327	1
57.2262	-2.77727	4
48.7376	7.05268	1
6.50429	3.30923	3
35.0676	-78.9257	14
39.9158	32.808	3
51.2362	0.587282	2
-7.96043	111.037	5
-3.8834	-40.2451	1
36.0773	-79.821	2
-25.404	28.162	1
33.6603	-117.999	3
-7.45968	112.742	4
51.622	-8.89882	1
38.9637	35.2433	72
-21.2385	-44.2815	21
35.5306	-108.675	1
40.932	-73.1119	1
-29.081	-49.6543	1
39.9568	0.263752	1
-5.18745	-37.3473	3
-6.23368	107.361	2
-25.2963	-49.3218	1
52.1332	1.41993	2
39.9641	-85.9929	3
39.3256	-81.5585	1
41.3871	-73.4765	1
49.8538	-97.2044	1
-22.7782	-45.0475	1
35.3991	-119.092	4
42.57	-83.7829	1
45.4613	9.15934	8
41.045	-85.0022	1
2.83962	101.748	8
44.8183	20.4544	1
47.0232	-103.857	1
1.33051	103.952	17
56.1247	-4.08375	1
33.8382	-117.189	2
28.4858	-16.3139	3
37.6085	-0.99288	1
36.5632	-82.6505	2
41.7581	2.06928	2
33.6314	-86.6753	1
34.3689	135.269	1
39.1849	-78.1577	1
47.7525	7.32554	1
2.54452	102.798	1
-22.5567	17.1098	2
36.1905	-119.824	1
51.4626	0.108363	3
47.3599	-122.192	2
35.2555	-94.1264	1
52.4785	-1.95458	4
-29.0686	-51.0353	2
38.7931	-89.9912	1
51.75	-1.27108	2
56.0848	9.86302	1
49.0002	1.68045	5
44.2151	20.9238	2
36.3404	-88.855	7
4.89177	114.896	1
31.6602	-96.1618	1
51.5056	5.03394	1
-20.5057	-43.8531	2
4.41525	114.011	1
51.9018	-8.47155	1
56.2577	-120.831	4
38.5305	-8.86894	5
4.0797	9.67764	3
55.8554	-4.23242	7
31.7188	-8.09695	4
5.05509	-75.484	1
20.282	85.8273	1
50.716	-3.48499	1
54.0022	-0.438413	7
-29.3559	-51.9688	1
53.3962	-6.40652	1
50.7918	2.49643	1
52.0748	23.7265	1
-8.56573	116.627	1
35.3754	136.921	1
37.4913	127.031	1
38.3614	-0.470378	2
45.5432	-122.655	7
51.354	-1.15177	1
21.3575	-158.016	1
52.8118	-0.016804	1
-23.4254	-46.0575	1
2.94717	101.87	2
-21.65	-41.4319	1
19.184	-96.2312	2
51.4386	-2.85297	2
48.4852	-122.617	1
58.0225	56.1443	13
49.4019	8.68024	1
37.5075	126.75	1
-7.04169	107.991	1
39.1268	-76.5468	1
42.4128	-76.4885	1
43.4088	-3.43313	1
33.9705	-118.418	6
-25.7425	28.1303	2
47.9468	5.0097	1
17.0949	-96.75	2
21.6145	39.1306	4
-25.5223	-54.6358	2
46.2295	39.3749	1
35.7141	-6.91635	2
28.0331	-81.908	1
41.3784	-8.3103	2
49.0315	10.9151	1
43.0743	-78.9909	2
38.6054	-76.9259	1
42.1942	-122.634	1
55.5821	38.0217	3
46.5192	6.64277	2
-16.3051	-48.9725	1
31.7596	-106.282	2
49.888	9.9584	1
26.0269	-80.3279	3
51.6546	-4.08823	1
52.6401	1.27308	1
-1.09012	37.0164	1
32.6905	-114.671	3
48.9787	1.97861	1
35.7666	139.354	2
48.191	2.27846	1
-22.985	-47.5033	3
33.0218	-117.102	1
33.4237	133.427	1
33.8314	-84.2355	4
37.5295	-122.009	2
14.4386	120.903	6
44.1252	4.09055	1
57.0085	40.9942	2
39.7393	-89.2665	2
49.5684	2.01062	1
38.0845	-78.91	1
59.2839	15.2246	2
62.034	129.747	1
20.2416	-101.547	1
40.0529	-78.9945	1
39.9296	-80.7319	1
4.64871	-74.0712	14
43.3552	5.18785	2
56.7161	36.7814	1
40.439	-79.9607	4
50.0154	36.3459	1
40.651	-73.8712	20
-1.4563	-48.493	1
51.1252	-114.185	2
54.7305	56.0378	3
38.4981	-98.3201	2
52.1804	-2.01673	1
50.6077	3.02167	6
38.4393	-78.8712	3
-3.98413	122.487	3
54.2167	24.5722	1
-22.5461	-48.6355	2
-23.3548	-46.8802	1
6.01934	116.121	2
54.9182	-1.75836	2
-29.8022	-56.7397	1
-2.08443	-79.901	4
53.6035	-6.17732	1
-7.71586	110.608	2
40.628	-8.63966	1
-2.24517	113.917	1
41.0927	16.875	1
-25.6313	-49.4623	1
41.9836	-92.644	9
25.1468	55.2531	2
53.8811	27.4453	2
35.7593	-5.86816	7
0.83527	-77.6792	2
-23.932	-48.0101	2
37.8098	-121.209	1
27.6981	-97.3626	1
-41.3876	147.109	2
30.1875	-93.212	1
33.2268	-117.391	8
40.7582	29.7876	1
42.0651	-76.8133	1
3.75431	101.949	3
26.2701	-80.25	2
37.7988	-97.2829	1
8.57046	-71.1651	2
42.9635	-85.8968	1
-6.79383	106.777	1
6.07788	-0.272392	1
51.5341	-0.900865	4
-7.35808	108.535	2
52.2346	-0.881253	1
43.8918	-96.7084	1
32.7729	-96.5871	4
-23.6417	-46.9967	1
43.0136	-89.4301	1
