Latitude 	 Longitude 	 Weight
53.4039	-1.56304	3
-19.9187	-43.9598	16
34.8715	-118.217	1
39.5785	-80.136	1
35.528	-108.69	2
45.0081	-77.2773	1
6.3506	100.191	1
36.0147	-115.131	5
44.9336	-92.2236	1
41.8998	-88.8949	1
39.8507	-74.9097	1
-12.1791	-77.0148	7
-1.32447	36.7975	15
2.89343	112.093	1
45.375	134.708	1
36.292	-119.335	1
43.1495	3.03364	2
-6.30652	107.171	1
53.845	27.5258	6
45.2845	18.8196	1
42.6866	-8.98969	1
-14.5329	-49.1422	1
47.546	-122.061	2
51.3762	-2.43743	1
-19.9458	-44.1822	1
50.795	-2.61142	1
37.6992	-121.79	1
37.7878	14.5901	1
-22.4012	-49.4018	1
51.9417	-7.99546	1
7.38513	3.96306	2
-22.6072	17.061	2
16.7624	-93.0945	4
43.6814	-79.7831	3
43.6591	4.04254	1
-26.4195	-51.8397	2
55.5715	38.2275	3
36.4578	-79.37	1
33.5907	130.407	1
42.7782	132.872	2
23.1461	79.9489	1
32.3329	-116.929	1
52.2439	6.85402	1
37.3069	-79.1188	2
35.6704	-119.694	1
22.2703	-97.9168	2
36.9238	35.3301	2
38.7599	-76.8882	7
30.5215	-87.0126	1
46.8045	17.2294	1
36.743	-119.243	1
38.5301	-82.7489	2
17.9337	-76.9044	2
40.8267	29.3248	1
-31.9606	115.845	1
41.6002	-72.8803	2
37.1714	-3.58972	1
52.6003	39.6002	6
45.6447	13.7737	1
55.4141	37.9007	2
33.4841	-112.603	1
52.1317	-2.58966	1
-23.6839	-46.9469	3
30.9696	-87.3179	1
27.7699	-82.6812	3
7.05018	125.588	1
48.2215	15.7608	1
-23.7071	-53.4119	1
43.8409	10.7245	2
53.165	158.385	1
50.45	30.5233	10
51.9141	6.56715	2
50.8399	5.31865	1
6.11277	100.374	1
40.9219	-76.9719	1
37.8223	-85.7682	3
38.6434	-121.242	2
-7.87435	110.423	12
50.4135	-104.599	1
16.4104	120.598	1
14.3308	121.077	5
-5.1842	-37.3393	1
59.7285	30.4116	4
52.045	4.94316	3
10.6542	122.955	2
53.105	-0.989355	1
41.6477	-88.0844	5
48.8014	2.43994	109
37.0368	27.4335	2
20.7049	-101.338	1
31.8856	117.269	1
-26.5206	27.854	2
43.7494	4.80534	1
40.2627	23.239	1
3.0996	98.4935	2
42.7489	-84.4805	5
-20.3359	-48.3961	3
-28.8819	-51.3119	1
43.3505	-8.40263	1
53.1302	18.0379	2
28.9699	-111.498	1
29.3741	-100.832	1
37.7879	-121.928	1
42.8081	-83.2958	3
-7.03353	-37.3471	3
36.2329	-115.238	8
-18.8935	47.5319	1
47.4815	-0.563019	4
39.1211	-86.4158	2
-4.91685	-38.9252	1
-19.6263	-43.8892	1
36.8706	10.2409	1
19.1103	-104.343	3
36.1138	-5.34875	2
-22.9949	-43.2393	1
49.2884	-123.073	6
37.8251	-7.87556	1
41.5583	60.9905	1
58.163	55.8611	2
38.8617	-77.7739	1
30.7765	31.0158	2
40.1031	-82.9443	1
-0.0396307	109.313	1
51.2251	51.3628	1
-23.4057	-51.9683	2
30.4454	-84.2453	4
40.6117	22.9808	6
33.2069	-97.1418	1
34.0456	-80.9672	3
53.5577	-2.04767	2
-6.3428	106.731	29
53.3215	50.0679	1
-23.2969	-45.9737	4
51.67	39.1707	6
39.8343	-86.2319	7
-1.22027	36.9345	1
54.1937	49.5073	1
53.4108	-2.97784	6
-21.3646	-46.0058	1
43.0352	-76.1391	1
40.8166	-73.8335	14
-21.6506	-46.4169	1
51.2799	1.09365	1
42.8962	-78.876	2
60.5355	22.2621	1
52.1438	4.68741	3
-16.6428	-49.2612	11
25.1042	55.3361	2
56.1889	36.9791	1
44.9105	0.943046	1
31.9105	-106.425	5
-20.4787	-51.2229	1
23.7281	-99.1512	1
45.0752	7.61931	1
-33.7258	-70.7434	1
39.6859	-83.9403	2
-29.6051	30.3877	4
38.0402	-78.4849	1
30.3449	-81.6832	5
45.7578	4.8351	21
-25.3235	31.0084	1
33.6742	-111.858	1
53.3549	-6.2476	13
38.289	-122.068	5
-33.6792	151.302	1
52.5379	5.34582	3
48.5455	7.76334	3
4.46447	114.041	1
34.7014	-86.6686	1
53.0157	9.0298	1
56.0292	14.1707	1
43.17	-106.394	1
-31.5614	-52.3342	1
58.0024	56.2962	1
9.8188	-83.8178	1
43.4987	2.36266	1
57.8651	14.1586	1
43.9766	4.79213	1
46.2288	10.8293	1
48.4561	135.099	4
55.1254	73.3788	4
55.3589	86.0515	2
50.8577	5.70089	6
37.3053	-6.11304	2
43.4844	-1.46103	2
39.0172	-94.2029	1
56.1385	40.4177	2
-26.8728	-49.1096	1
45.7359	-122.642	2
44.5965	5.41492	1
-6.19492	106.668	7
43.2313	0.0736105	1
36.0703	-115.957	1
32.5628	-117.116	2
32.1456	-95.1305	1
43.9728	142.458	1
51.8451	-1.96941	1
38.8924	-76.7457	2
45.2603	5.63647	3
45.7469	4.68005	1
53.7944	-1.54937	9
40.4314	-79.9806	14
51.534	4.4394	2
35.279	-88.031	1
6.558	3.51094	2
54.6456	-5.71793	2
34.6662	112.398	1
50.7372	2.25017	1
41.0329	-73.7722	4
49.5	15.4763	1
3.03296	101.654	69
-32.9537	27.9357	1
32.6782	-83.1783	2
37.4402	-77.3357	1
-16.3856	-46.8307	1
33.9306	-116.891	1
-1.16096	116.877	1
39.1349	-77.1442	5
37.8049	-122.419	10
11.2894	124.961	1
54.5977	-5.92651	3
-6.4672	107.807	1
40.7035	-73.7087	1
47.767	-3.36794	1
42.6559	21.1728	2
41.1488	-104.821	1
43.7027	-1.06341	1
29.579	-98.3433	2
41.8333	-86.2449	1
48.8844	2.59539	17
37.2692	-119.307	9
32.8207	-96.7315	4
-22.1868	-49.9589	2
-6.79142	39.0863	1
32.5762	-86.6807	1
48.6922	2.30575	11
15.6591	32.4867	2
53.29	83.6478	2
7.26297	5.19064	3
52.1715	5.64248	2
34.005	-118.81	1
38.9805	1.31143	1
19.2708	-99.6499	9
51.4163	-1.32047	1
40.0835	-80.8891	1
56.3211	-3.01651	1
-33.9284	18.8334	4
-7.65408	111.35	4
39.9347	-91.3754	1
59.9375	10.9226	2
47.3354	-122.284	3
44.9332	-123.028	1
-1.15742	-50.5734	1
52.2701	-0.747587	4
51.5207	-0.142822	1337
51.4775	-2.60259	4
46.1408	6.08141	1
50.3271	8.72895	1
64.829	-147.669	2
51.6368	0.0732186	3
35.9133	-79.0559	1
42.8317	-108.724	1
51.4264	3.91279	2
38.3754	-78.7628	1
39.1015	-84.5071	2
53.2774	6.08485	3
-25.4951	-49.2884	12
51.272	-0.395409	2
55.948	-3.18605	2
-1.05703	37.1412	1
24.6312	46.7166	1
50.2004	3.83715	2
52.3798	9.76148	1
38.5305	-8.86894	17
52.0912	5.11025	3
43.6707	7.15032	9
56.1255	-3.16051	1
56.6595	23.758	1
27.9448	-82.4779	6
29.4597	32.4716	1
55.0767	61.5533	1
35.8433	127.124	1
-7.14362	-35.8589	1
50.8322	-0.139093	1
52.5055	4.86152	2
1.86117	104.63	1
56.3537	41.3264	1
50.7163	-3.48501	1
38.7839	-77.0762	7
-24.4958	-47.8554	2
55.4383	37.7578	2
36.0779	-79.495	2
38.1453	27.3548	1
36.1641	-86.7975	3
38.6401	-77.0362	1
38.0083	-122.27	1
52.9483	4.77601	1
51.5258	5.11875	2
-37.8084	144.964	9
41.6137	-73.7062	1
41.0959	-73.4268	3
-23.2062	-51.2948	1
51.1084	6.95177	1
33.4343	-79.652	1
0.41534	9.44608	1
35.341	-80.7611	6
38.5617	-121.461	10
42.5357	-88.9855	1
46.0679	8.96652	1
51.2667	22.8865	5
40.3708	49.8409	3
11.4187	-69.6508	1
49.4962	0.131479	1
39.6468	27.896	1
39.9559	-75.2413	24
33.9794	-118.019	19
34.1515	-118.132	8
54.1937	37.6289	4
36.2389	-108.75	1
8.49656	4.59892	1
41.7932	-72.6829	4
26.4609	50.0934	1
27.0683	-82.4051	1
35.3209	-119.019	2
8.98405	-79.5259	8
38.7904	-94.266	1
10.4685	-66.8471	2
52.5366	19.715	1
19.4546	-70.6644	1
29.9858	30.9733	4
53.459	6.62288	1
33.7964	-84.5788	1
41.7427	-87.5672	1
-1.27293	-48.4598	14
10.4296	-71.4326	1
33.9523	-118.357	20
-29.9006	30.9726	10
47.8026	13.0543	1
21.0255	-101.25	1
-26.6584	28.0154	2
35.5039	-80.8488	3
45.0538	39.0332	7
39.974	-75.4696	2
20.7464	-103.4	5
33.7529	-84.2609	6
53.4301	14.6255	1
41.2251	-73.1621	3
36.8423	-119.744	3
43.3137	10.639	1
-3.44004	114.823	1
52.8118	-0.0167856	1
39.4224	-0.352546	8
55.5733	37.3073	4
40.9368	24.4136	1
52.9815	6.74891	3
53.8222	-2.71083	5
37.0614	35.2735	1
33.803	-118.054	11
31.7246	-83.2514	1
-22.9382	-45.6041	1
53.5125	55.9388	2
39.1101	-9.27397	1
35.1295	-90.0268	3
35.4699	-78.5307	1
44.6597	11.1276	1
50.347	4.52731	2
-25.4001	28.166	1
41.4297	-81.4926	1
-22.0585	-46.575	2
45.2482	-75.8001	6
61.5218	0.00022	5
15.7831	-56.0467	1
-23.2011	-46.9084	2
-20.2804	-40.2928	2
52.1629	0.122662	5
45.6436	8.81918	1
2.39449	111.874	1
40.4287	-3.55309	2
51.0183	2.34313	3
19.247	-103.704	2
50.2133	19.007	1
31.1689	-100.077	1
42.7158	-71.1558	2
33.1907	-94.9919	1
36.8404	28.3307	1
-26.3657	28.198	3
19.6527	-101.276	2
2.71409	101.925	7
-2.97814	104.761	5
40.9299	14.358	1
50.7782	5.97428	9
48.5303	2.25007	3
-29.106	-51.5365	1
51.3465	12.3817	1
41.6191	-87.6712	2
4.23955	103.192	1
-34.0411	18.687	1
30.009	31.4132	4
34.7944	135.449	1
12.1291	-86.2615	5
29.4797	-98.625	13
54.8885	38.0839	1
50.7238	-1.90735	1
42.3527	-83.0992	10
39.9765	32.6185	1
-1.75216	112.635	1
49.1048	6.19605	6
-27.4315	-48.7294	1
-3.77903	-49.6739	1
43.751	-121.514	1
38.6094	-9.08886	1
26.3356	127.747	1
38.2753	24.508	14
51.7222	-2.36701	1
4.8129	-75.7005	1
41.8067	-72.2518	1
-20.2289	-70.1375	2
35.8639	-78.6302	1
9.8403	-84.3271	1
3.23187	101.386	5
7.49983	4.50293	1
-7.40187	109.245	2
47.0881	8.28108	1
19.8848	75.3188	1
40.6762	14.804	1
56.312	44.0017	1
39.7706	30.5097	2
43.5834	-84.7734	1
42.7724	-73.8239	1
-21.5404	-48.788	1
52.9413	6.13576	1
52.6275	1.2635	1
33.5182	-82.0973	4
55.6294	37.6507	10
37.7604	-79.991	1
34.0828	-117.908	4
-0.587732	111.388	1
13.7119	-89.2359	7
39.0875	-76.8882	7
54.632	-1.56837	1
38.9704	-84.6388	1
55.9099	36.8513	1
-13.516	-71.9735	1
19.3428	-99.0504	27
21.3258	-157.801	1
55.9207	37.8674	3
54.1934	-8.64507	1
48.8236	1.99303	10
42.2997	-83.2478	2
10.0707	-69.3033	1
4.72848	7.14738	1
-12.8753	-38.5026	7
35.5771	-5.34233	2
10.8288	106.684	1
28.5135	-99.8675	1
55.2539	37.5119	1
64.5245	39.7407	3
37.6143	-76.5227	1
46.3601	48.0341	2
54.206	-3.26551	1
47.4782	19.051	2
-22.8314	-52.1548	1
23.1341	113.318	1
13.0061	77.5625	5
39.7666	-86.4413	1
35.193	-89.7305	2
-23.3921	-46.4539	7
38.5033	-89.8188	1
40.9919	28.849	13
17.1164	120.449	1
41.9327	8.70883	1
41.1555	29.5707	2
40.0691	45.0382	2
32.2904	-97.1788	1
42.3088	14.0099	1
37.6751	-122.485	15
45.639	0.205663	1
-32.6323	20.9907	2
29.8644	-95.5347	11
34.3985	-119.75	2
49.2042	-0.332246	6
34.9428	-86.5924	2
42.1971	-8.77156	1
51.5854	4.98921	3
-36.7852	174.773	2
52.1617	-1.59696	2
49.3295	2.47011	4
55.9052	38.0847	2
33.7938	-84.7891	1
-23.6828	-46.5955	86
47.391	0.681602	3
36.6259	-121.832	1
-23.6717	-46.4477	10
46.8415	-71.3703	4
3.35359	101.253	2
45.776	15.9575	1
45.8543	9.99839	1
7.35494	-2.3385	3
30.527	-91.1978	1
1.57571	104.221	1
51.56	0.236186	3
36.0018	-78.9011	2
0.72234	124.322	1
47.3321	5.03236	2
14.7317	-17.507	1
33.9791	-117.332	6
45.0405	41.8935	2
-23.5339	-47.0999	2
6.89258	79.9812	5
-34.1218	18.4889	7
41.5642	-83.4249	1
-6.34865	108.34	1
42.8329	-77.0749	1
43.2607	-79.9135	1
43.4386	3.74239	1
20.1056	-98.7758	1
18.7893	98.9976	1
30.4468	-97.6617	3
42.9259	-9.26292	1
48.9503	2.92521	3
-24.6498	25.8618	4
42.8158	-1.6496	1
37.9302	23.7082	1
46.5287	6.6419	1
33.9314	-84.1344	7
-4.62183	55.4492	1
20.5824	-103.386	4
59.4143	31.1119	1
53.6136	-1.72667	4
26.6797	-78.9618	1
49.5251	5.80679	1
41.656	-91.5328	1
45.5475	5.98992	1
18.8983	-99.1813	2
52.1331	1.41993	5
67.4444	32.7364	1
-7.16205	112.628	1
-33.4537	-70.6315	16
40.5423	-80.0815	1
-16.6161	-43.9388	2
4.74463	100.973	1
34.3934	-99.0103	1
-29.8568	-51.1578	5
51.7523	4.10108	1
38.453	27.1687	5
38.644	-76.6111	1
9.01946	7.4472	3
41.399	27.357	1
48.0113	7.38504	2
14.5355	-91.5025	2
-7.30713	110.124	6
50.6163	37.3015	1
0.0	0.0	23
54.104	22.9291	4
14.0409	100.616	1
59.8639	30.4559	4
51.8411	4.97677	2
36.0231	-86.8124	4
38.1593	-79.0629	1
56.6282	47.8837	1
42.0125	-4.53117	1
51.7536	-1.22448	2
-26.8367	27.8495	1
33.8856	-84.3157	2
-0.789275	113.921	1
39.9597	-82.7945	3
-0.532802	117.108	2
51.9219	5.77231	4
49.4412	1.0912	3
34.8035	-86.4911	3
40.8456	17.2978	1
-7.54717	110.816	4
35.7708	140.003	1
52.4542	13.2656	3
48.6617	9.00354	7
39.4207	26.8072	599
50.8709	-1.55226	2
30.0767	31.2827	10
36.2185	-83.2927	1
44.1096	10.2715	1
49.3536	0.08959	3
26.6377	-80.2414	3
25.0725	55.1417	1
57.3287	53.8645	1
40.8088	-73.5129	2
34.1954	-118.606	4
54.8671	69.1333	1
38.9298	-94.6634	1
48.4154	3.24633	1
42.51	-82.9362	1
55.5948	12.6705	1
47.9819	0.195548	2
43.6535	-79.3839	25
14.6118	-61.0933	2
34.2371	-6.61767	1
50.3799	3.10048	1
33.5557	-84.4103	3
48.8476	6.08148	1
3.94649	113.811	1
42.7466	-75.77	3
33.5914	-112.125	6
45.5411	-122.663	3
-34.5757	150.855	2
64.5713	40.522	1
31.2491	-84.2466	1
39.4274	-82.9712	2
40.0553	-99.349	1
50.4674	3.30915	2
40.1118	-84.6371	1
30.3137	-97.7325	4
37.3831	-5.92359	1
39.261	-76.7417	7
37.852	-85.9618	1
32.04	35.9069	1
0.631816	101.416	1
9.70663	99.9905	1
34.1414	-84.0528	1
53.2791	34.3808	2
21.4983	39.1986	3
-7.96043	111.037	1
45.106	5.68166	5
42.7756	-73.6756	1
41.6939	-73.9187	1
5.54065	-73.3596	3
-9.53333	-35.6871	3
-5.40306	-37.5589	1
34.8333	-82.3691	1
32.734	-97.1129	8
10.1952	-64.6919	2
20.7153	-100.441	14
40.2915	-79.931	2
48.9889	1.6552	2
31.6376	-94.6531	1
34.0209	-118.211	65
39.4012	-6.44088	1
32.8246	-117.109	3
55.8019	49.2752	2
-20.8756	-54.2616	1
44.0358	42.8779	1
31.8621	-102.352	1
51.3009	3.07857	1
36.5652	139.943	1
53.0773	4.8792	1
30.2707	-91.9037	2
57.7686	40.942	1
52.7907	5.14252	1
30.7325	-94.9908	1
39.7643	-104.855	4
26.5474	-80.0785	5
37.9794	-121.848	2
-19.4679	-44.2477	1
5.2038	96.7012	1
22.7306	-102.694	1
-7.68724	110.61	1
-23.6678	-70.4045	1
3.40524	-76.5411	3
42.4403	-71.1218	5
26.2672	50.6544	2
48.2068	1.84547	2
3.72961	103.124	1
-29.706	-51.507	1
-41.4687	-72.9563	2
35.0826	-106.678	2
41.3075	-73.8974	2
2.83052	101.622	4
38.7451	-8.77045	1
30.8769	-84.2018	1
43.5428	-99.2455	1
50.749	5.05229	1
40.399	-74.3285	1
33.4636	-88.8049	1
6.2664	100.427	1
37.2163	-76.5867	1
-22.0668	-42.9237	4
34.0537	-117.69	9
51.0097	5.83185	2
26.1063	-97.5046	1
50.9445	5.97335	2
47.0781	2.39819	1
40.7419	-111.924	4
-17.8089	-50.9382	1
54.7042	20.472	4
52.4475	16.6874	1
36.1604	-80.3376	1
-26.0347	28.0353	11
0.177371	-51.3389	2
-33.9105	18.5686	8
7.12142	3.3613	1
46.4885	0.195149	2
29.3104	47.9952	5
42.5781	9.24515	1
40.9147	29.186	2
33.6017	-7.60975	4
48.6475	44.3981	9
4.21153	100.663	1
25.0343	-101.167	1
33.6245	-80.9266	9
8.17476	98.6335	1
35.807	139.598	4
33.9055	-117.497	1
45.7868	3.11268	2
43.5634	4.19949	1
19.5421	-96.8861	3
2.06667	45.3667	3
39.4148	-76.7963	1
50.8777	0.54565	1
20.6543	-87.0701	1
50.4594	4.85369	1
34.9671	135.773	3
39.2604	-74.603	1
-21.1896	-45.4413	2
22.7894	-98.5974	1
33.6034	-117.914	4
34.8563	136.53	1
43.5831	7.00518	6
47.5108	6.80888	1
34.0203	-6.83744	9
-20.7281	-46.622	1
-29.8907	-50.9563	2
38.7691	-90.4115	2
45.5575	-73.5453	2
-6.41826	107.471	1
-36.9045	-73.0307	1
51.7617	-0.0103343	4
50.4659	30.1134	1
33.1331	-96.6452	7
-33.3343	-70.5073	1
41.3111	-8.41815	4
46.9532	4.54487	1
19.4415	-100.357	1
20.941	-89.6236	5
54.9915	73.4291	2
21.0981	-101.601	5
42.8709	74.6202	1
40.0323	-76.42	1
40.3653	-82.6694	3
-23.147	-49.9738	1
45.4323	-122.555	2
-29.1519	-51.1572	1
55.7579	37.7125	12
10.672	-71.6209	1
48.8197	44.6385	1
19.2295	72.8433	1
44.3716	4.8991	1
40.9631	-72.1942	1
59.3352	17.6749	1
43.7132	10.4047	1
31.497	-91.7248	1
49.156	2.44043	1
30.0536	32.4178	1
37.8855	-4.79063	1
49.5503	2.51287	1
48.4084	-4.49955	3
40.9724	-5.66062	1
35.1431	-85.2479	1
-15.4162	28.2978	2
51.0343	-113.828	1
3.52685	-76.2945	1
51.5819	-4.00732	3
-30.2041	-50.8677	5
33.8817	-117.851	9
35.8468	-86.4113	2
39.1363	-84.2745	2
2.1907	102.287	4
41.1192	-81.5053	1
-5.11952	105.301	1
49.0249	2.01885	5
9.14774	7.32767	1
52.3834	13.1196	3149
3.59595	98.6755	13
40.732	-74.1934	12
50.9949	13.6389	1
5.38124	100.307	7
42.8251	-8.48906	2
41.1055	29.0213	10
56.0912	8.25616	1
43.1035	5.82939	1
47.0946	37.5296	1
37.7242	-89.2121	2
45.5346	-59.3287	1
53.7923	20.9617	1
53.2135	10.3758	1
50.5634	4.5225	1
35.6915	-78.5771	3
47.273	-120.882	1
55.0806	-3.63743	1
14.5271	-60.875	1
46.9022	-102.77	1
-23.8633	-46.2901	8
20.5683	-100.484	2
-23.5363	-46.2269	3
56.2771	44.7651	1
38.9262	-76.8878	4
54.7501	55.9849	6
24.4941	54.3641	3
-1.74911	102.839	24
-1.44053	-48.4665	6
46.5644	26.913	1
-23.086	-45.5067	5
-22.916	-43.4473	22
51.27	4.50413	3
-3.27895	-60.1833	1
40.2483	-74.5232	1
51.114	-0.738996	1
1.24368	111.461	1
49.1994	-122.913	65
44.4841	11.3731	1
56.1492	47.2288	6
41.7064	-83.5019	2
48.4996	2.83726	2
42.5654	20.9269	3
30.0836	-95.9871	1
-33.9205	18.4248	4
25.81	-80.1401	9
5.20013	97.1406	1
19.1576	-98.4065	1
53.2975	-3.06875	2
52.1575	5.2966	3
40.4147	-105.062	1
47.7723	-122.346	5
31.9215	-81.6326	1
30.0072	-91.7948	1
61.5218	-75.0065	1
31.3344	-89.3398	1
34.6568	-92.4089	1
51.0846	1.13618	2
52.5715	-1.98817	5
39.8196	-85.8975	2
51.9585	6.28045	4
45.8637	9.3918	1
35.4714	139.437	1
53.1119	6.62842	2
45.4363	4.31622	1
43.8068	-79.2078	1
13.9364	121.148	2
52.5067	13.4246	9
34.0609	-4.97544	4
14.556	121.024	46
36.9664	27.281	1
50.631	3.0472	6
51.4789	-0.865801	9
-29.3292	-51.5004	5
47.0001	-120.544	1
41.4988	-81.7058	1
35.6051	-77.3773	1
19.0714	72.8468	4
40.6133	-74.4155	4
35.8583	128.751	1
51.4736	5.6531	13
44.3992	-122.702	1
-23.3548	-46.8802	1
28.1846	-80.5928	1
43.4219	-80.5155	1
48.877	2.24986	45
42.2198	-83.4838	1
47.6432	-117.522	2
38.7225	-9.39724	3
36.5895	36.1566	2
51.9037	-9.03369	1
-3.12182	-60.0436	11
30.0513	-95.1739	2
50.281	-3.78303	1
51.1877	-114.436	1
14.684	121.094	3
38.0399	-84.497	4
42.29	-75.7696	1
50.5301	2.64403	1
60.7891	11.1484	1
-27.6075	152.881	1
57.7197	11.9362	4
40.0416	-75.033	11
39.1415	-77.4131	2
43.7807	11.2448	1
44.9709	-93.2615	6
52.0769	4.3064	27
54.1479	45.2109	3
52.958	-6.39532	3
40.0904	-80.6822	1
50.8396	-0.815613	2
45.3797	17.6737	1
30.229	-97.9078	1
36.0913	-115.269	1
32.6227	-86.175	1
32.7974	-97.3745	2
52.8323	-9.43952	1
-33.6114	-70.5611	1
34.8562	32.3627	1
-23.513	-51.0998	1
53.8096	87.2221	6
47.0027	-122.852	2
52.7572	4.87691	2
39.4235	-77.4192	1
6.33691	8.09137	1
39.8309	-86.0732	3
33.7761	-118.391	2
43.1168	-79.3299	2
6.24658	-75.5834	1
-25.6571	28.2532	16
37.3841	140.105	3
37.6699	-97.272	1
43.293	-0.36978	3
52.0068	4.16861	2
41.0879	14.3583	1
54.6851	-1.79769	4
50.4794	1.60837	1
45.7988	1.12463	2
49.4294	2.09016	1
41.7542	-88.3233	2
52.3461	5.4624	4
41.5833	-93.7091	1
57.0085	40.9942	1
-17.0512	-50.6449	1
35.309	-98.7166	2
-14.2393	-53.1848	10
35.1976	-81.2415	1
56.5222	84.982	4
34.9388	-81.0267	1
25.2789	51.5207	3
39.0658	-94.3719	1
-21.2134	-47.818	1
1.50756	103.776	11
33.3738	-96.4202	1
55.1559	61.3679	6
51.9295	5.41435	1
33.8055	-116.468	2
37.3216	-120.483	2
52.0251	5.62964	3
1.34355	103.854	28
51.696	5.98207	1
48.5307	2.54491	8
39.5185	-104.76	1
-29.1609	26.1844	2
58.5905	49.6388	4
43.7697	5.25714	1
10.2091	-68.009	1
-20.5308	-47.3748	1
40.6076	-4.12641	1
56.7685	24.9914	1
6.51314	3.24246	4
32.3558	-86.0821	1
50.362	3.51425	2
5.32964	103.141	4
33.7552	-83.8954	1
41.0945	-80.6395	4
52.8471	-2.29813	6
55.9374	94.7553	1
3.46369	102.329	1
32.3604	-90.4053	2
40.5712	-105.087	1
26.2377	-98.2541	3
53.4424	-2.23348	12
-6.22446	107.021	12
51.2912	13.0955	1
30.0058	-95.6471	8
49.2928	5.74219	1
28.5506	-81.2508	7
51.4939	-1.10248	6
32.3111	-90.1888	2
42.8355	-7.73319	1
35.9534	-78.0921	1
-7.14941	-34.882	6
22.3111	-100.956	2
41.3022	-72.6879	1
35.1006	-80.9611	2
53.1958	45.0387	6
58.5384	31.2644	2
-7.06817	110.427	7
50.2653	-126.006	1
-22.5778	-50.4376	2
48.9858	2.46036	23
34.1006	-118.332	19
20.3296	-97.8959	4
41.2983	-72.9292	3
55.6728	12.5521	4
48.7202	7.71643	1
36.7919	-76.3513	2
2.81636	-60.6765	1
52.3249	-0.225449	1
42.4393	-87.8484	2
46.794	-1.43325	1
43.4586	39.9022	1
29.6302	-95.2262	3
29.0917	48.0818	1
44.8743	4.88404	1
-20.1646	-43.9547	1
-15.8401	-48.0087	3
-29.2662	31.371	1
38.907	27.8101	1
4.74881	-74.0604	4
51.1665	5.80415	2
-20.7497	-45.2854	1
42.907	-85.843	3
55.8832	12.4797	1
50.0463	20.0057	2
25.0161	121.462	1
52.5597	4.68185	1
41.6557	-81.4095	3
48.7479	9.16635	1
-8.51705	115.256	1
52.5699	6.53484	2
62.9867	27.6887	1
41.9926	9.40492	1
59.9074	30.9488	1
43.8217	7.19221	1
-22.606	-43.1191	1
39.7986	-89.6167	2
43.0781	-89.413	3
42.572	-83.3814	2
11.9771	121.912	2
40.6261	-112.029	1
18.1355	-94.4325	5
51.4557	-2.13525	1
59.7551	18.6935	1
-6.391	106.915	12
36.2135	36.1617	1
32.6758	-83.4992	1
51.3596	6.19412	1
3.01697	-60.6432	1
52.0425	4.47112	13
27.2572	-80.3543	1
41.7767	-87.7445	19
-30.0997	-51.1593	7
21.6735	-158.041	1
39.5782	-79.8737	2
6.0776	102.292	1
-6.89428	107.627	70
43.1688	-78.7007	1
32.1254	20.0812	2
41.7276	-76.86	1
43.5356	5.43184	5
54.661	39.7144	2
55.6007	36.4725	1
34.1191	-117.277	1
41.6	-86.7192	3
55.4359	65.2991	3
62.565	6.9887	1
-27.9733	26.8008	1
39.9052	-84.4062	1
47.1265	0.816188	1
41.8354	20.8858	1
8.24602	124.247	2
-6.83788	108.232	1
47.0654	2.56462	1
22.0801	-98.2891	1
53.2558	-2.40211	1
-36.9154	174.644	1
45.352	10.1419	1
29.0942	-110.999	1
40.0872	-74.6841	1
53.3723	6.22347	1
58.2563	11.427	1
41.1616	-8.16714	1
30.8457	-83.2832	2
39.8633	-104.673	1
33.709	-117.02	1
55.8491	-4.57022	1
40.2572	-111.639	1
43.3982	6.35884	1
33.317	-111.695	1
34.1088	-117.463	5
41.3138	19.8088	1
48.5235	7.61713	1
-5.79931	-35.2215	9
51.5599	4.7649	2
47.613	-122.342	7
39.9786	-83.0137	2
-25.69	27.2287	1
40.5247	-3.81615	12
40.9443	-4.12009	1
-19.0044	-48.3585	4
33.6295	-117.596	2
29.864	-90.035	2
30.0608	140.596	3
5.91341	116.129	3
48.6997	2.77176	1
-28.6815	27.0658	1
56.4678	-2.87266	3
45.552	-73.7359	7
51.2229	-1.4366	1
-1.00247	100.443	2
27.166	49.5724	2
3.18769	101.73	65
4.58187	101.108	9
-34.5847	-58.4134	2
42.9226	-75.9806	2
42.2452	-71.7521	2
46.2335	6.32473	1
26.3718	-80.1044	1
52.715	6.49006	4
40.5061	-88.99	2
47.0862	-2.03178	1
43.7729	-79.5027	2
33.7227	-5.00904	1
38.558	-76.0501	1
33.8206	-118.214	20
20.0364	-99.5617	1
-8.0436	-34.9394	4
-28.4795	24.6701	2
22.0414	-102.356	1
-34.1898	-58.9458	1
1.55467	103.493	2
-36.7374	-71.0353	46
48.1639	6.48661	1
40.4802	-3.39427	1
-22.8503	-43.239	1
40.3553	-111.985	1
-6.57576	106.751	7
-15.4552	-55.8425	1
38.1041	-122.849	1
2.94886	101.77	12
48.6839	6.11844	1
45.6917	9.6741	1
40.945	-73.993	8
41.5211	-72.0584	1
-6.06237	105.9	1
34.2134	-84.8337	1
37.5211	-122.03	3
-26.2617	-48.9665	2
28.2478	-17.14	2
-5.40421	105.216	1
-33.6064	-70.8997	4
52.356	-6.44243	1
-6.39189	107.299	3
30.2036	-85.6033	3
45.2712	-122.69	1
35.329	139.351	1
25.8073	-100.365	1
31.2635	29.9875	2
32.6225	-115.541	1
3.50362	102.521	1
49.4571	7.54634	1
50.8182	-1.09673	2
26.1911	-98.0905	2
33.4875	-80.8655	1
36.6039	-119.449	2
-22.9195	-43.0731	6
51.3112	5.79101	3
42.6636	23.294	1
51.6775	7.86516	1
1.00185	116.394	1
59.2268	39.8381	1
-7.2771	112.717	38
-11.0019	-37.1007	3
40.1095	-88.2464	2
19.3594	-98.7973	2
42.4362	-2.45429	1
25.0732	-77.4364	1
42.0928	-71.0111	1
-2.96616	-40.8077	1
4.39017	-76.0744	2
-19.8873	-44.4272	2
30.7136	76.7611	1
49.2674	-122.757	1
51.3967	-0.267444	14
41.8651	12.5933	3
47.2611	39.628	3
33.7678	-84.4181	18
34.2347	-119.175	6
51.7841	-1.37633	1
48.6297	2.44188	6
33.0931	-96.9011	4
30.4167	-87.2253	1
5.073	103.01	1
18.5447	-72.2853	1
-28.6378	31.9681	3
29.2965	-94.7936	2
5.6574	100.524	1
4.52994	-75.6697	1
-22.2336	-47.0166	1
47.8314	-4.16664	1
49.4079	8.68122	1
48.2097	17.9947	1
41.8783	-71.3527	3
42.4219	9.0665	1
38.3111	27.139	1
-29.7338	-51.0571	2
-28.0377	-48.622	1
18.9212	72.8264	1
42.9779	-85.6265	2
-1.5942	103.619	1
40.1889	29.0625	1
15.4236	73.9824	1
49.781	-97.1582	1
18.4832	74.5797	1
-22.803	-47.4357	3
35.1705	-79.861	3
42.0553	-87.8168	4
54.2055	21.786	1
-15.7763	-47.7966	19
-33.9227	150.932	2
19.1255	73.0133	2
19.5138	-90.7914	1
19.5008	-99.0521	27
-24.018	-46.5015	1
31.5729	-84.1658	1
42.3077	-88.9644	4
37.3717	-121.886	12
36.0628	-119.026	2
39.7705	16.3691	1
51.5265	45.9785	12
38.9422	-77.3653	2
51.6044	-1.25048	6
53.5203	49.4315	1
60.1595	25.0186	2
9.99027	-84.1536	4
45.4433	8.61637	1
4.59623	-74.165	1
52.1714	6.32514	3
-6.16896	106.827	84
41.8005	-88.1675	86
27.6986	-83.8046	2
0.247298	-51.0637	19
35.4242	-94.3842	1
30.0127	-90.1806	1
47.7243	-122.204	1
37.5378	-77.5685	1
39.5291	-87.1251	1
42.0908	-75.9036	1
34.0314	-117.086	3
49.7863	73.1434	1
40.0293	-105.24	2
26.1947	-81.6977	2
49.3578	0.727643	1
35.1718	-2.93515	1
43.2036	2.38982	1
42.0715	-88.0455	1
51.728	8.76856	1
15.4606	120.945	1
47.3044	2.52394	1
-36.7361	-72.9943	2
43.2763	3.51188	1
59.425	24.7382	1
40.9496	-74.1975	2
33.2869	-87.452	2
55.8579	-4.27335	5
1.55327	103.635	3
47.3976	8.49499	2
52.2328	21.0607	6
-41.4446	147.127	1
-23.6351	-48.1082	1
50.8061	3.27498	1
17.0833	-96.7166	1
3.48596	103.39	4
31.7295	-106.35	9
34.6952	132.599	1
53.0637	-0.78983	1
38.9666	-92.268	1
55.4164	36.118	1
47.9854	-99.0024	1
-37.04	174.909	2
48.6189	2.97564	1
57.9232	59.9781	1
59.0018	61.7094	1
52.5621	-0.263323	1
53.2983	6.60194	1
39.1791	-0.236237	1
52.7814	6.10693	1
29.7531	-95.3705	4
40.389	0.410587	2
-26.1022	27.8976	11
32.9908	-96.7029	1
43.101	131.926	4
49.1781	6.49225	1
52.0748	23.7263	1
30.797	-81.5646	1
37.3382	-122.37	1
51.8341	-2.21093	1
45.3545	-92.9993	1
48.5477	-3.18495	1
54.777	49.9181	1
46.5796	19.3876	1
68.954	33.1359	2
61.2734	73.4332	5
42.471	-92.3256	1
37.7	-97.461	1
-26.2561	27.8753	29
52.7775	13.2808	1
49.3294	8.43412	4
51.9494	5.20622	1
56.6784	9.58082	1
49.3005	2.65402	1
48.9174	11.408	1
40.6068	-86.2204	2
38.9979	-105.554	1
18.7647	-69.2559	1
53.1133	48.4677	1
35.833	-78.7719	3
49.6215	-1.62211	2
44.5502	38.1802	2
-2.54526	118.03	1
59.9394	30.0922	10
37.5031	-120.832	1
-1.73294	37.4421	1
22.3529	113.996	2
38.7447	-77.487	1
44.8301	-93.0559	4
25.6412	-100.294	20
52.6361	-1.13109	8
-9.99977	-68.2655	1
50.652	-4.03372	1
-0.193896	-78.4835	1
33.915	-116.638	1
41.6136	21.7433	2
30.1719	-95.4518	1
41.1436	-8.64071	3
-22.7106	-47.7943	1
62.0846	129.292	2
36.9717	-121.901	2
48.3417	2.97162	1
19.3021	-99.243	4
-26.1904	28.0141	21
-36.7714	-72.4245	1
42.1845	-84.5202	1
-34.9005	-56.1724	1
1.42922	110.333	6
59.0838	17.5272	1
40.153	-74.1055	1
52.0982	5.77694	1
51.6569	5.80462	1
51.7734	19.4806	4
45.4144	-122.759	2
36.7421	-4.41955	1
40.4052	-3.69354	2
-2.57242	-59.9803	14
25.8052	55.9864	1
52.9372	-1.45129	2
56.9715	24.1287	12
39.466	-8.47764	1
38.8048	-77.237	5
1.10792	104.043	3
46.7679	0.481023	1
-18.3797	-49.4663	1
-7.23531	-39.471	1
44.9373	-92.9218	1
48.8453	2.78709	2
-9.02805	-42.652	1
46.5678	0.386593	4
38.522	-90.0148	1
32.4675	-92.0883	1
32.3291	-95.34	1
45.3231	9.36708	5
-23.5038	-46.7578	18
44.5446	6.06132	1
37.5277	140.131	1
52.3995	16.9063	1
3.47844	101.868	1
40.2478	32.2554	1
20.1863	-100.142	1
18.895	-96.9402	1
33.9406	-84.5833	4
52.95	7.11599	2
53.1084	6.89736	1
22.1674	-98.5054	1
60.9716	25.689	2
-7.00267	-43.1151	1
48.1001	-1.68381	4
39.3376	-76.4909	3
36.7342	-3.95488	1
45.0858	10.6625	1
50.6264	2.77536	1
6.67857	-1.57586	3
45.5231	9.75916	1
51.4331	4.10658	1
39.2485	-84.5944	2
51.5215	-3.23391	2
50.1587	-5.08274	1
-34.9744	-71.2202	2
39.5922	-8.37445	1
18.467	-66.0907	4
54.782	31.998	3
28.9419	-106.163	1
30.033	-89.8826	1
51.4485	5.453	3
29.7853	-95.7204	2
49.646	4.23562	1
41.882	-87.6236	7
-18.1069	178.485	1
51.4513	6.027	2
-7.47927	110.215	1
52.9988	-6.69503	1
25.9331	-80.3128	6
30.596	31.4762	1
10.9977	-74.8039	1
34.2974	35.8302	1
51.6366	-1.08016	1
37.6716	-122.083	6
50.4074	36.9101	1
38.5662	-92.1614	1
49.3758	3.27936	1
-33.0451	-71.5635	1
48.4666	7.94731	1
26.3045	-80.2613	1
56.841	60.5879	31
29.4165	-98.4765	3
19.1568	-96.1601	1
55.774	37.5329	99
43.8096	-89.1173	1
55.985	37.1613	1
29.1942	-81.0084	2
39.9799	-0.0501074	2
-38.029	144.413	2
41.2927	12.5735	5
53.2536	5.9033	1
-22.2387	-49.1125	1
40.3325	9.30463	1
52.7108	-1.77086	1
47.0887	5.48794	1
51.1635	10.4541	1
2.13455	102.767	1
21.4942	-158.065	3
42.699	-83.051	1
37.5829	127.009	7
49.8338	8.46302	1
55.0811	36.6037	2
3.90018	11.5503	1
2.45538	102.071	2
26.903	75.8351	1
-2.15438	-79.8772	9
43.8332	4.34263	1
51.9447	-8.80831	1
61.7464	50.8191	2
51.9597	5.97644	2
41.122	-75.9529	1
8.44339	-82.4827	1
47.9431	1.88929	3
41.6544	-88.4369	1
69.3566	88.2106	1
41.3962	-82.6576	1
35.2555	137.01	2
43.0744	-83.8262	1
52.05	113.467	1
32.5711	-89.8764	1
-7.60196	110.428	2
41.8096	-87.9911	2
57.1558	-2.20275	3
4.02586	9.6901	1
52.2359	6.58505	1
51.1261	-0.194332	2
45.4533	4.7654	1
5.05505	-75.484	2
51.4902	-1.58402	1
49.0605	142.061	1
-2.62921	-44.3026	6
21.6531	39.117	1
0.440434	101.39	1
52.3838	4.64301	10
46.9451	32.0497	1
20.6554	-156.418	1
-25.8607	25.6612	1
-23.0558	-44.8942	1
37.6613	-120.924	2
43.2943	5.40513	4
-26.3749	25.4619	7
36.8984	-76.2278	13
41.4673	2.0649	9
51.7239	0.782903	1
35.4062	127.375	2
35.2035	-80.836	6
61.7359	34.4038	1
43.5448	-96.7388	1
35.532	139.698	25
-23.3804	-46.3128	1
43.0579	-87.9671	6
2.83119	117.364	1
51.7728	-0.184883	5
35.7662	51.4181	1
52.0873	0.41753	1
32.8327	-83.6442	1
-43.5465	172.63	1
-22.4408	-68.9141	1
44.8475	9.63636	2
24.7835	-107.414	1
44.8815	-0.610563	18
46.3492	18.7313	1
-23.5429	-46.8945	1
-7.9725	112.629	25
39.6777	-75.7477	5
50.8333	4.0	1
10.3954	-75.4902	1
34.5757	-118.015	9
47.9238	-3.48568	1
41.6693	-4.77951	2
42.9318	44.6465	2
16.2624	-61.625	3
53.2244	-114.98	1
53.7104	91.4656	1
42.2589	-71.0155	18
39.9334	32.8687	7
39.6154	-86.474	1
51.3364	0.808984	1
-22.8952	-47.0303	3
21.1722	-86.8467	1
18.1783	-66.1596	2
43.5745	1.33391	11
47.9527	-124.386	1
-27.6534	-51.0923	4
43.8356	7.3553	2
62.649	30.3449	4
-33.9865	151.103	3
36.1007	-79.839	3
41.5405	-8.41078	2
40.2659	-7.5764	4
57.5646	34.6638	1
37.6473	-84.7783	1
33.9959	35.6533	2
41.4227	-72.8523	1
55.7544	49.6571	1
44.1194	15.2329	1
42.9099	-76.8622	1
23.6914	-166.6	1
51.4546	46.1045	1
33.6797	-116.174	5
38.8752	-104.757	2
-22.8383	-48.5474	1
-30.1649	-51.4437	1
39.0312	-95.7045	2
46.6485	0.244562	1
31.6464	-8.01268	4
41.438	-73.5892	1
6.5034	7.56775	1
34.362	-89.5633	1
53.8437	-1.85083	1
40.3654	-8.66365	1
53.0137	-2.2051	1
53.2998	5.07599	1
6.01225	116.396	3
5.2261	96.8676	1
-8.69085	115.26	21
2.04811	103.382	9
34.4245	-119.895	1
3.5626	101.54	1
43.2367	-76.3	1
-24.2833	-47.0136	1
40.7809	-73.9772	76
47.2336	-82.0781	1
57.3102	-2.15374	1
56.5904	59.9662	1
28.4615	-81.3925	6
38.0519	-121.36	1
33.439	-104.523	1
43.4869	5.22657	1
40.7864	29.5388	1
51.7589	-4.4957	1
53.5846	-2.48296	4
51.1272	16.9913	3
34.6041	-98.4321	3
41.2911	-96.1152	2
52.4598	-6.58001	1
-28.3896	-54.8743	1
41.8401	-0.894539	3
31.1926	-111.001	1
37.7569	-100.03	1
-25.0343	-47.9877	1
47.1612	19.5059	1
34.2731	-88.511	1
43.0472	-88.2431	1
53.2858	-6.37486	1
51.523	31.3279	1
42.9838	12.55	2
48.7044	2.08172	9
-23.2981	-47.2769	1
43.1378	-1.29342	1
39.1451	-75.3867	1
53.9556	-1.08371	1
31.9973	-106.603	1
25.4214	50.804	1
28.3743	-106.247	1
51.2433	-0.54822	1
52.8853	4.93818	1
41.4881	-73.0532	1
35.2183	-79.7265	1
43.8716	-79.0552	2
0.363205	32.7399	3
3.04231	101.447	10
47.9391	-3.91905	1
34.243	-118.445	8
24.4273	54.6467	3
48.2201	16.3799	2
48.383	31.1814	93
-5.21541	-42.8028	1
55.0015	82.9557	4
52.6442	5.04313	1
1.47326	124.871	3
19.0374	-98.2598	8
17.4753	78.4934	1
14.0793	-87.2024	1
53.3596	89.9062	1
29.7211	-95.5579	4
38.6832	-121.386	3
16.2586	-92.301	4
41.9544	12.773	1
47.8766	0.0244115	1
59.9315	10.7233	4
0.046747	-51.0608	13
56.2847	43.851	3
32.8247	-79.9705	2
42.2634	-83.6674	1
55.3853	10.3763	1
51.839	1.13083	1
34.419	-117.376	2
44.0416	1.43692	1
52.9464	-1.17486	4
20.8848	-156.481	1
-22.4889	-46.3572	2
53.8811	10.7614	1
3.81135	103.311	5
34.1217	-81.2025	2
32.5658	-116.963	7
36.6564	128.459	3
46.7613	-98.7551	3
33.3919	-111.928	6
53.7619	-0.331942	3
33.2365	-8.49246	1
48.5629	3.28423	3
-5.14221	119.412	9
47.2382	-1.56074	3
38.2799	140.851	4
26.0411	-98.3511	1
51.6398	-3.00568	2
34.237	-88.3398	1
20.1652	-98.1977	1
32.034	-81.0504	2
41.4683	-74.4175	3
-30.7969	27.9638	4
55.6455	37.8276	4
3.71641	100.972	1
-26.7096	-51.9527	1
14.6574	-90.587	3
-13.9283	33.8019	1
21.8495	-102.327	2
52.1105	6.11219	1
51.0837	3.71456	1
47.5193	42.1912	1
52.3548	4.90405	8
53.7172	27.9867	46
46.515	-1.76772	1
52.2317	5.16051	3
18.1417	-65.8217	1
20.6081	-103.707	1
41.4585	-81.8689	1
51.4427	-0.01582	11
40.6229	-79.1519	1
42.0662	-83.2475	1
-3.78977	-38.5199	4
9.73117	-63.155	2
49.0579	2.68737	2
41.4371	-87.6863	2
-23.1873	-47.756	2
39.3523	3.20006	1
-18.7954	-41.9396	2
-30.8494	30.3561	2
53.9882	-6.39243	1
37.7541	-122.282	12
35.2405	128.686	1
38.1866	-85.8035	3
41.1868	-75.3593	2
53.3941	-114.226	1
-25.9525	32.5825	2
39.4984	-76.6461	2
51.5869	-1.75187	2
34.6999	-118.132	6
50.6246	5.59934	1
42.6988	2.90469	2
18.0379	-92.9315	2
47.2408	-122.426	3
33.4858	-117.725	1
10.1596	-61.6839	1
43.0997	-79.0086	1
44.745	-93.2812	1
26.1116	-80.2505	6
38.6531	-90.2435	9
5.64452	-0.186824	8
36.2379	-115.073	1
41.3847	2.18244	1
38.9637	35.2433	81
-22.0131	-51.7176	1
56.0228	92.8968	18
33.563	35.4018	1
-25.8609	28.1367	8
52.9061	-4.12244	1
51.5337	-0.445606	6
9.30665	-75.3823	1
35.1236	135.667	1
52.5664	-2.16605	7
47.569	1.11478	1
46.5596	11.7169	1
52.0853	-9.80617	3
-25.2701	-57.5708	2
50.6715	4.03745	1
45.4613	9.15934	5
37.5189	-122.263	4
-0.363503	103.102	2
22.3413	114.194	3
-22.5894	-43.3089	1
52.5142	6.10694	3
-21.7554	-48.172	3
14.9306	120.886	2
47.0232	-103.857	1
39.8314	-105.13	1
14.3053	-90.7687	1
-7.62971	111.514	1
5.53286	5.78013	1
41.7581	2.06928	5
41.9977	-71.499	1
39.801	-8.79559	1
-20.4307	-49.97	1
54.9552	-1.6417	3
21.7763	-72.2432	4
-40.5923	-73.0765	1
53.9394	-1.39207	2
41.3448	-72.0356	1
33.8913	35.4938	5
43.5443	6.67942	2
45.7417	1.3485	2
-6.70205	108.56	1
-29.0686	-51.0353	2
46.3065	-122.967	1
32.6671	-96.9033	7
34.2501	-118.286	1
43.1431	6.23781	1
38.967	-94.8235	1
55.9664	37.4155	3
19.4417	-99.1942	33
33.5325	-115.934	1
44.2151	20.9238	7
51.0261	-1.24521	2
-0.563588	37.1886	1
-0.42457	36.9501	1
53.6322	-1.86969	1
55.7418	38.0478	2
22.1716	-100.981	1
4.11572	98.2164	1
38.6234	-77.3413	3
18.2273	-65.9971	3
-31.2525	-52.1256	1
-27.0529	-52.9701	1
51.7266	5.5399	2
-33.7843	150.766	1
55.6059	37.9786	1
57.1506	65.5568	5
40.3311	-75.9682	2
48.1222	0.145926	1
53.94	27.3128	1
53.5946	-1.27146	1
51.9317	4.37524	12
-22.9776	-47.1471	1
51.9166	-0.644818	1
52.2544	4.543	2
-23.1117	-47.1947	1
52.4661	-1.6013	3
42.6475	-5.53942	4
-23.7208	-49.9596	1
33.5344	-112.29	6
25.8366	-98.3625	2
37.9695	-7.85798	2
50.8373	4.36828	14
6.42618	3.42838	3
50.471	5.69375	1
50.5265	9.00444	1
41.1182	-83.1857	1
38.2167	-104.657	1
53.0372	5.66773	2
7.80608	-72.2198	1
35.1402	136.853	1
43.6679	-1.40895	1
2.55678	101.869	2
38.7261	-9.21653	9
-21.65	-41.4319	1
55.102	-1.57826	2
43.6777	13.2102	1
-2.63247	-56.7377	2
58.0225	56.1443	16
0.378221	32.5659	2
50.8612	7.00128	1
34.2387	35.6693	2
25.7558	-80.2957	10
55.0435	-1.43881	3
51.581	4.57748	1
41.633	-71.4946	2
38.9427	-77.0607	19
56.8555	35.8757	2
34.0086	-118.497	2
34.1934	-82.1692	1
29.6921	-82.3198	1
33.1978	-96.4936	1
43.6104	3.87434	12
33.3027	-112.083	2
52.1794	5.90278	2
10.3331	123.909	7
-26.2183	28.1546	1
-6.84781	106.761	3
25.664	-100.458	1
-9.11021	-78.551	1
58.8131	125.522	1
42.2705	-88.0035	1
49.0149	6.93393	1
40.5793	-73.9691	9
42.0879	-72.5603	1
-23.0614	-45.9175	7
39.9853	-74.7836	3
51.5602	-0.589549	1
56.8631	53.2013	6
18.2566	-93.2227	1
61.3081	0.3143	1
26.1581	50.5327	1
39.7393	-89.2665	6
46.057	-71.8916	1
48.9557	-0.487733	1
30.2234	-92.06	3
46.0641	11.1078	1
20.91	-100.776	3
-28.8146	26.38	1
-26.4102	30.0219	2
59.4743	32.0514	1
48.9893	4.51291	1
51.1252	-114.185	3
35.0972	-78.9864	13
28.4821	77.0948	2
41.1448	-81.3585	2
43.5549	1.53333	3
57.5201	-4.46205	1
-22.5461	-48.6355	10
33.5913	-101.888	1
18.4976	73.8179	2
-30.4164	-53.6701	5
51.5291	0.438434	3
53.1549	0.325054	1
-22.2557	-46.1695	1
-33.8683	151.208	3
19.8326	-90.5428	2
53.1008	6.05944	2
18.4758	-69.8851	1
54.796	-1.60649	1
-21.1972	27.5385	1
6.23406	125.082	2
41.0927	16.875	2
32.3158	-106.721	1
51.6511	3.90719	1
-23.47	-47.4366	1
41.1179	-77.6047	1
55.7948	49.0696	6
-26.219	-49.4078	2
35.7593	-5.86816	2
35.3328	33.2769	1
21.6285	-103.006	1
53.8245	-3.02998	1
49.0364	2.19982	1
41.3031	-8.57058	1
50.8974	-1.34514	1
56.7391	37.1577	1
53.1881	50.1798	1
34.1853	-118.922	1
54.5463	-1.21134	2
51.7706	36.1804	1
-30.3331	-54.374	1
19.6563	-99.2336	2
35.6654	139.759	9
42.7076	-72.4491	1
42.5056	-83.1864	5
42.7091	27.7242	1
51.9824	4.67412	1
-20.8202	-49.3797	2
47.7623	2.71107	1
43.8843	2.03629	1
37.0923	-95.9415	1
59.3336	17.98	4
33.6817	72.9915	1
59.913	30.3101	42
-22.7241	-47.2901	8
32.4033	-81.771	1
