Latitude 	 Longitude 	 Weight
29.6698	-95.1249	1
26.2607	-98.1573	1
-2.62929	-44.3026	2
28.0759	-82.6442	2
36.0564	-115.066	5
-19.9187	-43.9598	1
38.0034	-79.4209	1
39.6186	-75.6795	2
60.3192	24.9696	1
34.7229	-77.3938	1
36.6217	-119.307	1
-1.71186	113.698	1
45.1776	-91.1619	1
39.3457	-76.3869	1
38.5615	-121.461	1
55.5715	38.2275	1
34.7207	135.482	1
51.9089	5.49639	1
58.5905	49.6388	3
40.799	-72.8025	1
55.0811	36.6037	1
54.512	-6.04514	1
18.4463	-69.9359	2
50.362	3.51427	1
37.009	-82.9831	1
51.2378	-0.74914	1
14.4421	120.958	2
49.4162	5.9499	1
43.2844	28.0425	1
50.6215	-2.45905	2
25.7451	-100.388	1
39.5267	2.49959	1
55.4902	37.5495	2
57.3847	21.548	1
36.7867	-119.858	1
47.0895	-122.426	1
39.4135	-74.5141	1
-5.189	122.64	1
52.5286	-1.36854	2
35.078	-106.72	1
53.5256	-1.54917	1
-29.601	30.3715	1
52.1278	5.91333	2
41.4529	-81.5886	1
0.152958	117.48	1
43.3215	-0.343273	2
55.9205	37.9988	1
43.5461	-79.744	1
38.7436	-9.16	6
43.0257	-78.8788	1
37.7703	-122.436	4
-6.71967	108.55	1
64.1411	-21.8866	1
49.3598	1.79644	1
-7.28581	108.209	1
51.7661	0.110915	1
52.307	104.253	1
54.7597	55.8957	11
33.9242	-84.1874	1
43.703	7.25302	3
3.50239	72.9027	1
39.2534	-81.8772	1
33.5546	-84.5967	1
36.0987	-80.2472	1
52.1184	-1.01848	2
41.6915	-0.927332	1
36.556	-4.68407	8
-1.32902	36.8943	4
41.2969	-81.7359	1
28.1031	-15.46	3
-33.0476	-71.4234	1
51.84	-0.275106	3
-7.02659	109.691	1
56.8949	23.8435	4
4.6239	101.117	4
48.4676	13.459	2
48.7093	2.38444	8
37.7006	-121.424	1
-23.5108	-46.8823	3
52.3298	-0.19058	2
37.3753	-121.866	1
49.0273	2.23599	3
42.1971	-8.77156	1
34.1839	-118.888	1
53.1958	45.0387	2
-22.8904	-47.076	1
45.4533	4.7654	3
48.8588	2.34701	20
-7.97656	112.628	10
7.67111	-72.3719	1
38.9616	-75.565	1
35.3366	137.116	1
57.1839	24.9366	3
39.9733	-74.2271	1
2.22231	102.273	3
42.4878	-83.2485	6
52.8852	9.75873	1
40.0263	-105.488	1
14.6342	121.093	1
48.536	7.73221	1
37.2218	-80.4206	1
40.1406	-88.1816	1
47.2045	-1.55788	1
55.6728	12.5521	1
49.4757	7.59066	1
40.8416	-73.4263	1
41.3702	-72.0713	1
40.7048	-74.1496	9
40.0277	-74.8917	1
53.3798	-2.54411	4
2.39449	111.874	1
46.3873	-87.4063	1
18.4037	-66.024	1
35.2035	-80.836	2
-14.5043	-56.8506	1
50.7195	-1.87836	2
-36.9214	174.631	1
43.0579	-87.9671	3
32.6395	-86.0409	1
34.0167	-117.337	11
52.6627	6.75298	1
44.9696	-93.4012	1
52.4743	-1.73297	2
44.2363	4.1691	1
7.35494	-2.3385	2
51.7264	5.53982	7
34.523	-83.3171	1
61.2465	46.8807	1
-20.1646	-43.9547	1
49.348	6.18203	1
-22.5568	17.1097	1
45.616	-106.667	1
32.3483	-90.1936	2
33.3808	-79.1068	1
45.6092	-62.6376	1
36.4486	-77.0942	2
51.9187	0.580929	1
6.44473	100.279	1
-23.5339	-47.0999	1
49.0597	-1.02363	1
35.6825	139.587	11
-34.1218	18.4889	1
32.8327	-83.6442	1
44.447	-79.8013	1
-6.90558	107.626	15
43.7788	7.67124	2
52.6004	19.1766	1
42.9776	-70.9481	1
51.8085	-0.807983	2
26.3612	43.9463	2
35.9429	-78.9123	1
41.2255	1.43859	2
52.6027	39.6031	1
41.3543	69.376	1
52.5699	6.53484	3
51.9141	6.56715	1
54.2721	-2.79158	2
41.0058	28.8649	2
50.9046	5.75833	5
41.6693	-4.77951	2
56.2207	-2.84619	1
-0.869301	100.434	4
52.9908	6.25623	2
12.8152	80.0404	1
41.922	-72.5447	2
-2.75378	107.753	1
35.4468	-84.3673	1
29.9643	31.2651	2
36.5766	-119.619	2
38.1571	-122.264	1
30.2161	-92.0175	1
35.6024	-100.327	1
-21.5723	-45.4008	1
52.3004	4.68486	1
13.69	-89.19	3
51.8517	5.07643	1
28.0467	-82.4282	3
50.4864	-3.52986	2
32.0389	-81.1685	1
52.7907	5.14252	1
46.6659	-1.41626	1
55.6627	37.9302	1
52.899	6.885	2
34.5214	-117.427	1
-4.56236	136.875	1
26.8086	-80.0948	1
37.0143	-76.4439	1
32.885	-117.227	6
3.60384	98.628	7
38.4609	-90.3716	1
53.1826	5.81839	6
5.0451	-75.5007	1
-21.5588	-51.596	1
62.649	30.3449	19
38.7988	-77.5935	1
42.2461	-88.9697	1
46.4396	30.745	1
56.0229	92.8964	3
39.7753	140.079	1
40.0025	-75.118	3
-2.97932	104.738	3
36.1007	-79.839	3
53.3941	-114.226	2
-5.38558	105.265	1
13.176	-59.4575	1
8.62081	-71.1339	1
55.6234	37.4094	1
28.5534	77.0866	1
29.689	-95.5067	3
-30.0997	-51.1593	3
64.5274	40.5787	1
51.3253	3.53527	1
0.0334251	-51.1464	1
56.8105	24.6057	2
54.9855	73.4086	1
42.5132	-71.0288	2
43.209	-77.7047	1
50.6163	37.3015	1
59.3942	18.6174	2
0.0	0.0	4
-6.92702	107.777	1
54.661	39.7144	3
30.5198	32.1492	1
48.0112	7.38496	1
53.3236	6.52299	4
-3.1318	-59.9941	3
32.9989	-96.7327	3
42.5117	-94.19	1
25.0403	-77.345	1
54.9733	-1.60525	4
45.919	6.06256	1
20.7718	-156.457	1
1.5744	110.302	1
54.0018	-6.37173	1
-5.16744	119.438	6
34.0489	-81.0832	2
32.3352	-96.6166	1
50.967	5.48989	1
36.5075	-4.87291	3
6.01225	116.396	1
35.1705	-79.861	1
45.4397	4.38738	1
40.8546	-81.3444	1
49.2884	-123.073	2
41.6879	-81.3751	2
50.9966	-1.47435	2
2.04811	103.382	6
51.3484	3.31489	2
59.9341	30.3287	26
47.9424	21.7009	1
-27.0077	-48.6232	1
50.8774	5.96095	11
-0.789275	113.921	1
-9.53079	-37.2468	1
51.776	55.1174	1
47.14	8.43413	1
38.0986	-3.77064	1
53.1699	-3.14084	1
34.9671	135.773	2
50.8396	-0.815501	1
2.44017	99.156	1
37.2094	-1.81407	1
-7.54717	110.816	4
30.4192	-91.0688	2
20.3296	-97.8959	2
37.9522	-86.7578	1
51.2496	5.7175	2
-34.0378	151.097	1
39.4207	26.8072	68
53.5846	-2.48296	2
-0.035776	109.342	1
8.99683	-79.5266	1
-12.8753	-38.5026	1
55.1425	37.4635	2
34.1088	-117.463	3
55.8798	38.7796	1
29.5759	-98.6199	2
38.5398	-0.117192	1
-33.9186	18.4806	1
-23.8633	-46.2901	3
44.8508	142.037	1
41.7982	-88.1242	1
43.9465	39.2935	1
34.7233	-92.3379	1
50.2934	2.77264	1
33.5324	-82.9865	1
3.00793	101.802	6
37.8827	-122.328	2
31.1926	-111.001	1
35.4593	139.635	1
31.7775	-106.302	1
29.207	-99.7924	1
28.4489	-81.2999	2
56.4843	21.0218	1
49.4699	10.9902	1
46.5192	-118.124	1
34.7963	-86.7196	2
47.8169	19.0601	1
29.5938	-98.3717	1
-15.821	35.0252	1
-11.9434	-77.0519	1
34.213	-119.151	1
28.0838	-16.7339	1
26.3098	50.2123	1
33.9245	-118.084	5
48.5518	2.6561	1
44.5986	-92.5749	1
43.6535	-79.3839	40
50.8452	-0.130547	2
46.9589	-122.823	2
-7.08728	107.562	2
47.6843	-122.383	4
46.2048	6.14319	1
52.1784	4.4688	2
52.9975	6.55836	1
52.4157	5.84023	1
35.309	-98.7166	2
55.3916	36.7322	2
1.5823	103.739	6
19.5622	-71.0921	1
50.8542	20.6156	1
42.7466	-75.77	1
52.2844	6.44019	1
38.9103	1.42366	1
5.53473	-73.3548	2
38.9937	-76.8749	1
62.5764	29.7792	3
-7.45116	112.696	1
-7.31284	108.356	1
10.9515	-74.7782	3
41.2905	-96.0836	2
51.4372	-0.893233	6
27.7086	-97.3698	1
-26.1515	28.0615	4
30.3449	-81.6832	1
37.6971	-97.4361	2
51.9401	4.48181	2
3.32812	101.579	1
35.1432	136.901	6
45.7578	4.8351	4
-6.39968	106.969	1
-36.7374	-71.0353	4
35.2892	-78.9453	1
37.9573	-87.566	1
-8.22235	113.115	2
55.7559	37.5483	32
53.8438	-1.85083	1
19.4325	-99.1534	8
48.383	31.1814	25
53.9314	-0.783643	1
40.8453	14.2658	1
55.0015	82.9557	2
38.3489	-0.5151	1
41.4748	-73.0433	1
56.3135	-3.02212	1
40.7647	-73.8325	5
59.4096	24.6331	1
55.7395	37.2687	2
31.5725	-84.2004	1
48.6839	6.11844	3
55.902	37.4559	1
48.8464	2.81794	2
40.8889	-74.2027	2
51.6255	-0.268449	11
36.2604	-115.085	1
33.6681	-84.7579	1
50.3881	-4.11457	16
26.2097	-98.2979	1
5.72015	102.509	1
50.9045	4.36058	5
16.2586	-92.301	4
20.7153	-100.441	1
33.8546	-118.377	2
38.1609	13.1042	1
52.9704	36.0825	3
-34.9328	138.555	1
1.44292	103.64	1
-6.39189	107.299	5
34.0209	-118.211	21
38.9637	35.2433	6
52.3445	6.65941	1
23.746	90.4059	2
42.2113	-83.2101	1
-20.8756	-54.2616	1
51.4033	-0.737261	5
51.4708	-2.61703	2
41.0173	-76.4539	1
52.2346	-0.881253	1
52.3988	6.2982	1
31.3228	-94.7266	1
7.7597	8.55698	2
51.5042	3.87864	2
42.3144	-70.9703	2
38.7065	-121.366	1
31.0882	-97.7518	1
45.4855	-122.716	2
51.9685	5.66513	1
49.5003	8.50216	1
39.7643	-104.855	1
52.3167	5.54332	3
-3.39847	104.826	2
28.6115	-100.442	1
53.5251	-113.603	1
30.8395	-83.3278	1
25.6905	-100.218	1
-26.8728	-49.1096	1
45.516	-122.969	1
53.827	-1.68486	3
45.0401	41.9709	3
6.15043	100.379	1
53.3549	-6.2474	6
52.4143	-1.5192	2
51.7059	39.1831	1
-6.35789	106.495	1
53.6483	55.736	2
52.5301	-1.97071	4
42.9073	-78.7484	1
52.7455	5.30913	2
33.8101	-117.824	2
55.9152	-3.1623	1
1.00185	116.394	1
34.4089	-118.501	4
-7.2771	112.717	16
53.0109	158.66	2
-3.44988	114.81	1
47.6914	17.6615	1
30.4425	-84.3065	1
40.4778	-3.70352	7
10.0767	-69.2739	1
52.1504	1.41289	2
3.06696	101.49	6
5.63599	-0.106646	1
48.762	1.8379	3
30.0091	-95.2707	1
52.8479	-2.17501	3
52.1263	84.8637	1
-6.21099	106.963	15
41.7597	-88.3011	2
28.8125	-81.6482	1
49.2638	2.46887	1
35.327	139.403	1
-30.7969	27.9638	1
30.9373	-91.4009	1
48.2503	7.45889	2
52.3752	5.23621	5
17.4463	78.371	1
-7.5322	112.229	1
38.8778	-99.3181	1
32.6782	-83.1783	5
-7.04882	107.129	2
51.6343	5.95179	3
38.8992	-77.478	2
52.1481	5.06188	3
51.1352	4.3958	3
48.9942	2.08123	4
47.2611	39.628	3
33.7678	-84.4181	9
44.0407	-122.931	1
52.3548	4.90405	5
53.7172	27.9867	8
50.812	3.30204	1
32.799	-116.954	1
1.3865	103.843	10
4.26931	-74.8226	1
51.5207	-0.142822	2346
36.3413	-82.3762	1
-8.43458	115.578	2
51.5897	-0.413095	1
33.1296	-85.5719	1
37.1573	-121.932	1
52.0101	-0.498211	3
-6.31477	106.792	5
43.8718	-72.4515	1
38.7225	-9.39733	5
54.5977	-5.92651	3
40.7144	-81.3115	1
52.6898	4.92602	2
54.7042	20.472	2
34.4505	-119.832	1
53.4013	-2.97314	9
52.0342	5.18102	1
-14.1749	-42.8259	1
51.361	1.41909	1
33.8814	-84.6732	1
26.6621	-80.1133	1
41.3941	2.1393	9
30.1294	-95.3904	1
33.5744	-85.0954	1
22.7894	-98.5974	1
49.1603	1.34044	1
56.5645	-2.58788	2
63.1098	28.3664	3
52.1364	5.60753	1
37.2692	-119.307	3
39.9154	-104.839	1
52.0556	4.3113	10
3.38356	101.215	3
41.8345	-71.4021	2
53.6075	-2.15452	5
27.29	-80.3374	1
39.2448	-9.31221	1
56.3131	44.0176	1
55.7045	21.1556	1
29.3095	48.0308	2
51.0623	4.53602	1
3.14845	101.705	35
35.9926	-83.4575	2
57.6003	-3.62514	1
40.1985	-74.7294	3
-33.8997	151.003	1
33.5713	-112.261	2
48.6475	44.3981	1
40.3962	-79.998	1
52.9378	-1.35923	2
41.6045	-87.6533	3
52.4915	4.75354	14
51.2078	-1.47344	1
52.9098	-1.53829	3
34.6999	-118.132	6
51.3927	6.14929	2
36.2936	-88.8972	1
-15.7763	-47.7966	6
39.2847	-76.6205	2
51.9547	4.85292	2
54.3783	18.5969	1
19.2708	-99.6499	2
63.6135	29.1893	2
-29.1066	26.2131	1
51.5599	4.76485	1
52.9674	5.93033	1
-30.3716	153.059	1
41.0202	-73.9362	1
51.2772	-0.259762	4
38.9889	-84.6326	2
41.0709	-81.5123	1
51.5957	4.09868	1
38.5148	-76.5123	1
55.8631	-4.24993	5
34.2258	-84.0362	2
1.47326	124.871	2
42.2473	-83.743	1
51.1587	-0.631092	2
40.6782	-73.5844	1
-7.14941	-34.882	2
42.7825	132.87	1
56.2847	43.851	2
51.8431	15.7354	1
2.06667	45.3667	1
51.5265	45.9785	5
25.7057	-80.297	7
44.9809	-93.2349	1
36.0011	-77.8126	1
-8.43046	-36.7454	2
35.0805	-78.8877	10
53.5203	49.4315	2
55.0122	-3.44687	1
52.1973	0.146403	1
51.4406	-0.306996	3
45.0234	38.9644	2
43.4311	6.75327	1
-21.4064	-45.4872	7
-0.56146	34.9344	1
-6.23368	107.361	2
50.102	8.84683	1
-6.16896	106.827	35
31.8668	-106.562	2
26.3731	-80.1174	3
27.6986	-83.8046	1
36.2329	-115.238	3
51.4655	7.58427	2
51.5007	-3.58299	1
57.5351	14.3715	3
31.3322	-99.8584	1
36.8218	-76.337	1
48.9942	8.39667	1
-32.5325	115.714	1
53.073	-2.25467	2
51.193	5.57252	1
46.1331	4.76582	1
52.9553	-1.15197	3
55.9449	-4.13381	1
-25.4951	-49.2884	1
52.6308	1.21662	1
55.2794	38.4932	1
46.5278	6.82599	1
-23.3921	-46.4538	6
51.3308	5.97766	6
42.6791	-83.2603	3
39.5715	2.63593	1
47.4341	-120.329	1
53.3338	-2.73235	1
41.7674	-72.6777	2
61.6456	130.708	1
38.2928	-85.5584	1
38.7724	-92.3074	1
52.5142	6.10694	19
-0.478237	117.136	2
40.8072	-73.1278	2
51.585	5.06361	2
41.1179	-77.6047	1
37.338	-6.08279	2
50.4541	-104.625	1
52.4749	-2.11668	17
37.6178	-122.071	1
53.0793	6.69454	2
43.8361	6.08468	1
52.2328	21.0607	1
40.6117	22.9809	1
34.1806	-118.536	3
41.7581	2.06928	1
54.1398	-7.7205	1
52.5733	-0.251682	1
56.3857	-2.87758	1
39.3492	-77.8187	1
51.3699	-0.449468	2
51.6603	-2.42124	1
32.6766	-117.172	1
61.2045	-149.864	2
52.4084	0.274639	1
-12.0918	-77.0011	2
2.71983	101.943	1
-23.6989	-46.6151	17
46.5285	6.32263	1
31.2437	121.523	1
38.9886	-94.6029	1
35.0824	138.516	1
5.32964	103.141	3
40.1337	-75.3814	2
38.5021	-82.6994	2
40.7764	-111.92	2
53.4424	-2.23348	5
35.8468	-86.4113	1
48.8858	-0.251088	1
52.6985	0.35331	1
26.1122	-80.2238	3
40.8541	-74.0202	3
51.4916	-3.17346	2
57.1558	-2.20286	1
31.2638	29.9863	1
-7.00646	110.485	3
52.3834	13.1196	305
43.8485	-79.0442	1
39.1899	-0.437942	2
36.7074	28.0921	2
41.8335	-87.7319	9
51.2667	22.8865	2
55.6084	38.0756	2
25.8635	-80.309	2
50.9404	0.366004	2
39.528	-104.921	1
41.2741	-82.8483	1
61.2734	73.4332	3
51.8971	5.90235	4
45.495	9.20444	2
43.8757	-79.316	32
51.7859	5.29507	3
-33.5145	151.335	1
62.8034	28.4966	1
43.8553	144.464	1
51.6467	-0.033232	1
29.6817	-95.3358	1
29.4787	-98.508	2
34.1062	-118.062	3
-6.47196	106.839	6
54.1937	37.6289	1
38.7819	-82.072	1
52.6129	-1.674	1
57.1506	65.5568	5
40.3311	-75.9682	2
47.1828	-122.281	1
35.6915	-78.5771	3
-26.3749	25.4619	2
42.071	-88.0454	1
-23.5912	-46.7162	2
42.1241	-6.2052	1
41.0532	-73.5368	1
35.3124	-80.7198	1
42.3113	-83.3695	1
1.84715	102.901	1
45.4034	-122.272	1
3.74638	103.311	2
34.0472	-117.913	2
54.894	10.3707	3
-6.20948	106.596	16
48.9174	11.408	3
37.9168	-1.11781	1
52.201	4.90096	1
-23.1117	-47.1947	1
39.7797	-86.1329	2
36.8339	140.732	1
52.8629	4.82565	1
47.8945	1.9045	2
-36.974	174.814	2
53.459	6.62288	2
50.6711	-1.32759	1
43.3984	-94.8157	1
40.0064	-85.9417	1
37.9695	-7.85798	5
52.2604	-113.769	1
40.4247	-74.3803	1
47.0191	28.8442	2
56.8155	60.6136	4
35.9863	-115.225	3
-2.54526	118.03	1
-12.6901	-38.4864	1
47.5992	19.3468	1
-1.74911	102.839	3
42.6991	-71.1588	3
53.5083	50.1451	1
-33.8751	151.21	5
53.6714	-1.83769	2
52.3937	-1.31855	1
38.2024	-85.7278	1
0.345268	32.5966	1
48.4342	35.0702	1
52.6373	4.75456	1
-27.451	153.038	1
-26.2143	28.2552	1
48.9232	20.8882	2
2.55678	101.869	1
-1.08184	116.939	1
41.5372	-72.8019	1
-22.916	-43.4473	3
-36.416	-71.9709	1
28.4131	-81.4739	3
29.3081	-98.4003	1
51.4723	-2.81056	1
52.8248	-2.02806	1
58.0225	56.1443	6
60.1603	24.6797	1
-22.5918	-47.3616	1
41.6136	21.7433	2
49.1994	-122.913	26
34.4487	-119.247	1
-19.8458	34.8583	1
40.797	-74.4707	1
53.6163	55.8952	1
6.46848	3.31298	1
54.3179	48.4689	2
43.8082	131.958	1
39.4224	-0.352546	6
37.3831	-5.92355	2
25.81	-80.1401	3
45.0666	7.69946	1
38.4365	27.2018	1
39.1317	-84.5109	1
18.2082	-66.0807	1
32.7409	-97.2673	2
55.0811	21.8826	1
41.5189	-72.0553	1
34.0086	-118.497	4
32.3111	-94.1629	2
56.6402	47.8384	1
1.42922	110.333	2
52.1782	5.40729	5
55.7708	49.0979	1
43.6104	3.87434	1
2.29916	102.912	1
57.6508	39.8704	1
59.0838	17.5272	1
34.5416	135.454	3
45.8059	15.9845	1
51.8353	4.67867	1
33.0846	-97.2982	1
42.3402	-71.314	1
-26.259	27.8561	2
44.4118	4.72966	1
-4.95739	105.215	1
40.5326	-3.47863	2
36.4031	138.24	1
57.6712	-2.49297	1
29.9276	-90.098	4
51.6546	-4.08823	2
45.5429	-73.7646	2
33.4584	-81.9429	1
47.1612	19.5059	3
32.461	-93.8138	1
29.8239	-95.4621	4
-7.78094	110.364	5
36.1133	-5.48741	1
0.557415	101.462	2
42.6926	-71.3085	1
48.8427	-122.291	1
52.3003	7.00333	2
56.9715	24.1287	10
10.6645	-61.5225	1
51.9695	-2.26215	1
38.3854	-78.9685	1
54.6669	-6.79809	2
61.5218	0.00022	5
48.3169	40.2673	2
52.6363	-1.13111	4
52.2816	-1.94588	1
48.4561	135.099	1
29.4915	-95.1745	1
42.0869	-72.5303	1
-23.0614	-45.9175	1
50.7472	4.22379	1
36.5902	140.014	5
53.0253	7.22658	1
33.2057	-87.5493	1
47.0558	6.74292	1
45.7186	-1.16054	1
51.4736	5.6531	11
51.0183	2.34313	1
57.0085	40.9942	2
45.0473	5.05973	2
39.4209	29.9937	1
47.0497	15.4724	1
52.881	-4.10468	1
38.9636	-9.29372	1
52.542	31.9441	1
47.7716	12.7797	1
54.0788	-2.72119	1
19.6867	-99.2249	3
48.0424	-98.3448	1
-8.69739	115.162	11
48.0896	37.9537	1
45.2094	-93.3369	1
37.5054	14.8045	1
38.8347	-76.8928	7
34.0052	-117.719	1
54.0765	-1.58976	1
41.546	-74.047	1
52.2864	-9.67281	1
54.2968	-1.56919	3
-14.1813	33.7777	1
30.7019	-88.0889	1
48.7949	2.13428	6
59.4743	32.0514	1
50.749	5.05229	2
32.6324	-116.965	1
36.824	139.91	1
36.4585	-80.6395	1
20.6767	-103.337	1
41.092	-85.0569	1
39.7419	-105.012	1
12.1291	-86.2615	2
50.8541	-1.21221	1
40.1384	-75.5235	1
44.3693	0.468752	1
51.9292	6.07727	2
53.451	56.0472	1
38.8964	-77.0462	5
55.0767	61.5533	1
30.5928	31.4745	1
53.1185	34.9516	1
30.2566	-97.7461	3
34.0071	-118.761	1
5.38884	100.381	3
22.3973	-101.935	1
-6.89947	112.072	2
46.7613	-98.7551	1
34.243	-92.0244	1
49.1048	6.19605	1
39.6802	141.114	2
51.5298	4.47265	1
52.7277	6.51833	1
40.6974	-73.9797	9
52.0182	4.7085	5
53.5561	-2.66589	1
50.6167	4.1398	4
44.2839	0.247698	2
42.3473	-71.1435	3
54.782	31.998	1
38.2753	24.508	7
44.8638	-0.586176	2
51.3551	-0.0803756	5
35.9457	-84.0711	1
47.4896	19.0618	3
30.033	-89.8826	3
51.4485	5.453	6
32.5949	-96.1883	1
-23.513	-51.0998	4
56.3985	-110.955	1
40.6252	-75.366	1
53.3726	0.0181092	1
43.3128	-91.8029	1
51.957	-0.166011	1
28.6534	-81.4115	1
43.1169	-79.3299	2
37.2915	-120.471	1
53.7932	-2.92766	2
48.0832	41.2726	1
3.23187	101.386	5
6.69715	-1.53642	1
43.6115	-79.5896	1
-33.4301	-70.5851	5
51.489	0.09629	11
35.7593	-5.86816	1
57.4295	26.9838	1
51.5081	4.28393	2
39.9859	-75.3197	1
34.6881	135.178	2
-24.5989	30.8111	1
49.1846	-0.372109	2
51.0881	1.13436	1
49.7033	8.31384	2
54.1917	-3.08658	1
52.1965	-2.21012	1
19.9723	-99.1747	1
5.14402	100.512	1
49.2367	6.99535	5
53.0324	5.68487	3
49.4252	7.74889	4
37.6459	138.947	1
-29.745	-51.0704	1
48.8827	2.54503	5
53.5368	-0.129658	1
43.188	27.8705	1
38.6402	-77.2889	1
3.48624	103.39	1
41.5888	-87.8095	1
58.8131	125.522	2
35.7029	139.743	9
36.0231	-75.6666	1
10.3811	-75.4984	1
37.0092	-121.581	1
37.5521	-4.36817	1
-45.8546	170.513	1
45.7869	3.11269	1
-14.2393	-53.1848	1
-6.82176	107.145	1
41.0038	-73.6708	1
6.11767	102.289	1
33.4317	-86.7258	2
35.6928	139.931	6
41.5932	2.28016	1
56.1291	-3.14933	1
-6.88289	109.67	1
56.5222	84.982	1
39.1636	-77.2676	1
39.6334	-79.9461	3
55.6087	37.6763	6
-22.2387	-49.1125	2
55.6908	13.1985	1
59.3336	17.98	1
55.1559	61.3679	2
30.6525	-96.3411	1
51.8986	-2.07653	3
21.2954	-157.827	1
