Latitude 	 Longitude 	 Weight
-27.2447	-48.6992	1
50.0645	5.76072	3
33.8337	-118.351	22
61.0527	28.3162	1
22.3388	114.263	5
34.233	-116.052	1
38.6621	29.3906	3
5.35651	115.229	1
41.3195	-82.0309	1
-18.0263	-70.272	1
50.9913	2.22481	2
19.3184	-98.2454	2
55.5715	38.2275	1
35.0145	135.568	3
57.2547	60.1177	1
32.7001	-113.962	1
28.51	-99.8336	1
53.0309	18.5857	1
-21.21	-48.2936	3
60.1837	10.1986	1
29.9743	-90.2361	3
52.9908	6.25643	3
35.6649	139.857	25
25.8111	78.3815	1
38.4037	-121.349	1
53.2975	-3.06868	11
16.959	-99.7356	9
42.8791	74.6121	1
53.2109	5.67335	2
43.1495	3.03364	2
-6.58341	106.794	40
31.6029	130.56	1
51.29	-0.832989	4
55.3637	10.467	1
12.2979	76.6853	1
43.2162	-0.246791	8
38.9751	-9.10021	3
51.576	4.64267	7
37.6792	-121.029	2
50.795	-2.61142	5
44.4006	33.8032	1
41.551	9.30794	1
38.502	-117.023	2
16.8422	-99.9052	1
35.9373	-78.6587	3
-22.4012	-49.4018	1
42.2774	-83.4145	3
13.7355	100.553	10
48.5247	5.11677	1
50.6294	-2.46326	1
18.6269	-68.7116	1
51.506	-1.12316	13
39.9909	-75.3894	5
-6.06001	-77.1672	2
54.174	60.2421	1
19.8466	-90.5346	5
-26.4195	-51.8397	2
-6.09402	106.701	25
51.9187	19.1348	1
40.579	-4.01259	2
35.8305	-85.9786	2
33.7532	-112.317	1
43.9203	2.69712	1
29.5124	-98.3082	3
32.3329	-116.929	2
49.6221	6.5865	1
37.9125	139.062	1
54.0136	27.6675	6
35.636	-108.863	1
22.2703	-97.9168	3
34.9167	33.0189	1
35.1217	-117.97	1
13.488	-88.1937	1
43.3305	-83.737	1
33.3022	-117.342	5
56.0393	37.9111	1
40.7405	-2.54198	1
-22.7177	-42.6203	3
51.8188	4.60591	2
18.0901	-94.1714	1
43.238	0.0725909	1
36.7543	-2.78205	1
41.3759	-88.6275	1
53.632	10.1793	1
48.5562	-3.17705	1
30.5215	-87.0126	4
32.8255	-115.561	1
53.3145	0.0134059	1
41.4654	-82.8206	1
36.5603	-87.3465	2
5.37366	100.41	26
41.9834	-92.6525	2
35.0742	-106.523	4
32.491	-84.8741	6
-30.0294	30.8231	3
-31.8978	26.8727	1
-2.99192	104.822	11
15.7339	-88.5993	4
-7.94422	-35.1191	1
52.6003	39.6002	8
45.6447	13.7737	1
54.6818	-1.43164	2
19.3343	-97.9228	3
37.3382	-122.37	1
42.3444	-3.68944	1
41.817	-71.4212	10
51.6636	-0.810113	4
37.1258	-121.628	4
-6.90558	107.626	170
33.6666	-112.455	2
28.4811	-81.3687	16
48.4052	-4.47429	2
-23.7071	-53.4119	2
38.5617	-121.461	15
17.6348	120.411	1
-29.9153	-51.1771	14
43.222	-123.356	1
56.8105	24.6057	1
44.4769	-73.1973	1
47.8078	-2.38669	1
51.9141	6.56715	1
55.7796	38.8307	1
3.59335	116.629	1
37.8223	-85.7682	2
41.8005	-88.1674	15
-7.97425	111.534	1
-19.4472	-44.2541	1
52.3326	0.529435	1
49.0656	2.82063	1
-18.4436	-70.2939	1
40.5594	-111.982	2
52.0429	18.3787	1
58.0333	7.45	1
-8.66913	115.215	26
31.6061	-97.1174	1
-21.5723	-45.4008	1
49.0555	3.37798	2
-28.739	-49.3605	24
52.1617	-1.59696	4
54.1242	-114.398	1
37.0368	27.4335	2
43.7392	7.42248	3
20.7049	-101.338	1
55.8542	37.6535	29
43.6777	13.2102	1
43.8227	-79.3166	7
4.93567	8.34129	3
39.2852	-76.7432	11
-8.08803	-79.0091	1
33.9453	-116.955	2
47.4391	6.58419	1
17.9993	-66.5993	1
-7.44756	112.705	4
40.2627	23.239	1
-3.27014	-79.9659	6
30.4158	-97.5222	1
41.9548	-4.28866	1
56.8544	35.8997	3
43.4886	-8.22519	1
48.9893	2.258	71
-22.7467	-47.1389	1
28.2156	-80.6014	1
46.5712	30.7929	3
37.8072	-25.4945	1
52.5055	4.86152	16
52.9974	6.55836	2
47.4687	6.84151	1
18.4976	73.8179	4
39.9674	-85.8915	1
-1.2964	-47.9321	1
18.4285	-69.9936	7
54.4292	-6.29417	1
49.4973	-119.578	1
53.2735	-6.61591	1
28.9699	-111.498	5
37.4237	-120.781	1
34.1682	-111.931	1
42.7261	2.97705	1
44.5453	6.06236	2
-7.03353	-37.3471	3
48.1469	11.4418	1
-33.7843	150.766	1
47.4815	-0.563019	4
-5.569	-50.0651	2
44.0358	42.8779	1
19.4325	-99.1534	234
14.6248	-61.0731	4
51.0349	4.45955	1
19.1103	-104.343	1
52.9789	36.1087	10
35.3519	136.767	1
51.8267	-0.645674	2
43.5428	-99.2455	1
49.2884	-123.073	19
33.5112	-82.5049	1
-19.2362	-43.247	2
41.5844	-87.6035	1
55.7143	60.4835	1
-8.20153	112.734	1
41.9541	3.20771	1
37.8251	-7.87556	1
39.6578	-3.82036	1
41.5583	60.9905	1
-41.706	-73.3391	1
-23.417	-54.5603	1
-33.0242	-71.6408	16
36.773	-76.1859	4
-6.83318	106.826	22
-30.9286	-51.8289	2
7.51874	4.51626	3
58.163	55.8611	1
56.1459	8.81087	2
45.0545	3.91226	1
38.9893	-76.8728	44
45.6921	-122.663	2
41.2229	-111.973	3
-23.6716	-46.4477	29
41.6836	12.7771	59
8.55103	-71.2345	5
39.3235	-82.084	2
-29.2431	16.8805	1
-8.13198	111.617	1
52.4991	5.49717	1
51.2251	51.3628	1
39.4622	-77.9679	2
44.3212	-61.8117	2
36.7449	-3.51984	1
-0.496147	117.148	7
37.3876	138.589	2
52.3188	6.90207	5
18.7813	-95.7786	1
54.5211	-6.04748	4
39.7797	-86.1329	3
4.17242	73.5037	4
-6.97127	110.019	1
53.011	9.03651	3
43.9407	4.83351	3
46.7952	-2.0158	1
7.10876	-73.1108	2
47.842	35.1243	1
46.7352	-117.165	1
-23.2969	-45.9737	10
35.0824	138.516	1
51.3587	5.56415	4
45.245	4.64206	1
-24.7871	-65.4129	1
34.4152	133.28	1
51.046	2.84731	1
39.3735	-104.841	1
66.6685	66.3855	1
53.4108	-2.97784	18
-21.3646	-46.0058	1
3.58111	98.6676	51
-24.2508	-51.6792	1
14.4311	120.875	4
43.0352	-76.1391	3
28.0838	-16.7339	2
-6.28588	107.363	9
49.1737	0.658647	1
6.38993	100.426	2
45.9496	5.32601	1
46.9589	-122.823	2
43.6111	3.16391	1
9.85554	-84.3384	1
40.0109	-74.8728	2
8.99923	-79.5207	10
35.309	-98.7166	1
-16.6428	-49.2612	21
45.5517	8.94329	1
25.1042	55.3361	3
56.1889	36.9791	1
52.0231	5.55162	9
39.673	27.8929	2
29.5901	-98.6259	17
42.8087	-106.417	1
38.5029	-89.819	1
45.4628	-73.4347	2
4.89525	100.716	1
-9.95786	-67.8066	1
-6.0156	106.053	4
18.8567	-97.1128	1
53.4619	-1.04773	2
40.0495	18.0566	5
36.6038	-119.449	4
30.3449	-81.6832	10
-22.1761	-47.3406	1
-33.5828	26.8875	1
45.7578	4.8351	37
48.6221	22.2912	2
44.9636	10.6856	1
35.6087	-78.6327	3
47.0278	-122.342	1
43.3097	6.63178	1
39.5422	-87.2171	1
39.923	-86.187	2
39.9216	-83.1383	2
18.3197	-64.8824	8
47.9938	-122.096	1
-2.09083	-79.9029	21
35.0617	-89.8972	2
54.9848	73.3959	8
56.3135	-3.02212	1
59.4096	24.6331	3
44.7713	10.7778	1
-6.83788	108.232	1
34.7014	-86.6686	1
27.8773	-15.4801	1
10.2289	-67.3228	1
0.313888	32.5826	4
34.883	-77.2451	1
-1.13321	-79.434	1
25.559	-97.5474	4
50.9842	-2.709	2
-31.5614	-52.3342	4
4.73241	-74.3417	1
39.8904	-86.0444	1
9.8188	-83.8178	2
57.8651	14.1586	1
48.6412	2.34594	29
-19.4526	17.5892	1
-26.4168	-49.0724	4
43.5075	-83.9596	3
40.9504	29.1217	16
45.8106	5.18173	1
48.4561	135.099	5
33.9998	-83.3858	1
40.0997	-85.5871	1
55.1254	73.3788	19
49.2147	1.79848	2
50.8577	5.70089	8
23.1547	79.9435	2
46.819	-92.0884	2
46.17	10.0384	1
39.6521	-0.564281	1
40.4457	0.404148	1
-26.8728	-49.1096	5
-26.2945	-49.3292	1
-27.1	-48.635	13
53.3497	6.44636	2
56.4963	-2.73314	1
-23.6269	-51.6995	1
45.2603	5.63647	4
42.9139	-85.6975	3
34.4089	-118.501	2
-15.7182	-43.4193	1
54.747	55.982	19
51.585	5.06361	7
28.5661	77.2372	4
49.8513	20.2544	2
10.0767	-69.2739	2
51.534	4.4394	1
46.4355	30.7468	1
55.6547	-4.81179	2
35.279	-88.031	1
42.0244	-93.6532	1
41.8191	12.7063	1
54.6456	-5.71793	2
51.0191	2.39611	3
36.4488	-6.20538	2
37.4541	127.152	1
52.545	5.92005	6
47.1425	6.19758	1
18.7684	73.3437	1
37.7914	-3.74254	1
38.8778	-99.3181	1
2.82194	101.443	8
32.6782	-83.1783	3
52.5629	0.0192425	1
37.715	-89.2178	1
33.865	-84.6845	1
40.8146	-73.1079	2
43.2365	-86.2565	5
17.7639	-64.7351	1
33.588	-79.0377	2
-7.6736	110.623	5
56.0622	-3.43453	6
-3.29148	114.592	2
-25.3102	-52.3928	1
20.5836	-100.378	9
47.9144	2.1101	1
49.2644	-84.7477	1
-23.447	-46.9181	9
5.05504	-75.484	1
39.7688	-94.7823	1
9.31242	-79.8753	1
-22.5283	-41.9416	1
58.2104	-6.32186	1
19.7246	-98.7579	1
18.6124	-95.6627	1
59.9394	30.0922	20
47.2907	7.03242	1
1.32773	103.946	91
-26.7242	-53.4817	1
41.8757	-87.8378	35
-3.79448	102.271	1
35.6998	140.005	1
64.1047	27.4529	1
46.8023	1.69045	1
37.2692	-119.307	24
59.3607	18.2219	1
34.928	136.441	3
32.8207	-96.7315	14
-21.7485	-44.7869	1
38.9703	-94.7179	2
-26.3075	27.9439	17
-18.7968	-40.0622	1
-27.1669	152.966	1
60.0874	30.3832	6
37.7877	-121.928	1
32.5762	-86.6807	3
57.8106	28.3618	1
45.1088	-93.3403	2
53.29	83.6478	2
45.3505	-72.519	1
-24.2717	-46.9555	1
32.3083	-90.2849	1
28.0329	-97.5071	1
20.8765	-100.884	3
-7.36676	109.239	4
47.899	-1.94898	1
1.66329	103.551	1
52.6019	4.71134	20
-24.5608	25.9879	1
43.4955	-80.5493	3
-21.8793	-47.9053	9
38.9656	-95.2402	2
52.5098	-3.34068	1
19.2708	-99.6499	34
55.3658	9.06222	1
-29.1066	26.2131	1
-23.3519	-51.1743	5
53.2204	-0.558267	1
3.31386	117.588	1
58.6089	125.403	1
-33.9284	18.8334	2
39.1718	-84.495	15
55.7496	-4.3848	2
49.033	7.95094	1
48.341	39.9838	2
39.9347	-91.3754	1
38.6367	-87.5308	1
39.9312	-0.10139	1
44.4985	-78.1911	2
49.0214	12.1102	1
56.2847	43.851	13
51.8431	15.7354	1
43.7823	-1.40628	1
39.6162	-75.8006	3
30.6624	-97.6716	2
41.4694	-8.15163	2
55.5863	12.2671	1
38.8435	-0.114123	1
52.2701	-0.747587	6
49.1931	6.00062	3
35.1875	-101.949	1
53.4338	-2.62311	15
51.5207	-0.142822	4448
39.823	-75.8257	1
2.12933	111.516	1
39.2333	-119.943	1
40.6892	-7.92529	2
53.3107	8.7361	1
45.5723	6.82635	1
55.8831	-3.33695	3
34.6999	-118.132	15
51.8943	-8.48433	1
28.0666	-80.6588	6
31.4681	-95.4678	1
40.5414	-74.3632	12
5.39725	7.00897	1
37.268	-78.2764	2
39.2416	-94.5656	1
55.7249	36.8488	1
-33.9396	18.4201	8
-25.4951	-49.2884	78
42.1034	-87.7318	4
37.5005	126.938	6
22.134	-100.963	1
51.272	-0.395409	5
55.948	-3.18605	9
-23.7907	-45.5678	1
19.5622	-71.0921	1
37.2692	127.008	1
48.9287	24.7039	1
12.2216	-86.4012	1
29.481	-98.4934	18
43.9594	-79.4713	1
38.5305	-8.86894	25
13.7051	-89.2447	68
-37.7386	144.963	15
52.7207	6.20378	3
53.0004	-3.04958	1
36.3632	-95.8511	1
49.5376	-97.6573	1
32.2545	-107.759	1
-30.1749	-50.2096	3
34.7813	138.02	1
41.4045	-75.6619	1
8.12659	-63.5292	2
55.4767	47.1683	1
37.7343	-8.77526	1
51.5074	-0.534163	8
-20.9603	-49.1566	1
-6.34059	106.903	106
39.1066	26.5568	1
-6.48975	106.903	1
43.3984	-94.8158	3
43.8527	1.37204	4
23.5895	58.4062	5
6.12714	102.268	7
3.52693	-76.2945	2
52.3219	5.00338	7
55.0767	61.5533	2
41.2322	-73.0562	4
29.3502	47.9423	5
12.628	-87.135	1
34.8971	-118.241	3
35.1982	-111.632	1
16.0212	-61.7036	1
1.86117	104.63	2
19.4141	-70.6431	3
43.4734	5.59147	2
-12.3487	-46.5503	1
-29.7416	-51.1405	4
42.2855	-71.2446	2
49.1035	-0.372141	8
43.3023	5.58691	4
27.5458	-99.5723	2
-12.0918	-77.0011	17
-8.17299	-35.297	1
35.5193	-94.2359	1
40.4981	-3.8872	1
53.7004	-1.65525	6
31.4162	-103.494	1
44.0358	-78.8645	2
29.2712	-98.6855	2
33.1338	-117.171	4
-24.1265	-52.366	1
36.1424	-86.8097	4
55.6705	37.2691	2
40.0565	-83.0353	8
32.2187	-101.498	1
53.4301	14.6255	2
52.9483	4.77601	3
51.4655	7.58427	5
-8.65401	116.532	2
57.1558	-2.20286	6
-27.7689	-48.6676	8
-13.434	-38.9034	1
43.8409	10.7245	3
42.9986	-89.0142	1
56.7315	-2.6548	1
51.2667	22.8865	8
40.3708	49.8409	2
33.5767	-7.59756	15
50.2375	-101.879	1
33.6953	-117.928	23
51.7859	5.29507	11
52.52	-1.47609	8
48.2652	-3.80947	2
12.4364	-86.8855	1
39.3914	-89.8687	1
-7.74406	113.691	1
26.2047	-80.2306	8
28.41	-97.7513	1
30.3315	-97.6791	18
3.29369	101.634	36
47.0125	28.8552	1
52.7642	23.1903	2
31.8281	-81.6093	1
-20.785	-49.3592	2
29.3025	-94.7767	1
36.3978	-83.0148	1
54.3341	48.3024	1
55.7931	-4.85657	1
5.8924	100.379	1
-22.6784	-46.6768	1
48.8119	7.78652	2
37.4165	-81.0153	1
-6.20948	106.596	38
19.6328	-70.2838	3
37.9168	-1.11781	2
-41.2076	174.93	1
-7.45009	112.238	1
-3.46971	114.804	2
33.7554	-116.302	6
53.105	-0.989355	1
48.1795	-1.88882	1
38.5983	-9.11333	7
42.9022	-74.5563	1
53.459	6.62288	4
42.1681	-76.8922	1
-1.27293	-48.4598	43
42.722	-83.4235	4
10.3556	123.914	3
1.97511	102.961	1
-29.9006	30.9726	3
49.1101	6.70258	1
43.0518	-86.2229	3
37.9876	23.698	2
16.4516	-95.0274	1
43.3749	-8.42815	2
42.7733	-81.1685	1
44.0645	3.92486	1
52.2561	18.2626	1
-25.553	-48.4967	1
35.0764	-92.4576	1
34.2339	35.659	4
46.0963	0.850248	1
51.9026	6.4112	1
-19.8174	-43.9477	48
40.2332	-74.6841	1
40.2589	-74.5304	1
37.5608	-122.027	2
34.5681	135.516	2
60.1603	24.6797	1
7.69923	-72.354	1
48.4344	-123.323	1
37.9532	-91.7625	1
6.40581	116.441	5
35.2233	-97.4304	2
52.8213	-6.92991	1
-6.6987	106.879	1
54.3179	48.4689	12
39.4224	-0.352546	10
55.6507	37.6593	23
36.7774	-2.6087	4
37.3682	-76.7476	1
36.0647	-79.5196	1
32.1517	34.894	1
1.45567	110.487	5
52.9815	6.74891	1
43.6357	-79.5095	33
40.585	-86.669	1
6.3473	-75.5672	6
28.6684	77.1284	2
54.9381	91.1425	1
53.8222	-2.71083	10
56.6402	47.8384	6
54.0363	28.0048	1
42.907	-85.843	1
47.5388	-52.75	2
-34.3903	-72.0086	1
40.073	-74.7243	18
38.7817	-90.712	1
37.5571	-84.281	1
45.475	-122.455	5
-23.7669	-46.0184	2
53.4346	23.4208	5
40.6747	-86.148	1
53.7969	-1.0196	1
-29.2451	-51.5858	4
41.4647	-82.0154	1
36.6668	140.136	3
-22.0585	-46.575	1
43.7811	4.09087	1
35.9043	-86.5778	1
33.6507	-116.002	5
33.4444	-84.1637	3
14.7533	-17.4719	3
45.6753	15.6566	1
-31.2458	-54.066	3
45.2482	-75.8001	2
44.0305	-1.26002	1
61.5218	0.00022	10
35.1634	-115.9	4
52.6984	0.353306	1
52.4103	-0.256419	2
53.5802	-2.65716	1
-29.1911	-54.8563	2
46.0027	8.96044	1
-23.2011	-46.9084	8
49.8739	8.63861	1
50.7378	3.25392	8
2.39449	111.874	2
-22.7622	-46.8919	1
-7.46181	108.976	2
32.9998	-80.1801	1
56.537	21.0366	1
56.0589	54.2785	3
19.247	-103.704	2
48.7912	2.87006	4
3.15266	113.052	1
18.022	-92.9165	11
49.4317	2.80507	1
48.2215	15.7608	1
-1.63096	103.609	3
54.7006	25.253	3
53.394	-114.226	1
31.6947	-106.142	1
56.9786	24.1839	24
1.89324	98.6542	1
39.327	-76.5939	3
44.0388	43.0507	1
37.6325	-0.956809	1
-34.6205	-58.414	10
45.3364	12.1272	1
50.7782	5.97428	24
-29.106	-51.5365	1
40.4303	-79.9847	15
40.72	-73.3808	7
34.1865	-118.388	31
34.8438	134.624	1
-34.0411	18.687	1
38.4704	27.0885	10
38.431	-77.4161	7
42.9016	-87.8686	6
40.2708	-111.681	2
52.7324	41.4335	1
39.1783	-85.575	1
54.8885	38.0839	1
20.5401	-97.4576	2
47.3979	19.2663	1
47.8935	1.89626	6
41.7329	-70.9436	1
43.4585	39.9032	1
42.3527	-83.0992	16
-1.75216	112.635	1
49.1048	6.19605	6
48.1114	7.39228	1
26.1764	-97.982	3
7.23793	5.20638	1
40.5326	-3.47863	2
46.673	-92.6639	1
19.5037	-98.9549	6
31.5528	-83.387	1
53.3749	-2.7675	1
43.751	-121.514	1
50.9138	-1.40057	3
57.7019	11.9545	5
44.9397	-93.1061	1
44.2839	0.247698	1
40.1719	27.6761	1
38.2753	24.508	80
41.1088	-72.3619	1
-26.9671	-48.7712	1
34.2258	-84.0362	2
42.7955	-85.5262	2
48.6892	-1.356	1
28.6065	-81.4456	1
4.8129	-75.7005	1
21.0981	-101.601	14
48.4536	-2.04792	1
43.5984	5.00996	2
-34.217	-70.8067	1
51.2645	5.89651	11
56.2207	-2.84619	1
17.5117	-91.9881	1
-21.3928	-50.1297	2
34.631	-78.6168	1
41.6277	-90.2667	1
-22.5806	-45.8213	1
34.1363	-117.399	9
27.3349	88.613	1
50.786	16.2979	1
46.7495	4.85601	1
49.2373	2.13542	1
43.7975	4.68492	2
46.5287	6.65208	62
37.7183	-81.067	1
35.0125	134.996	5
-23.4254	-51.948	4
1.27756	101.851	1
33.8431	-112.102	1
-30.8508	30.3642	1
51.7119	-3.34791	2
34.0828	-117.908	30
-34.8712	-56.2019	1
-22.3069	-42.4674	1
3.48624	103.39	1
41.4988	-81.7058	8
-28.0014	-50.3477	1
47.1038	-104.707	1
44.7243	142.263	1
33.6674	-116.191	1
50.5977	36.5848	7
-22.7373	-42.0436	1
48.2924	4.07631	1
4.35235	113.992	1
21.4644	-71.1324	1
44.617	-76.6916	1
24.6083	46.7329	1
46.1711	9.87059	1
54.7042	20.472	15
36.2874	-92.5901	1
40.0758	-80.1901	1
43.1428	-2.97986	10
59.8653	29.8847	1
31.2077	29.9626	7
35.9004	-79.3595	2
-29.9381	30.2689	1
26.5372	-78.6976	1
41.3895	-72.8727	3
45.0752	11.7644	1
14.9251	102.013	1
1.46332	103.576	6
38.0002	-122.262	10
6.42937	99.6757	1
64.5245	39.7407	2
36.5341	138.236	1
33.2091	-97.147	5
51.8802	5.9629	10
46.3601	48.0341	3
19.9733	-99.1745	1
47.6967	2.01912	2
-6.10087	106.173	1
13.0061	77.5625	8
55.0302	59.5907	1
39.7666	-86.4413	3
21.5259	70.4499	1
18.911	-98.4428	2
-23.3921	-46.4539	28
39.1015	-94.863	1
19.2286	-99.0862	19
41.3941	2.1393	45
36.7152	-4.53643	6
49.0273	1.17707	5
-28.2118	152.046	1
-33.892	151.198	10
53.2768	5.98029	3
-25.4912	-50.8622	2
35.3343	-81.8737	2
-34.5117	-58.5716	2
49.8456	-99.9692	1
34.1844	-118.132	21
-6.97614	107.766	3
47.8779	-122.184	5
52.307	104.253	2
40.0691	45.0382	3
51.4592	7.03215	1
35.2945	-77.5905	1
-7.33664	108.21	7
-6.95655	106.943	1
10.6524	-61.2849	1
41.6915	-0.927332	2
37.3918	140.37	1
37.2522	-121.09	1
51.2355	5.67891	6
51.2384	6.81431	3
-33.0476	-71.4234	1
49.0497	-122.34	1
59.7551	18.6935	2
-6.06237	105.9	1
31.921	131.433	1
-22.5841	17.0831	3
34.3985	-119.75	2
32.4905	-85.0532	1
36.9759	-122.036	1
39.1101	-9.27397	1
33.2923	-93.236	1
42.1971	-8.77156	1
17.8006	-101.457	3
52.1504	1.41289	6
55.5681	42.021	2
39.5387	-104.976	1
49.4893	0.193858	1
45.2312	-123.171	1
52.1481	5.06188	21
53.8561	-2.18811	1
55.9052	38.0847	5
36.0541	-79.8316	4
-32.2122	-52.378	3
53.2039	-2.56224	1
31.8856	117.269	1
40.9118	-4.19462	1
33.5006	-112.252	7
36.7855	31.4528	2
35.8679	127.074	2
35.4422	139.652	1
52.0731	21.0175	1
33.868	-117.448	5
51.4923	-0.830096	30
-14.5043	-56.8506	1
52.2721	10.5286	1
43.3997	10.8917	3
47.6588	-117.423	3
44.5627	6.48509	1
35.5794	-82.5775	1
51.6126	-0.372138	14
2.794	102.221	1
40.4345	-78.3947	1
35.5808	-105.239	1
38.8913	-79.8524	1
27.4916	-99.4308	1
-4.17306	121.622	1
14.7693	-88.7776	2
50.0527	8.56916	3
47.3321	5.03236	7
-26.5206	27.854	4
53.5927	-0.575417	4
47.0121	-120.532	1
6.89258	79.9812	10
-34.1218	18.4889	5
41.5642	-83.4249	1
43.2607	-79.9135	4
3.82881	103.217	5
44.9105	0.943042	1
25.9304	-97.5112	3
41.191	29.0538	2
20.1056	-98.7758	10
15.217	120.824	1
-22.4209	-43.917	1
39.295	-7.44543	1
18.7893	98.9976	1
13.29	123.478	1
5.5405	-73.3597	4
42.5072	-83.1576	36
-29.1886	-51.201	2
-28.71	-55.8067	1
-23.6856	-46.7846	12
54.6138	39.8799	1
41.3278	-74.1648	1
41.438	-79.7047	2
55.985	37.1613	1
41.0195	-73.7194	8
-13.9416	33.8076	1
42.6675	-83.27	11
52.4791	-0.897159	1
-22.1609	-54.8613	5
38.987	-1.86318	2
51.7549	-0.429	1
43.1416	-77.4726	3
34.1473	-88.6204	1
53.7619	-0.331982	4
41.5239	-81.5266	3
39.586	-2.27786	1
8.8423	-79.8406	1
51.7624	-0.24953	3
67.4444	32.7364	2
47.8002	12.4896	2
36.8687	-2.37369	2
54.5036	18.4637	2
37.3816	-122.136	4
10.4828	-66.5349	1
-25.3706	-51.5523	1
34.5099	-114.311	2
40.7418	29.8072	5
3.89572	103.077	1
-5.79931	-35.2216	29
69.3595	88.1996	2
56.6702	54.3689	1
9.01946	7.4472	8
29.3291	48.0883	2
-7.82869	112.02	3
-19.4455	-42.6011	1
31.8536	-102.394	1
-22.6187	-47.0686	1
40.5974	-3.24307	5
4.18845	100.665	2
40.2421	-103.792	1
14.5355	-91.5025	1
-7.30713	110.124	5
-6.969	106.777	1
50.6163	37.3015	6
0.0	0.0	62
48.571	16.5622	1
55.7126	52.4007	2
19.1714	-100.113	1
59.8639	30.4559	9
28.8176	-97.8692	1
42.0049	-88.187	1
42.8431	-82.8908	3
-21.6782	-45.9046	2
45.919	6.06256	1
51.5228	0.572022	6
38.1593	-79.0629	2
32.7461	-97.2351	11
37.7711	-3.90196	1
51.8218	-2.2953	3
43.6537	4.66197	1
50.85	4.35217	21
55.7355	37.0359	1
55.766	49.2235	5
39.2204	9.09584	2
-22.356	-48.7695	1
-1.43307	-48.4515	7
0.0339001	37.6562	1
47.9424	21.7009	2
13.3384	-87.8473	1
44.9816	-122.985	5
-20.3359	-48.3961	1
-0.789275	113.921	1
41.1787	40.8946	1
52.4011	-1.60062	5
-29.5851	-51.2261	1
6.66584	80.4666	1
57.9099	59.9579	7
51.9417	-7.99206	1
36.8097	138.2	3
51.1711	7.07071	1
49.4412	1.0912	10
40.9252	-75.0647	1
49.8538	-97.2044	2
41.8766	-79.9733	1
2.83962	101.748	28
21.0487	-87.0318	3
43.1487	-8.96735	1
53.2573	-6.1744	29
39.4207	26.8072	387
50.8709	-1.55226	6
33.9119	-6.9713	10
10.4429	-85.7749	2
-33.4336	-70.6556	55
5.34684	103.08	1
58.9194	23.6352	1
43.3873	5.23302	3
38.1486	-85.6023	2
42.1112	-72.5514	3
40.047	-76.4878	1
40.7352	14.5708	1
-21.8299	-41.2658	1
-6.35101	106.739	93
34.1228	-114.303	2
36.0227	-87.3364	1
41.9896	2.83426	1
33.176	-96.1998	1
43.3113	3.48433	1
52.4993	13.6192	2
45.4591	-93.6277	1
4.76102	-75.9164	2
57.3287	53.8645	1
40.8088	-73.5129	3
-27.4342	153.067	10
41.289	-80.5188	1
42.9501	-81.3672	4
18.2621	-66.8485	4
46.6409	142.785	2
46.5192	-118.124	1
-23.1036	-45.7178	1
50.3463	7.58951	1
26.6443	118.177	1
8.17476	98.6335	1
14.9836	120.594	1
55.5948	12.6705	1
16.9503	-96.7498	3
18.4317	-68.9855	1
47.9819	0.195548	3
44.2109	-69.0684	1
34.8329	-92.2302	1
48.8072	-124.67	1
50.8452	-0.130547	10
10.9955	-63.8694	1
36.8686	-76.3552	2
46.2048	6.14319	10
33.8892	-117.925	12
-40.8775	174.996	2
39.9729	-74.0707	3
50.3799	3.10048	1
44.3692	9.31641	5
2.81736	-60.6869	2
39.2115	26.7409	1
47.6736	-122.048	4
36.0951	-93.7337	1
42.7466	-75.77	4
63.4743	10.9513	1
35.7549	-78.5884	1
-22.1868	-49.9589	5
32.6053	-86.0308	2
33.5914	-112.125	10
30.596	31.4762	1
52.1976	0.126573	5
18.9178	-100.301	2
64.5713	40.522	3
44.343	11.6816	1
47.251	-1.93632	1
34.4717	-117.241	4
54.2721	-2.79158	4
44.0562	10.0217	1
48.7545	-122.465	1
-2.50005	-44.2412	3
41.3143	-73.6675	3
-0.942435	-80.7306	3
34.5338	132.441	1
9.70663	99.9905	1
55.5351	25.0862	1
56.4811	23.155	1
53.2791	34.3808	2
29.3454	-98.5501	7
50.4812	3.25613	2
39.3774	22.9638	1
47.36	-122.169	5
41.9743	12.71	1
42.7756	-73.6756	1
45.8774	1.28706	4
55.4359	65.2991	4
-9.53333	-35.6871	4
45.6708	9.38599	3
51.8039	55.1908	3
40.9922	28.7886	4
41.1732	-73.2781	1
36.8433	31.0954	1
-23.2213	-47.9645	1
25.9652	127.132	1
20.7153	-100.441	11
-17.6863	-41.3566	4
40.8435	17.2899	1
1.26935	124.878	3
34.0209	-118.211	170
37.7248	-85.8823	1
10.8176	106.665	1
35.1344	-78.872	3
56.2522	-4.32618	1
4.79254	7.00686	1
-20.8756	-54.2616	10
52.9467	-2.27968	10
10.0101	-84.2474	1
49.3715	6.14425	5
40.1697	-8.80449	2
57.7686	40.942	1
42.3144	-70.9703	8
41.5222	-5.39421	1
37.6026	127.088	2
36.1042	-83.4754	1
48.0892	20.6757	1
-22.9325	-43.1806	14
38.1966	-85.738	3
55.6026	38.8637	1
49.6116	19.3258	1
-33.9095	150.858	2
9.97527	-84.6506	3
45.616	-106.667	2
49.0829	-122.821	4
35.3359	137.122	7
43.6134	2.24476	1
34.983	135.737	10
38.3799	-0.452153	7
48.2197	-122.531	1
48.8491	2.56469	80
-23.9555	-46.5075	8
40.4778	-3.70352	42
34.0595	-118.062	14
-6.81641	107.139	3
41.872	-84.0369	1
34.1265	-93.0999	1
-23.5334	-46.7845	24
35.0826	-106.678	6
57.437	39.7056	1
20.9146	-89.6025	22
35.1007	136.072	4
20.6516	-101.17	2
37.9751	-121.754	2
30.8769	-84.2018	1
51.4283	5.82441	2
-19.7553	-41.7484	1
39.9541	-75.2514	12
31.1689	-100.077	1
56.8343	53.342	3
46.8769	-96.9045	1
32.6318	-117.025	6
40.399	-74.3285	2
-34.9744	-71.2202	19
33.5817	-101.877	1
32.9429	-97.367	2
51.6245	0.331547	6
24.5576	-81.8047	1
-22.0668	-42.9237	5
34.0537	-117.69	9
37.1573	-121.932	3
34.1583	-119.151	12
52.9061	-4.12244	2
47.0781	2.39819	2
-23.194	-49.3852	1
34.6516	135.135	4
32.0756	-82.8875	1
52.4475	16.6874	1
34.7229	-77.3938	1
5.65115	-0.0152357	4
-2.42215	-54.7234	1
49.1152	2.53559	4
4.43242	101.218	3
39.4135	-74.5141	2
43.3531	-5.88121	3
34.775	135.307	3
-25.224	-50.6319	1
36.3088	-119.29	1
32.2595	-64.8203	1
38.1415	-122.564	1
64.7535	-147.368	1
50.6148	-104.435	3
51.5051	4.2956	4
37.5153	-77.485	8
0.185115	117.489	3
39.1661	-108.139	3
55.7045	21.1556	2
53.5601	-2.87583	1
33.034	-115.624	3
-6.984	110.435	30
34.2585	-6.58228	3
51.9218	4.26122	14
48.6475	44.3981	14
-17.7901	-50.9293	1
26.2601	50.6527	2
37.1429	-5.92161	3
10.3263	-72.3235	1
39.0098	-122.058	1
47.4195	0.681314	6
45.099	-123.086	1
48.0419	10.8582	1
-20.3726	-40.6509	1
38.2326	-122.033	8
34.0203	-6.83744	8
41.0301	-95.8333	1
33.5432	-117.673	6
-20.7281	-46.622	1
31.5565	-110.27	1
53.3426	-6.29333	12
49.2295	7.00891	7
-22.5926	-46.0515	1
60.7218	28.7527	2
53.1	56.2262	1
44.5081	10.7433	1
50.9483	5.55267	2
-10.1874	-48.3175	3
-0.891517	34.7287	2
7.96237	-80.4174	1
2.06667	45.3667	3
45.4265	-75.4865	1
52.5007	103.845	3
-21.6181	-48.4446	1
55.4141	37.9007	3
18.9338	-99.2608	10
-8.43046	-36.7454	3
50.4594	4.85369	4
36.6223	-6.23199	1
21.1959	-86.8199	3
19.4261	-98.1218	2
43.8531	-88.8602	1
3.56813	98.4184	1
-23.8107	-47.1875	1
53.1699	-3.14084	2
42.6666	-8.88963	1
53.0091	17.7314	1
-22.7287	-43.3768	3
34.3104	134.044	1
-29.8907	-50.9563	1
53.4173	-2.36019	31
-29.7974	30.399	1
51.7617	-0.0103343	3
51.3734	7.79263	1
45.9423	4.69819	1
34.0704	-117.187	2
4.08016	-76.1929	1
-3.9815	-80.9776	1
32.7741	-117.076	20
52.8323	-9.43952	1
46.5278	6.82599	2
45.6463	9.14248	4
46.9532	4.54487	1
34.4388	35.8163	1
25.6748	-80.3842	27
53.5612	9.95952	1
51.1889	58.6101	1
-24.1434	-47.2845	1
38.7724	-92.3074	1
52.6844	-1.81241	2
-27.1854	-49.6228	1
60.9967	69.0689	1
-33.5562	-70.7885	3
25.172	51.4218	2
38.7488	-90.289	5
40.3653	-82.6694	3
33.1502	-96.8278	12
8.34106	-62.6358	1
45.1447	-89.1492	1
32.3412	-90.5997	1
-20.3975	-43.6687	1
-35.0953	143.257	3
36.3901	-77.1583	1
38.1609	13.1042	1
-7.11117	-38.7853	1
-20.4474	-54.6241	4
45.9085	3.15373	2
40.9336	29.3665	1
42.3625	-88.0889	5
48.4985	35.0375	1
46.3162	6.96435	2
43.4453	3.37222	1
41.1228	25.4055	1
-0.87115	119.891	1
31.497	-91.7248	1
35.1592	33.3565	1
10.4346	-66.8499	5
-26.1568	-52.6728	1
51.3819	-0.282529	30
49.5503	2.51287	1
48.7347	1.33792	1
6.05333	116.322	8
46.6556	-52.6409	1
53.8096	87.2221	3
41.9375	-79.5773	1
34.6061	-98.4352	4
12.513	-70.0265	1
9.1799	-79.2721	1
49.5428	0.95866	2
-23.6989	-46.6151	329
45.6457	0.145144	2
67.1987	19.4656	4
33.4386	-112.403	1
38.5195	-28.5186	1
40.5132	-76.1228	2
-30.2041	-50.8677	3
40.7426	-111.924	8
-0.363503	103.102	11
-3.28996	102.875	1
37.5195	-5.59482	1
51.8937	-4.21477	1
5.70134	100.502	6
27.9053	-99.3941	1
55.8243	37.2461	7
41.0151	28.6358	1
52.3834	13.1196	2572
33.44	-86.8398	1
25.026	121.528	3
45.6564	-68.6921	1
54.2408	-0.396907	1
41.2659	-75.8114	1
50.9404	0.366004	2
30.4454	-84.2453	3
43.5345	6.46516	1
3.88372	-77.0657	2
56.0912	8.25616	1
47.0946	37.5296	1
39.1355	-77.2116	20
14.6525	121.036	46
41.0965	-73.5467	4
-22.9976	-50.0858	1
52.0868	5.24926	4
26.9832	49.6548	1
37.9828	-122.514	1
37.1621	-77.3501	1
33.7786	-84.4565	18
52.7529	6.95947	7
50.4074	36.9101	1
4.24884	117.907	4
34.4503	-119.239	1
2.43559	102.861	2
58.0208	56.3142	2
-6.75625	39.2208	1
21.3255	-157.801	7
43.7011	3.75533	3
-15.8176	-47.9847	3
2.98355	101.54	143
43.101	131.926	6
64.8562	-146.276	1
40.1027	-87.6475	1
29.8797	-90.7622	1
53.4765	-2.22775	6
42.9215	143.122	1
47.5931	-122.632	1
24.4941	54.3641	3
47.1989	-122.541	3
-1.74911	102.839	11
37.1804	-3.59799	5
38.7448	-104.725	2
39.1601	-76.6699	1
47.2371	38.8775	1
-1.22133	36.8768	10
-20.5051	-43.8545	1
3.23187	101.386	30
51.1112	6.88956	2
43.2225	2.37978	1
28.6037	-81.2	6
49.8211	73.1019	4
41.5372	-72.8019	3
-22.916	-43.4473	81
51.27	4.50413	4
47.8954	-3.90081	1
44.8267	-122.874	1
52.8248	-2.02806	4
-7.63081	111.533	1
40.1649	44.3008	1
49.2711	-122.767	2
39.1618	-2.86426	1
49.1994	-122.913	293
44.4841	11.3731	1
63.0804	21.4286	1
51.5287	5.62834	9
-33.6183	151.158	1
53.8603	-68.4259	1
41.6006	-93.5517	4
53.3215	50.0679	12
38.2365	-0.646418	2
44.9296	-93.6168	1
-7.71922	109.734	1
32.6477	-96.9129	2
42.5654	20.9269	1
-29.3583	30.9874	1
48.1791	6.21026	1
38.9202	-80.1817	1
52.0447	-9.50201	1
57.2982	26.5998	1
-4.56298	136.9	1
37.1474	-92.7722	1
35.9488	-75.6193	2
19.1576	-98.4065	2
40.6566	-4.63498	1
-25.7482	28.2399	8
48.5869	2.67645	19
36.1624	-121.731	1
43.4001	13.5399	3
43.8096	-89.1173	2
3.1553	101.514	19
42.7689	-78.8541	6
40.7994	-74.4787	3
-13.8345	-171.767	1
45.5906	9.75364	3
4.64713	101.203	15
61.5218	-75.0065	4
41.3072	-81.4374	3
59.9151	10.7204	3
40.6645	-74.5457	1
59.3501	17.0616	1
18.1656	-93.0252	1
52.8568	-3.06741	1
52.5909	-2.12746	22
52.3917	13.5177	5
43.0876	-78.9481	1
34.0609	-4.97544	3
53.5845	-2.48283	1
-0.0353622	-51.1709	66
29.8239	-95.4621	29
36.1133	-5.48741	2
14.495	121.043	10
51.982	4.9485	2
-12.6734	-38.5389	4
35.5328	139.438	12
4.46728	101.029	3
6.16359	-75.6322	3
54.6669	-6.79809	1
37.541	-6.31199	1
-27.1211	-48.9048	1
35.3285	139.35	2
41.0486	-80.5888	1
43.2193	76.9218	2
53.9	27.5667	12
46.5847	0.371571	6
-0.935608	100.446	8
43.6407	-72.8562	1
40.2288	-75.2626	4
25.7367	-100.274	48
31.8453	-116.6	2
30.1124	-81.7387	2
-25.3088	-57.6286	6
34.1243	-117.558	1
32.2238	-8.83357	1
44.9806	-92.9514	1
51.9104	4.10323	1
-22.3216	-50.3582	1
39.4838	-75.7193	1
33.3977	-104.501	1
53.2847	-1.28603	1
35.0815	-108.836	1
-24.6146	-51.3215	1
54.3021	10.1639	1
45.4827	-75.6269	2
53.165	158.385	2
-38.7388	-72.6068	2
57.4093	21.5963	1
35.0171	-78.957	1
36.0802	-120.106	1
52.7256	5.69742	2
5.80581	116.169	2
43.619	10.4633	1
42.6627	-82.8424	6
57.1506	65.5568	17
-26.3079	28.4172	2
-4.08207	122.845	1
20.6767	-103.337	27
48.8128	1.94829	38
43.2569	3.28616	4
46.4576	-90.1771	1
43.4266	6.76665	10
3.09604	98.4934	1
37.7321	-122.396	61
23.0	72.5966	1
46.8415	-71.3703	5
42.5236	-83.5121	2
59.8619	18.9216	1
-34.9156	138.627	7
52.0769	4.3064	31
54.1479	45.2109	1
40.8716	-74.2461	10
52.958	-6.39532	2
58.5476	50.0441	2
35.9894	139.771	1
-8.58322	116.283	2
21.8495	-102.327	6
51.5851	-1.7601	1
41.1621	-8.62191	11
38.1021	15.7474	1
52.0182	4.7085	11
51.7689	4.95133	3
29.374	-100.832	1
57.7303	107.396	1
20.1791	-98.0445	1
33.9093	-84.3784	2
47.3959	-2.51222	1
51.5841	-2.77645	1
22.3973	-101.935	3
17.091	-61.8038	1
40.0063	-105.252	3
33.6885	-117.318	1
39.4557	-74.6697	1
-23.513	-51.0998	35
38.6048	-76.9126	2
30.0078	31.1907	8
0.861953	104.704	1
52.6657	6.75925	1
-46.3989	168.365	2
39.0955	-77.0054	6
-7.76838	110.389	55
45.5849	-73.5415	10
25.3106	51.4852	2
48.7206	44.5218	4
-8.12426	112.566	1
19.626	-99.0903	15
56.1308	47.2532	5
31.7897	-115.229	1
38.7609	-93.7473	1
15.8513	-97.0546	1
43.1168	-79.3299	6
41.5064	-75.1216	1
37.3841	140.105	1
-22.2387	-49.1125	10
54.6851	-1.79769	5
-20.4597	-46.0594	2
40.5778	22.9466	3
10.2826	-67.7065	2
53.6798	9.37269	1
39.9549	116.301	1
41.7157	-88.3198	1
16.3918	120.59	4
42.3582	-87.8392	8
4.20302	103.43	1
43.0694	-88.5105	1
-24.6395	25.8576	2
43.5357	5.43201	3
61.1886	-149.793	2
44.8289	-92.9218	3
52.3055	-2.1062	1
30.2816	31.2951	1
17.9988	-93.4394	1
57.11	24.971	8
52.6804	-9.65792	1
30.0108	-95.4186	2
44.0374	-123.082	1
43.5443	6.67942	1
56.5222	84.982	10
35.3066	-80.698	4
34.9388	-81.0267	2
-29.2155	-51.9275	2
39.1919	-95.715	1
38.9399	-8.8576	1
-21.2134	-47.818	13
-21.9454	-50.7638	1
-0.194002	-78.4834	5
55.1559	61.3679	7
33.9338	-116.511	4
19.3732	-70.3528	6
30.2613	31.7501	1
44.8939	4.87328	2
41.4803	13.8428	1
-3.78387	-64.9497	1
42.6818	9.30512	1
-14.5329	-49.1422	1
47.8046	-3.26917	1
40.3511	27.9689	1
-1.71186	113.698	4
23.6254	-102.558	3
13.9826	-89.5748	2
51.7487	18.0776	2
48.5307	2.54491	3
58.5905	49.6388	5
41.0074	28.9737	7
53.4032	-1.50471	5
32.789	-97.0636	7
53.9743	-0.855013	1
51.9853	5.09522	8
53.7766	20.4672	1
45.5162	-93.8206	1
38.9103	1.42366	2
56.7685	24.9914	1
35.9361	-82.1615	1
-23.3986	-45.0012	1
19.4685	-98.7874	7
53.2218	6.56477	6
50.3583	30.3048	1
50.362	3.51425	6
40.5986	-77.578	1
51.6184	-3.96722	4
51.7452	4.18774	5
52.0716	5.74901	3
-22.4201	-42.9737	2
28.1029	-81.6279	1
3.46369	102.329	1
45.0398	38.9989	13
37.9733	-122.056	1
51.1635	10.4541	1
43.091	46.8513	1
-22.5826	-47.5157	1
46.4081	-61.0461	1
-2.42837	106.432	2
38.1755	15.5498	1
-25.4665	-49.0602	4
26.9011	-81.7602	1
35.9672	-77.8294	4
50.3773	-4.15111	10
51.2912	13.0955	2
34.2629	-5.9166	1
28.6123	-17.9072	1
51.5836	-3.01194	4
33.6204	-84.0629	4
28.3375	-81.3539	1
-7.14941	-34.882	24
22.3111	-100.956	8
42.8698	-8.57242	2
8.94689	-79.6764	1
53.1958	45.0387	9
58.5534	31.2773	5
43.3189	-76.4181	1
-20.3075	-40.4704	14
28.7678	-106.909	2
1.42719	110.149	2
34.7207	135.482	1
55.8681	-4.29168	13
33.7406	-78.8188	3
48.9858	2.46036	30
19.1943	72.8163	13
38.6637	-78.4605	1
17.7422	-91.7605	1
45.009	-0.042665	1
51.6467	-2.16532	1
53.2165	-4.10103	1
20.3296	-97.8959	3
42.3173	-122.892	1
36.2494	140.292	1
56.4652	-2.96344	4
54.2956	-1.57947	2
1.94266	103.237	1
49.9678	30.1814	1
33.9293	-117.269	5
30.9862	-97.7795	1
48.2075	13.4841	1
-20.1139	-44.9368	1
51.7478	-1.28639	16
39.1875	-119.759	1
41.0843	-81.513	5
41.6566	-83.5743	2
51.6355	38.9364	1
44.8773	-93.2789	11
44.4132	11.8112	2
-26.5471	153.631	1
-8.9356	-36.4725	6
44.2363	4.1691	1
43.9291	2.13256	1
-33.3702	-70.5128	2
51.4708	-2.617	9
-22.5918	-47.3616	7
38.907	27.8101	1
39.8973	-79.7244	1
-20.7497	-45.2854	5
14.0562	121.278	1
52.4046	-4.00698	1
55.8832	12.4797	1
50.0463	20.0057	4
41.3716	-8.44038	2
51.8321	4.37238	14
35.7458	139.622	35
43.6008	1.4329	12
-5.32116	-39.3433	1
44.105	-79.4658	2
47.2991	18.8745	1
33.4086	44.454	1
33.4153	-111.685	5
33.0473	-111.367	1
-8.51705	115.256	1
53.558	-7.46394	1
52.5699	6.53484	4
34.254	-77.8758	1
3.01035	101.758	40
48.9083	20.8737	1
32.7974	-97.3747	2
17.5538	-99.4984	2
39.7986	-89.6167	3
37.6595	-85.5876	1
30.2036	-85.6033	2
42.4594	-96.4128	4
10.3854	123.653	1
36.5766	-119.619	2
37.3216	-120.483	3
18.1355	-94.4325	2
58.4924	8.77191	2
-7.77176	113.215	3
5.2918	115.697	1
-32.6323	20.9907	1
33.617	-111.932	2
48.8588	2.34701	182
2.5762	102.104	1
31.2299	130.594	1
-6.59948	110.796	1
45.4415	4.3842	2
37.8843	27.583	1
45.5716	10.1773	3
54.5362	36.2486	10
39.4399	-8.14747	1
-22.9713	-53.0798	1
39.168	-8.57546	1
35.4669	-97.502	4
40.0025	-75.118	14
52.4258	37.6031	2
50.5289	2.8929	4
52.005	47.8008	1
41.7245	-93.4328	1
41.5635	-72.1561	2
47.4493	-120.29	1
48.679	9.02332	9
38.7869	-90.5005	2
57.1934	9.95934	1
55.6234	37.4094	8
5.83263	-73.0378	2
-30.0997	-51.1593	46
41.1539	27.8194	1
54.1817	37.5626	10
39.8113	-84.2022	3
40.3884	-3.48526	1
35.8854	-90.1632	2
54.661	39.7144	5
41.8688	-80.1315	1
41.5364	-74.0586	3
-23.8963	-48.8749	7
37.494	14.043	1
6.49466	116.786	2
26.8561	75.6088	1
-21.708	-43.4227	5
57.4543	56.972	1
55.8805	26.5579	1
-22.8215	-43.0007	2
38.7085	-90.139	1
47.1265	0.816188	1
53.6483	55.736	3
10.696	122.495	3
50.0051	8.2586	2
5.72987	101.859	1
46.0843	-64.7885	2
-4.83197	119.546	1
45.9004	9.39232	2
42.0932	-87.9856	4
6.70555	3.34009	3
34.1876	-118.89	1
42.114	-79.2209	1
6.14036	100.364	7
51.4586	-0.968786	15
53.2558	-2.40211	1
-6.43778	105.939	3
53.8438	-1.85079	6
52.2983	6.52368	7
66.0949	76.7322	4
40.8579	-74.7118	1
28.8661	48.2368	1
34.3362	-88.6839	3
50.7277	-1.90424	10
10.2148	-84.4005	1
50.562	2.48223	1
32.5393	-92.0767	1
52.6535	5.03781	6
39.8633	-104.673	2
35.6242	139.695	31
-5.44475	105.266	7
6.01958	102.071	1
-7.32762	109.587	1
38.5351	-0.824758	1
-5.00413	105.314	4
-20.4355	-51.3445	2
-23.086	-45.5067	5
51.3344	6.07458	10
1.10555	104.039	6
38.7887	0.160446	1
-29.7528	-53.8242	3
52.0508	113.401	3
30.0608	140.596	3
42.8902	-84.3477	1
-22.4378	-46.9978	1
-19.7566	-47.9221	1
42.3871	13.4136	1
38.31	-122.713	1
48.583	2.12231	7
-33.3963	-70.7944	1
52.2426	-6.58267	1
54.0806	-0.230045	1
47.1828	-122.281	2
45.552	-73.7359	8
40.5133	-91.6605	1
36.947	-120.861	1
-15.323	-49.1073	2
17.6237	-94.3846	2
41.0205	-73.9363	7
51.3315	4.08017	8
37.6789	-122.135	10
-0.0462397	109.346	12
50.6125	-3.65302	6
47.1168	17.6673	1
40.4229	-111.788	1
58.6415	15.0949	1
-0.587732	111.388	4
49.8988	2.28468	1
39.5146	-8.56205	4
55.3916	36.7322	1
-21.3838	-51.6013	1
42.9226	-75.9806	2
-14.8623	-39.353	5
4.67202	-74.1469	39
-23.5212	-46.5205	17
30.7077	-86.7222	1
-6.32444	-35.5184	1
52.715	6.49006	5
61.18	25.5325	1
47.0862	-2.03178	1
41.3251	69.1866	2
3.78062	101.447	1
43.6954	-1.06403	1
53.2075	6.12759	3
45.92	6.4245	2
-8.0436	-34.9394	35
46.807	4.42572	1
-28.4795	24.6701	3
40.5903	-80.2228	1
22.0414	-102.356	5
42.1587	-79.3929	1
-34.1898	-58.9458	1
35.6002	-84.4607	1
48.9946	-1.46895	1
40.8507	-80.0417	5
-36.7374	-71.0353	153
-20.0759	-43.8929	1
-5.40065	-47.5474	2
25.5821	-103.404	4
17.9373	-76.7777	2
51.8873	5.39853	1
42.4444	-6.02214	1
47.6248	6.9501	1
43.8726	-0.520124	1
33.8713	-5.53471	2
-15.4552	-55.8425	4
25.2442	-103.233	2
40.1008	30.0016	1
48.6839	6.11844	8
55.902	37.4559	14
5.47619	103.015	1
-26.3842	28.131	1
56.9665	23.7219	3
38.5794	-76.1039	1
29.7833	-95.7157	3
38.5413	-90.4764	2
-26.2617	-48.9665	9
28.2478	-17.14	1
25.8364	-98.3625	4
45.3987	11.8908	2
33.7615	-117.767	4
55.0157	23.7409	1
36.0286	-115.086	20
6.33632	8.08652	1
-11.772	-55.4066	1
45.2712	-122.69	3
35.4744	-85.9148	1
53.7087	-0.875736	2
43.6153	-116.202	1
40.5764	-98.3992	3
45.6059	5.02599	2
32.6225	-115.541	1
-20.2149	-70.1512	2
25.9918	-80.1227	7
36.2581	-86.7041	3
45.5015	-122.958	1
37.8059	138.84	1
50.8182	-1.09673	7
-17.7938	15.7064	1
55.7751	38.4266	3
62.0454	129.739	14
43.7297	-79.8043	8
-8.1851	-36.0151	1
52.9539	-1.1665	10
51.5301	0.0402045	37
59.366	28.1106	1
3.0819	103.085	1
18.226	-65.9063	1
-33.5929	-70.5742	2
53.6323	-2.16706	4
30.4602	-91.1116	4
44.6934	-63.5824	2
43.2779	-1.98771	1
-41.4446	147.127	1
-5.34351	104.092	1
50.6192	13.7078	1
38.191	-76.4245	1
1.00185	116.394	13
-7.2771	112.717	85
-11.0019	-37.1007	11
19.2671	-98.8728	2
38.6434	-83.8304	1
39.9573	-104.801	1
7.97585	-75.4207	1
42.6743	2.62789	1
-6.61092	107.485	2
51.6793	39.236	15
56.2495	90.4527	3
35.1288	-118.459	1
-2.96616	-40.8077	2
30.9373	-91.4009	1
45.1581	7.3865	1
47.208	18.4487	1
34.7047	-113.99	1
50.6294	4.65573	2
-4.83533	-38.1518	2
44.7041	-0.39091	1
-23.6458	-47.5763	2
52.4793	-1.96243	8
-23.2839	-47.6766	4
47.2611	39.628	24
-1.09706	37.0145	3
32.9396	-96.8377	6
6.4962	3.34556	5
44.8971	142.003	1
10.1771	-64.6906	2
40.4556	-80.6616	1
41.5932	2.28016	2
-20.2601	-43.7964	2
41.7208	-87.7018	6
40.4026	-86.831	1
52.8878	-1.81442	1
-7.11868	107.453	4
26.6776	-80.0983	3
-25.0606	-53.398	2
34.5131	135.793	1
32.0881	20.1025	1
42.5593	-71.436	2
33.393	-117.173	2
-28.6378	31.9681	2
51.5106	5.39844	10
34.6245	138.198	1
8.44339	-82.4827	1
-22.2336	-47.0166	1
49.4079	8.68122	1
46.2348	-63.1274	1
41.3848	-81.8582	2
43.193	-112.333	1
42.7955	-1.63172	1
42.2529	-89.068	2
42.4219	9.0665	1
-23.3804	-46.3128	1
27.29	-80.3374	3
50.716	-3.48495	1
31.3446	-92.5096	2
-7.1349	110.409	1
38.8912	16.6113	1
56.3131	44.0176	2
-6.24347	107.031	32
-22.3971	-47.6131	5
3.14845	101.705	331
32.7929	-79.945	2
19.3007	-99.2207	3
35.6238	-97.4784	2
41.8333	-86.245	1
38.3169	-77.8476	1
18.1163	-66.1405	3
-6.46003	107.439	1
18.4832	74.5797	1
52.9424	33.2869	1
-22.803	-47.4357	8
-23.6673	-70.4041	3
51.2078	-1.47344	2
2.36469	102.182	7
35.1705	-79.861	2
59.1994	17.8356	1
43.0015	-7.54962	2
32.6162	-97.3658	1
2.68656	101.942	14
4.71412	103.407	3
-15.7763	-47.7966	50
-22.6984	-48.5467	1
37.8493	-122.277	2
19.1255	73.0133	7
54.3783	18.5969	1
59.3286	13.4724	2
36.7828	-119.795	3
-22.8871	-45.4893	1
27.166	49.5724	1
52.9765	6.04419	3
48.4125	2.71029	2
43.0947	6.29607	1
3.94649	113.811	1
52.3798	9.76143	3
19.6014	-90.3361	16
40.3546	-79.8392	1
1.47326	124.871	29
47.5793	1.30311	2
41.065	-85.1273	4
-18.6364	-46.4172	1
40.7328	-82.5203	2
51.2106	17.385	1
34.4009	-118.078	3
40.1797	-74.0762	1
33.9046	-94.8309	1
-21.242	-51.5713	3
61.4713	24.2539	1
53.5203	49.4315	5
48.2503	7.45889	2
60.1595	25.0186	1
64.8356	-147.71	1
40.0342	-74.3194	1
34.1641	-84.2359	1
42.6396	-8.5571	2
2.17045	102.593	2
-6.16896	106.827	267
20.1837	-100.142	1
27.6986	-83.8046	3
0.247298	-51.0637	42
51.6323	4.85779	5
31.3322	-99.8584	1
9.1478	7.32622	1
6.66904	-1.57349	2
41.6692	26.5696	2
-20.0545	-43.4527	2
-32.5325	115.714	1
43.7207	-81.6061	1
41.8984	12.5451	5
10.7154	-71.6264	4
-30.3716	153.059	1
46.5073	1.44303	1
51.728	8.76856	2
57.6256	39.8582	1
55.6641	-1.87466	1
-37.9981	145.155	1
50.8395	-0.815568	2
53.451	56.0472	1
50.2909	4.10611	1
-5.34533	-49.1048	1
38.8936	-77.0146	56
44.7994	10.3521	1
37.4009	-79.1785	1
-5.33401	104.986	1
-36.7361	-72.9943	2
57.5931	25.4597	3
44.8294	37.6465	1
36.2146	-115.098	21
47.7223	-122.355	11
30.1898	-97.7737	2
-23.1075	-47.2374	14
42.0851	-83.6809	1
52.2328	21.0607	16
47.0148	142.67	2
-17.8586	-42.5919	2
39.0085	-77.3948	1
2.5	-76.5833	2
44.7887	20.431	2
6.11885	99.9883	1
-21.604	-45.5858	1
51.3075	-0.555468	2
47.2697	-0.103994	4
53.0637	-0.78983	2
55.3391	9.53349	1
14.5083	-90.5417	33
32.9303	-96.3585	1
37.6369	-118.97	1
29.7144	-98.0911	1
42.4282	-8.62728	5
50.9281	13.4571	1
48.6189	2.97564	10
52.4084	0.274639	1
52.9964	6.98064	5
26.6701	-98.5639	1
52.6231	-1.68424	2
49.3432	44.295	1
39.8853	-82.9733	2
31.2437	121.523	1
-22.8437	-47.2618	18
26.3563	127.78	2
-38.2671	145.017	1
19.7496	-88.0135	2
40.2298	-83.3489	1
1.38358	103.746	71
33.9481	-84.5422	1
51.7758	-1.09879	1
-26.1022	27.8976	11
41.7625	-72.757	5
53.6499	-6.80205	2
31.6288	-7.99679	6
61.7359	34.4038	2
13.0739	-59.5433	1
41.057	-80.034	1
51.4916	-3.17346	3
-7.90989	110.321	9
51.13	-2.98698	1
52.0748	23.7263	2
49.9911	8.4239	1
52.4743	-1.73307	1
43.6293	-79.2725	70
45.1785	5.77589	3
48.8034	2.17549	13
-22.7611	-47.6362	1
38.5951	-90.0069	1
46.5039	-1.77962	3
-3.56574	119.775	1
-21.1427	-50.6213	2
-20.8802	-41.0119	1
52.4952	5.07011	1
61.2734	73.4332	12
24.6625	-107.342	1
39.7286	-80.7509	1
-20.5252	-45.5419	1
43.231	5.44034	21
-35.1888	149.658	1
50.4653	30.5118	15
-22.162	-41.8158	1
59.2939	10.4414	1
56.0229	92.8965	22
56.2339	-3.1437	1
34.6851	137.657	1
-6.81766	107.48	1
39.6946	-4.0187	1
4.80132	101.057	3
39.1359	-76.8686	1
4.6119	101.059	3
-20.7065	-48.958	1
0.427477	101.881	1
49.3294	8.43412	3
9.92756	-84.0546	23
31.4617	-97.2029	1
20.7619	-156.451	2
38.4134	-81.8065	1
41.2415	-80.8172	1
32.4129	-81.7677	2
42.4813	-72.592	1
29.7783	-95.2123	6
51.8642	6.11221	2
41.3085	69.3404	1
37.9679	-121.289	2
-27.2348	153.115	2
48.5395	-123.069	1
38.9979	-105.554	3
28.4723	-80.8342	1
38.4745	-78.0052	1
39.9522	-4.85221	1
25.81	-80.1401	26
37.1817	-7.45007	2
33.1332	-96.6451	1
38.5741	-121.267	2
35.833	-78.7719	1
39.7418	-105.012	6
56.8155	60.6136	37
5.54298	115.841	1
44.5502	38.1802	2
42.7369	-71.4521	1
19.0403	72.8622	8
30.163	31.6331	1
41.3626	-83.6271	2
39.2226	-0.519339	2
42.6991	-71.1588	3
22.3529	113.996	2
-8.4339	114.137	1
52.6361	-1.13109	7
35.5307	-108.685	1
-9.99977	-68.2655	2
50.652	-4.03372	1
40.6116	-75.4802	1
35.8973	139.632	3
38.0906	-78.4687	1
45.5846	5.29665	2
49.2285	-0.304358	5
51.0565	31.8951	1
43.5611	4.0816	4
-18.8817	-48.2759	1
37.5757	-4.07124	1
3.57062	99.0098	1
52.2288	5.17973	1
41.6136	21.7433	2
51.1104	17.0633	4
-22.875	-49.9677	1
0.830694	104.072	1
38.911	-94.4017	3
-22.7106	-47.7943	4
53.6163	55.8952	2
10.4699	-68.0211	1
62.0846	129.292	3
52.0504	1.20372	1
27.9944	-82.4681	12
49.2535	4.05493	1
31.4014	73.1137	3
-33.7319	-70.9164	1
42.4651	21.4726	1
41.6753	-81.4188	1
55.0811	21.8826	1
34.5793	-86.9978	1
36.0	-80.3957	1
59.5473	30.8645	1
48.5681	7.80744	8
38.1375	13.3472	1
49.6344	-1.63346	1
32.3111	-94.1629	9
35.0721	-80.6585	2
1.42922	110.333	13
-7.72018	109.006	1
59.0838	17.5272	6
52.6745	-1.34497	3
41.6882	-85.9652	1
40.2232	-89.2763	1
53.4114	-6.70673	1
52.3752	5.23621	5
53.8297	17.2291	1
8.25955	-62.7801	2
45.6059	-1.00523	1
50.7731	0.274658	3
51.7734	19.4806	8
54.8902	23.9267	3
54.9105	-1.54081	12
-23.54	-46.3466	7
13.7552	-89.5769	1
43.8368	4.36665	5
-2.57242	-59.9803	85
37.9667	-87.5747	3
51.2476	4.7174	4
-21.491	-49.9037	1
-29.5985	-52.4412	1
53.2449	6.85378	1
29.5834	-95.2291	2
18.4231	-91.4346	1
51.4384	-2.8523	3
33.8207	-118.189	18
51.3972	0.400914	1
43.5744	7.00103	11
41.8311	-79.1528	3
53.4898	-2.08167	6
43.4215	-110.779	2
39.3591	-76.3644	3
38.8048	-77.237	15
42.8506	-2.69861	2
32.1774	-110.884	5
-18.3797	-49.4663	3
11.0236	-74.8051	12
-7.23531	-39.471	3
36.3302	-115.28	3
29.3256	-96.1228	1
48.8292	44.7576	3
56.1461	40.487	5
32.4258	-87.0176	1
-22.7442	-51.4132	1
41.1416	-77.4619	1
-19.8911	-44.0839	12
37.3093	-121.862	14
12.1147	-86.2714	11
35.5467	-98.6854	1
1.6315	110.191	2
41.1861	-83.141	1
-11.8484	-77.0947	1
37.5054	14.8045	1
53.8233	-1.4252	13
52.3995	16.9063	3
43.0624	-83.8275	1
-16.7108	-43.8621	2
26.7188	-81.8083	1
40.2478	32.2554	1
-7.46189	110.222	2
-8.58183	116.107	2
33.8976	35.5273	25
-26.8815	-52.4157	1
52.95	7.11599	1
43.7507	11.6039	2
59.7646	9.92338	1
22.1674	-98.5054	1
53.3742	8.10786	1
60.9716	25.689	8
-7.00267	-43.1151	2
-1.87687	-80.1331	1
40.9381	24.3968	3
48.1001	-1.68381	9
46.3539	-0.386041	1
52.5696	13.051	1
57.4972	12.6636	1
-23.9506	-46.2257	23
45.6247	-121.181	2
43.2418	5.99708	2
40.1203	0.145442	1
53.1185	34.9516	1
32.3845	-86.2076	1
59.6508	56.7386	1
49.4511	0.785578	3
52.4055	-1.19523	2
35.9272	-86.8342	1
-5.97877	-38.727	1
26.9882	33.8996	1
44.7889	44.1658	1
41.4155	-73.409	1
-22.9088	-45.2346	1
56.7147	-2.46825	1
44.574	38.0395	1
57.0204	9.89013	1
36.0639	-115.242	4
29.997	30.9658	1
5.17526	100.476	1
51.0848	1.13623	2
54.782	31.998	4
42.8064	-5.63411	1
37.0767	-88.6286	1
46.8564	142.672	1
28.9419	-106.163	1
30.033	-89.8826	3
44.9917	0.179534	4
-21.9643	-51.3537	2
37.697	-97.4361	16
39.0648	-94.3632	1
50.9425	7.30428	1
40.3626	-74.0272	2
51.4163	-1.32041	1
33.8802	-84.1634	3
-27.5558	-48.5108	3
40.2096	-0.426438	1
42.9129	-75.2401	1
53.661	-1.26658	2
21.4155	-158.0	2
4.55868	-75.6539	2
24.3422	54.541	1
51.7146	5.8605	8
22.0696	82.1698	1
30.0857	31.334	5
34.2974	35.8302	1
53.6976	-8.34987	1
39.2582	-84.6398	1
1.5254	103.838	42
-23.5594	-46.1857	7
39.1804	-96.6106	2
47.4481	40.0944	2
48.679	5.62061	1
-2.97146	104.679	1
33.9213	35.6973	7
48.6431	1.83083	2
-32.0117	115.898	1
55.774	37.5329	196
19.0225	-98.3065	14
45.0729	7.67575	5
43.4584	11.8795	2
31.1284	-97.7325	1
34.036	-118.362	10
34.2746	-119.252	1
51.5546	5.20389	4
57.3756	39.8898	2
36.7177	-108.18	2
47.3132	39.8253	1
-29.656	-50.8626	5
7.70541	8.53413	3
30.2697	-81.3942	2
49.832	24.0154	1
51.7215	36.1846	1
10.0553	-84.4349	5
7.35496	-2.33855	7
42.341	-7.86727	1
53.12	8.7361	2
57.0086	40.9942	4
53.3064	-2.14126	1
38.8355	-9.36057	12
38.2861	140.306	2
41.2927	12.5735	3
10.1628	-70.0765	1
-21.966	-46.7961	1
44.0293	-88.5472	1
50.631	3.0472	26
32.0889	118.789	1
35.1585	-78.5905	1
40.3325	9.30463	1
55.8099	37.8294	12
27.4957	-82.6065	1
48.1207	16.5588	2
39.6022	-82.9462	1
30.0654	-95.1691	1
18.0004	-77.0048	1
51.7688	4.75251	7
-20.6696	-43.8044	1
39.4651	-87.3758	1
30.0058	-95.6471	3
52.7775	13.2808	1
41.5185	-74.2408	2
43.375	-4.49809	2
55.0811	36.6037	9
40.8082	-77.8167	2
19.6283	-69.9035	1
40.8161	-81.9113	2
45.6092	-62.6376	1
40.1679	-80.5939	1
18.7209	-99.2437	1
34.9687	-118.94	1
53.1365	-7.53081	1
0.517162	101.426	13
48.009	37.81	1
19.0322	-98.1543	30
55.7615	9.40227	1
55.5855	26.5068	4
-2.04469	105.155	1
35.3703	139.917	1
61.7464	50.8191	1
51.8018	5.73911	1
41.7173	-81.2436	1
20.1323	-98.3604	1
41.122	-75.9529	2
36.8654	-75.9796	1
51.3227	5.33003	2
17.549	-92.9536	1
51.1508	71.5044	1
33.4237	133.427	1
39.2447	-84.3737	2
53.2601	-1.90172	1
-6.97797	108.479	1
41.1488	-104.821	2
31.777	-106.476	6
53.9985	-6.39453	4
-33.945	25.5699	2
-1.32225	-48.3132	1
32.5711	-89.8764	3
52.1682	-0.457082	6
28.1031	-15.46	2
51.9048	-0.456842	1
31.6151	-94.6427	1
-7.60196	110.428	2
48.4676	13.459	1
10.6578	-61.4469	1
41.6595	-91.5389	1
-20.7352	-48.5892	2
-33.8906	18.6333	1
51.1261	-0.194332	2
45.4533	4.7654	5
53.045	-7.26816	1
50.9532	10.9054	1
-7.97656	112.628	40
36.6419	-83.9292	1
51.4902	-1.58402	1
49.0605	142.061	1
14.2724	121.048	11
49.6309	8.3562	2
-2.62921	-44.3026	8
52.7121	-2.71229	3
43.4802	13.2037	1
36.4802	-107.842	1
37.1195	27.2913	1
52.3838	4.64301	18
51.2749	0.189141	1
46.7884	11.9213	1
-1.67485	120.509	1
52.0699	-0.710566	1
55.0366	37.5405	1
-1.32928	36.7177	1
46.9451	32.0497	1
43.5678	-79.7454	5
-23.0558	-44.8942	1
60.4492	22.2715	2
41.8303	-87.6065	15
-26.3749	25.4619	2
-19.6047	-47.9692	4
51.7239	0.782903	1
56.8631	53.2013	2
33.6287	-117.16	1
44.7663	11.817	1
35.2035	-80.836	4
-23.3771	-46.7393	3
53.6877	-1.85484	1
29.8727	-97.9403	2
68.954	33.1359	7
-15.375	28.3425	1
43.0579	-87.9671	12
41.725	12.2981	2
44.805	-91.4403	1
30.0821	-90.4191	1
51.6044	-1.23591	10
-23.0144	-46.7992	3
39.3266	-9.33442	1
37.8118	-121.229	1
35.7662	51.4181	2
-22.0619	-42.3393	1
38.7451	-8.77043	1
2.20133	102.248	16
43.4491	5.86041	1
26.9411	-80.0977	2
51.8714	0.862885	1
45.9471	5.47325	1
32.8327	-83.6442	1
-2.20567	-80.9645	3
-22.4408	-68.9141	2
51.487	3.7886	2
46.1481	-1.15138	3
24.4461	72.7473	1
29.9622	-90.0569	3
45.8326	3.38886	1
-29.3292	-49.8051	2
50.8333	4.0	1
47.9238	-3.48568	1
41.6693	-4.77951	7
-23.5259	-45.8662	1
-19.604	-43.2996	1
42.9318	44.6465	4
16.2624	-61.625	2
53.9528	-2.02432	2
41.922	-72.5447	1
36.3533	138.591	1
57.3841	18.2161	1
39.9334	32.8687	4
47.2248	-1.63039	14
32.2849	-106.747	1
3.41791	-76.525	8
-21.5889	-48.8208	1
-82.8628	-135.0	3
51.3364	0.808984	1
-7.66989	-36.8764	1
-22.8952	-47.0303	37
52.0111	4.49445	28
-22.9365	-46.5619	2
-7.27359	110.458	6
57.8617	11.8964	1
69.3904	12.2745	1
34.5214	-117.427	5
31.5012	74.2807	1
52.3023	4.86069	14
19.4484	-96.9515	6
59.481	17.9153	3
-27.6534	-51.0923	14
-20.3515	-40.2845	9
-20.1397	-40.3039	2
29.2103	-81.0967	2
53.1826	5.81839	6
42.6582	21.1819	1
62.649	30.3449	4
-33.4712	151.385	1
40.7807	29.4827	1
41.5405	-8.41078	1
43.8882	-78.8803	1
56.0176	8.48088	2
42.493	-83.3705	29
-7.18116	-39.2756	3
25.8524	-80.3047	16
10.566	-71.6287	2
46.5743	-96.0854	2
40.2659	-7.5764	3
10.2011	-68.0093	1
13.8771	121.153	2
18.0492	-67.0995	1
33.4817	-80.8797	1
45.3227	-75.6672	1
30.2234	-92.06	2
51.0535	3.73038	1
34.114	35.7867	2
52.774	-1.55662	3
21.7942	-72.1903	1
42.2307	-83.6087	2
51.3253	3.53527	1
51.4546	46.1045	6
41.4244	12.7851	2
61.6273	23.1618	1
55.3878	13.0158	1
56.4373	23.5066	1
35.5864	-80.8418	1
59.3942	18.6174	3
-8.80481	115.166	1
26.2522	-98.1816	3
37.5645	-77.6821	1
50.4574	4.10842	1
48.9875	1.91135	2
40.1182	-88.2714	2
19.4742	-99.3104	1
-30.5529	-53.4955	2
53.5642	-0.074302	1
52.2721	-6.9589	1
53.3596	89.9062	8
50.8742	6.85095	1
44.4997	0.1696	1
44.642	41.9433	1
54.4611	17.0282	1
56.8729	24.3542	1
5.97788	116.074	2
20.3945	-99.9856	5
30.8723	28.8781	1
52.2694	6.24166	3
5.62805	102.507	2
40.854	14.2435	9
39.569	2.89238	1
19.1388	-70.1138	1
-19.8462	-44.6117	1
2.04811	103.382	57
51.9037	-9.03369	4
47.469	-122.284	5
-6.84833	112.015	1
52.2796	43.7265	1
43.2367	-76.3	1
43.3066	-2.99827	1
-25.6676	-50.6213	1
52.4579	-7.21803	1
52.1908	4.4131	8
-7.99504	110.585	1
36.0432	-95.8239	1
55.6168	51.8704	2
29.4326	-94.909	2
57.3102	-2.15374	1
56.5904	59.9662	2
43.9502	7.66126	2
-10.2485	-40.7399	1
30.2052	-81.553	5
50.2891	2.76818	1
-27.3882	-70.294	1
43.3855	-3.85921	1
50.55	137.01	1
57.9952	102.765	2
-7.16101	112.628	1
14.3053	-90.7687	1
53.2888	-3.60976	1
-28.7189	-53.5192	6
-28.8146	26.38	1
-26.1413	28.4249	1
42.3154	43.3569	2
20.0301	-102.265	5
52.984	-7.92549	1
-25.9924	-52.5902	1
38.9463	-3.23507	1
50.9968	5.87186	6
41.6756	-86.157	1
52.4598	-6.58001	1
41.7769	-93.6117	1
21.162	72.7758	1
41.8401	-0.894539	2
52.1638	5.39544	13
31.1926	-111.001	1
37.052	-113.568	1
18.3709	-95.7662	1
-25.0343	-47.9877	2
47.1612	19.5059	1
3.91007	103.363	2
-23.1295	-46.5728	1
-1.22868	116.843	4
44.997	4.27421	1
18.2565	-93.2226	1
58.1567	8.01718	1
-3.78965	-38.5199	24
47.7702	6.99064	1
58.6047	16.1585	1
-3.40318	115.981	1
51.3465	12.3817	1
43.6709	-116.684	2
51.523	31.3279	1
48.8456	-99.7367	1
-23.2981	-47.2769	2
36.5675	140.013	1
44.0822	15.1881	1
44.8377	-0.574762	15
49.5351	5.68154	1
45.3231	9.36708	2
43.1378	-1.29342	8
-5.53194	130.126	2
39.1451	-75.3867	7
-2.87612	-40.496	1
54.0027	-0.443707	5
40.8192	-96.7016	2
42.2911	-84.4241	2
21.4269	39.7859	1
39.2789	16.2706	1
46.7669	-100.756	1
46.5532	7.9064	1
41.8032	12.4371	1
-25.8783	-48.5721	1
30.6672	-96.377	2
43.2118	-77.7008	1
-23.6961	-52.3891	1
30.128	-91.8343	1
-29.6436	17.8844	1
-26.8274	-48.7225	1
44.379	4.99746	1
26.1422	-81.7905	1
35.2183	-79.7265	2
32.9626	-97.1509	1
1.78574	102.97	6
-22.6965	-43.5244	2
38.1928	-83.4256	1
-22.4513	-43.4782	1
51.4651	3.60961	3
-5.65214	-45.2755	2
53.2013	50.2134	2
-37.068	-12.3113	1
56.4073	61.9156	1
48.2201	16.3799	5
38.5711	-82.6274	1
-10.4832	-37.0385	2
47.0739	5.50228	5
48.383	31.1814	201
4.08054	9.67805	3
-5.21541	-42.8028	5
55.0015	82.9557	10
-13.002	-38.4551	21
-20.3427	-47.8032	1
31.5729	-84.1658	1
-7.56869	110.823	14
54.1306	42.6879	1
16.4486	-95.3794	1
44.228	42.0649	1
38.0297	-84.2519	1
38.6832	-121.386	2
42.3786	-71.1122	11
47.0732	15.4419	3
16.2586	-92.301	34
43.9056	-69.943	1
49.5004	8.50214	1
53.2081	-2.91402	1
42.5213	-92.4442	1
5.2117	103.203	3
14.0718	120.63	1
27.8777	-82.6363	3
36.5914	36.1586	1
43.3577	132.198	2
37.9695	-7.85798	4
42.263	-85.2034	1
44.8296	-68.789	1
52.9373	-1.45137	8
-34.1214	18.9126	17
38.6416	-75.6082	1
58.3788	13.4678	1
-1.46455	125.22	1
49.6209	5.21295	1
41.2919	-96.0406	2
-21.9722	-47.4137	2
32.808	-98.0832	1
-7.65283	112.717	4
-22.9932	-43.6078	1
39.508	-119.996	1
42.7247	-84.4788	4
4.4896	101.387	1
43.365	21.8216	1
50.2464	5.33734	1
-5.11571	119.523	36
-3.07903	-60.049	12
40.5415	-112.313	1
42.7825	132.87	1
51.5265	45.9785	11
-2.5561	-45.7711	1
45.0401	41.9709	8
34.7709	-92.4045	1
45.6568	9.95771	1
-6.35789	106.495	4
59.7134	30.422	2
33.2365	-8.49246	3
42.9073	-78.7484	5
-22.5461	-48.6355	20
50.6856	-120.296	1
51.7967	0.636477	2
-32.7174	151.539	1
48.5629	3.28423	1
42.5939	-75.7332	1
45.6739	9.61745	1
19.1003	-103.657	3
26.0411	-98.3511	1
22.0775	-99.0763	1
52.5401	13.419	12
53.1563	5.4229	1
50.4609	30.773	2
19.6527	-101.276	1
-28.0068	153.429	1
-30.7969	27.9638	3
55.6455	37.8276	7
37.3831	-5.92355	7
-15.7876	-48.1262	2
43.5978	-84.7675	1
50.1935	8.93088	2
-17.9708	-67.1192	1
14.6574	-90.587	9
48.3169	40.2673	2
13.2863	100.939	1
37.7289	-81.8061	2
52.1105	6.11219	3
48.9942	2.08123	8
30.4476	-87.1929	1
53.7172	27.9867	106
48.9893	4.51258	1
38.4792	-75.5284	1
4.90016	114.896	3
30.6928	-88.0407	1
33.6163	-7.39152	1
-23.9204	29.4629	1
55.5799	12.9349	2
20.6081	-103.707	1
47.4824	19.1295	7
-8.12895	115.066	1
35.1688	136.898	21
55.3373	86.1594	4
20.4247	-100.936	1
34.9321	-120.431	2
36.8404	28.3307	1
39.5922	-8.37447	1
52.0529	6.29347	10
60.6777	17.1391	1
51.4556	-2.13527	3
47.4092	2.92404	2
40.1847	-3.68796	2
-18.1413	178.424	1
48.7549	2.72725	2
-18.7954	-41.9396	2
40.0263	-105.488	2
39.1877	-86.5383	2
3.38356	101.215	8
51.737	0.490645	1
-12.4268	130.868	1
43.2996	6.26244	6
37.0279	-76.3506	2
-6.74895	108.557	5
40.2117	-76.7732	2
27.9095	78.0837	1
51.204	16.1524	1
60.2084	14.6944	1
38.3198	26.1532	1
52.1942	5.61581	3
43.3215	-0.343157	39
60.3591	5.42348	4
34.2008	-116.944	1
-3.75745	-38.7914	1
-25.9525	32.5825	2
39.7429	-75.5507	5
53.7221	84.9448	1
39.0459	-95.6842	1
-25.1476	-50.071	7
42.2884	-85.7069	2
18.3126	-66.0462	11
32.8154	-17.2406	1
30.8348	-83.31	1
28.1048	-82.5626	1
29.6353	-95.6	7
36.7047	-121.63	2
38.3906	-2.58163	1
39.67	-85.1395	1
36.7856	34.5941	1
47.2153	7.8091	2
55.4378	37.5463	6
39.8973	32.7076	2
37.9547	-87.3854	2
71.9733	102.49	1
40.628	-8.63966	4
28.9788	-95.9578	1
26.4561	-80.0918	3
43.7039	-87.7351	1
50.9528	1.86886	2
-7.14326	111.898	1
33.3881	-111.893	1
-23.2173	-44.7282	1
34.8562	32.3627	1
33.4463	131.332	2
38.9637	35.2433	111
40.1975	29.0126	2
-24.4526	-47.8102	5
-23.0537	-47.7053	1
42.5213	140.787	1
50.7259	4.86104	1
-21.2385	-44.2815	6
42.5767	-70.9553	1
32.319	-90.1091	1
24.8746	54.9214	1
52.255	6.76812	6
48.9931	1.69589	4
2.43126	101.899	2
-20.3498	-41.9347	1
-5.18745	-37.3473	3
31.7683	35.2137	1
-23.1417	-49.9606	2
52.6088	38.5318	1
35.7489	-5.83511	2
40.9028	-74.0961	18
41.1223	-95.9529	1
43.0439	141.367	2
44.9351	-93.4612	3
43.1534	-8.48066	1
47.0618	-0.879588	1
36.0531	14.208	1
31.7497	-106.28	10
57.7482	12.971	1
52.0853	-9.80617	2
51.8986	-2.07662	2
-30.5431	29.4193	1
29.0484	-110.941	1
35.3991	-119.092	4
56.6819	-5.10547	1
49.1477	8.28832	1
25.2487	55.2994	1
20.3703	-90.0472	1
45.4613	9.15934	10
-29.969	-71.3328	2
-23.5075	-47.4754	6
16.7419	-93.1397	10
52.7092	4.80507	2
61.6456	130.708	2
30.3901	-97.9884	2
52.5142	6.10694	23
-21.7554	-48.172	1
48.0788	2.76641	1
48.1129	-96.1658	1
18.4088	-66.1591	1
10.6481	122.933	4
39.9599	-75.604	2
-14.2393	-53.1848	42
-21.2139	-42.85	1
22.7705	-103.574	1
43.94	10.2154	1
5.53286	5.78013	2
38.1022	-86.2759	1
41.7581	2.06928	1
49.3534	0.0751004	1
12.8848	74.8464	1
41.9977	-71.499	2
39.801	-8.79559	1
20.5971	-102.559	3
35.9904	-119.299	1
47.7525	7.32554	4
-21.0685	-41.3596	1
39.2446	26.5953	1
52.7935	-2.90181	2
45.5317	-0.523851	1
35.1976	-81.2415	2
-8.25743	112.364	1
45.7417	1.3485	1
49.2681	2.47738	5
-29.0686	-51.0353	6
42.9674	-106.963	1
54.516	-5.89268	5
59.242	15.0206	3
50.5839	17.8031	2
50.9089	4.21998	2
43.703	7.25302	22
23.7461	90.3706	1
-20.595	-47.3472	2
40.7695	-73.9676	129
39.3526	-77.0694	2
-26.1512	28.0333	5
42.5936	-5.58254	3
0.0716892	-51.0492	13
44.2151	20.9238	9
51.0261	-1.24521	1
39.8905	-83.4345	2
35.8112	139.917	2
42.4574	-82.9492	3
19.1812	-96.1276	10
38.8792	-82.3801	1
35.0317	-106.946	1
48.9029	6.05928	2
-34.5089	-58.7412	1
-27.0529	-52.9701	1
40.3199	-3.89323	2
54.0304	19.0907	1
53.0091	5.64068	3
48.3815	-89.2812	1
39.7706	30.5097	2
43.5342	-1.47173	4
-30.2173	30.7704	1
42.1241	-6.2052	1
23.7602	57.556	1
7.76568	-72.2094	1
46.2296	7.34866	2
-22.9776	-47.1471	1
34.2087	-118.602	9
-19.8463	-43.7914	3
40.6904	-112.079	1
30.5513	-100.628	1
33.5943	-80.3484	1
38.9727	-76.5047	2
13.0344	80.2401	1
-21.6661	-49.7566	2
53.1548	-6.81533	1
-24.2935	-53.8154	2
45.5432	-122.655	11
3.86985	11.4466	2
40.7034	-73.6441	6
-4.02802	122.522	2
50.5265	9.00444	1
46.6832	-1.43642	2
35.0585	-89.6912	1
46.3159	4.83304	2
56.0349	-3.81564	3
32.7307	-117.231	1
39.5609	-119.775	3
56.8138	24.1832	1
10.1562	-61.6823	2
-23.8308	-46.8122	5
51.4345	0.246854	3
28.0153	-82.2698	1
51.3104	3.85765	2
55.102	-1.57826	5
25.3915	55.4576	2
32.4592	-111.212	1
-3.1107	-41.4845	5
58.0225	56.1443	40
50.9125	4.65022	1
5.53754	95.3089	4
42.2013	-85.5883	8
1.57554	110.336	1
52.3729	0.0072265	1
47.1353	-1.30561	1
50.8612	7.00128	1
35.5506	140.124	3
35.0382	-80.806	1
42.378	-83.2668	9
55.0435	-1.43881	2
37.8802	-88.9428	1
15.4503	120.705	1
42.2443	-121.777	1
36.556	-4.68407	8
35.9265	-79.0393	5
53.4514	-113.46	2
54.9016	84.3671	1
35.7141	-6.91635	1
18.6007	-90.7364	1
50.837	11.5777	1
-22.1994	-55.544	1
13.4419	144.805	1
55.4165	36.1182	1
39.4758	-95.721	1
-37.0958	-73.1514	1
43.6104	3.87434	10
2.29916	102.912	3
52.1794	5.90278	14
-16.3051	-48.9725	1
48.8097	3.09159	4
37.0567	35.2837	1
42.507	-71.1962	1
50.9502	-2.51655	1
6.4488	100.28	11
38.8283	-97.6379	1
26.0269	-80.3279	5
39.6531	-104.81	20
52.6401	1.27308	2
19.2996	-99.363	1
55.225	30.5017	1
32.461	-93.8138	1
58.8131	125.522	2
40.9628	-8.50091	2
-21.2655	-50.3258	1
-7.6741	111.323	3
15.1505	120.599	1
29.7012	-95.8497	1
52.0468	-2.71713	1
33.579	-84.3744	5
-23.0614	-45.9175	19
41.727	-72.2375	2
33.5745	-85.0954	3
29.5403	-95.81	2
39.4038	-81.412	1
19.9404	-97.9612	1
52.9286	-7.55743	1
-22.3872	-43.1873	1
41.145	-81.3585	7
39.7393	-89.2665	3
18.0395	-63.0629	2
26.3612	43.9463	3
-9.75808	-36.6473	1
32.9226	-96.5473	3
54.0788	-2.72119	3
17.0915	-96.725	9
47.577	-122.411	1
14.1004	-87.1667	3
37.0757	-76.5037	1
41.594	-70.9703	2
40.2053	-8.41014	1
39.1403	-121.608	1
52.3393	5.51529	3
-26.9981	-49.2271	1
33.9519	-83.9983	6
59.4743	32.0514	2
40.8987	-76.9171	1
39.6229	-77.7901	1
38.6385	-77.3233	2
52.8499	18.7825	1
-8.3651	-35.23	1
51.7375	3.8027	1
40.651	-73.8712	14
42.6681	-73.8107	2
-26.7599	27.8093	1
37.8556	-3.614	1
51.1252	-114.185	1
44.4246	8.85482	1
46.8289	11.7764	1
28.4821	77.0948	2
48.8036	16.6397	1
-19.0045	-48.3585	10
45.4028	8.91603	1
47.3079	-122.349	1
19.3703	-99.0088	3
39.2105	-94.712	2
45.4846	-122.805	4
42.7165	10.9881	1
39.6355	-4.47003	3
58.3822	33.9008	1
38.1556	-84.5173	7
49.649	0.833658	1
46.0323	2.21892	1
44.2005	43.1291	4
48.6772	2.50266	9
53.1549	0.325054	1
-22.5508	-44.1774	1
36.467	-5.01805	3
33.5648	35.379	1
44.7539	37.7704	1
41.3748	-72.1603	1
35.8112	139.379	1
-20.2664	-50.9477	1
43.6998	-85.5007	1
51.6509	5.38042	2
18.5399	-69.9007	12
47.9887	7.86822	1
32.6147	-85.4747	1
5.65802	-0.250784	10
43.3435	-1.7874	1
40.9471	-72.6707	1
2.16266	102.439	5
10.6684	-63.2458	1
41.3539	36.2057	1
-16.4629	-54.6471	1
41.1179	-77.6047	3
7.99087	-75.206	1
55.7948	49.0696	20
-29.641	-51.0055	3
-22.5593	-47.9314	1
-7.23072	-35.8817	9
-42.9007	147.328	1
-26.1941	28.2022	2
53.8245	-3.02998	2
49.6361	8.209	1
52.9032	5.87635	2
-23.932	-48.0101	2
47.3475	3.9926	1
36.3202	-78.411	1
43.6324	3.40195	1
41.566	-87.8082	1
39.3259	-8.72121	1
51.3258	-0.109598	3
52.1965	-2.21012	1
-22.442	-44.523	3
37.5288	-122.261	3
49.1859	-0.501982	2
47.1257	17.9073	1
-2.91332	-79.0051	1
41.3427	-89.2185	1
46.8964	5.02428	1
3.75431	101.949	2
41.9671	-87.6889	6
20.9861	-101.287	2
10.3811	-75.4984	1
54.5463	-1.21134	5
38.7435	-9.15999	15
37.5521	-4.36817	1
-30.3331	-54.374	4
55.15	-6.68176	1
19.6563	-99.2336	18
59.913	30.3101	110
39.6333	-79.9546	5
30.7968	30.9979	1
41.2923	-72.6732	1
40.4695	17.3661	3
-31.5862	-53.7439	1
18.9253	-96.937	2
37.0941	-8.24506	2
-3.0098	-55.195	1
30.2288	-95.3486	2
51.9736	6.73811	1
46.4755	6.42334	2
42.7991	-8.01626	1
31.3643	-110.933	1
40.2878	-75.7459	2
33.3942	-112.035	9
-24.2542	-50.5373	3
42.658	20.2843	1
59.3336	17.98	15
33.6817	72.9915	1
39.0178	-84.5773	1
50.2657	3.21109	1
38.8449	-77.4408	4
36.1296	-111.24	1
40.7142	-74.1906	6
