Latitude 	 Longitude 	 Weight
50.0645	5.76072	1
-19.9187	-43.9598	61
22.3388	114.263	2
5.35651	115.229	1
42.9446	-81.2053	1
-18.0263	-70.272	1
19.3184	-98.2454	2
45.5647	10.2314	2
-22.8437	-47.2618	11
40.579	-4.01259	1
32.7001	-113.962	1
28.51	-99.8336	1
53.0309	18.5857	1
-21.21	-48.2936	2
52.9908	6.25643	13
16.959	-99.7356	6
35.341	-80.7606	3
-6.91607	110.831	1
3.61035	98.4934	1
54.2685	-0.417182	1
-6.58341	106.794	22
30.6044	-96.3394	1
-6.02001	105.942	1
47.7405	7.3463	1
43.4272	6.77244	8
43.2162	-0.246791	8
38.611	-0.0362707	1
54.7597	55.8957	14
50.795	-2.61142	1
38.1299	13.6112	1
38.502	-117.023	1
16.8422	-99.9052	2
4.93427	-52.3132	2
-22.4012	-49.4018	1
54.4181	23.9992	1
44.0264	-88.5437	2
1.38035	103.938	100
-22.356	-48.7695	1
15.8513	-97.0546	2
51.867	6.17455	1
19.8466	-90.5346	5
-26.4195	-51.8397	8
51.9187	19.1348	1
35.8305	-85.9786	2
-25.4814	-54.613	4
29.5124	-98.3082	3
32.3329	-116.929	5
55.8512	37.6756	13
53.6493	55.9152	2
-20.6364	-44.2754	1
56.4004	-3.47885	1
43.3305	-83.737	1
33.3022	-117.342	4
19.7826	-70.6854	1
28.9567	-13.5873	1
-23.8527	-46.8358	5
-22.7177	-42.6203	1
49.5104	3.01081	2
30.6733	29.334	1
36.7543	-2.78205	1
43.1059	-80.7545	1
33.5227	-84.1308	1
51.855	4.67002	10
34.0922	-118.308	163
-19.4731	-40.6271	1
36.5603	-87.3465	2
5.37366	100.41	26
32.491	-84.8741	5
30.4593	-97.7919	9
-1.69975	103.267	1
15.778	-86.7839	1
45.7548	21.2216	1
50.8302	4.34216	19
-7.94422	-35.1191	3
43.4079	-5.79942	5
52.6003	39.6002	5
54.6818	-1.43164	1
42.3444	-3.68944	1
-23.6839	-46.9469	7
9.38547	76.5752	1
37.1258	-121.628	4
52.2858	5.65324	12
-6.90558	107.626	93
-18.6223	-46.5013	1
-41.4483	147.139	1
34.0127	-5.00224	2
48.7912	2.87006	9
-23.7071	-53.4119	2
48.8456	-99.7367	1
-29.9153	-51.1771	17
51.1251	-2.73264	1
38.4061	-0.430703	5
55.7796	38.8307	1
5.97323	116.068	7
3.59335	116.629	1
-3.10017	-59.9893	19
51.4	5.26978	3
43.511	-8.26934	1
41.8551	-80.7884	1
55.9183	-3.26502	5
18.181	-66.2706	2
-20.7399	-48.9021	2
41.8686	-80.1317	2
-3.25993	-79.9677	1
54.777	49.9181	1
45.0011	-86.2707	1
-8.66913	115.215	17
39.8699	4.22283	1
37.9191	-122.062	1
37.9688	12.9749	1
36.1392	-80.3444	1
52.4861	-0.93322	1
-28.739	-49.3605	8
18.4245	-66.0813	14
52.1617	-1.59696	2
16.4486	-95.3794	1
55.1995	30.224	1
46.0908	-64.7703	1
43.8227	-79.3166	2
14.4135	-90.6851	2
55.6182	37.3907	5
47.4391	6.58419	1
23.6024	58.4051	4
-21.5588	-51.596	1
49.5892	10.9845	1
30.4158	-97.5222	1
3.0996	98.4935	1
5.92346	102.243	1
56.8544	35.8997	1
18.9356	73.926	1
42.0017	-87.6644	13
46.3651	6.47418	1
37.8072	-25.4945	2
52.5055	4.86152	17
52.9974	6.55836	6
-23.5321	-46.6628	45
39.9674	-85.8915	1
43.7257	10.8047	1
41.58	2.54893	1
36.1275	-111.251	2
43.5399	7.00931	9
28.9699	-111.498	9
56.0731	-3.44523	6
-20.4644	-45.4235	2
34.1682	-111.931	1
42.7261	2.97705	1
44.5453	6.06236	1
-7.03353	-37.3471	1
-5.40306	-37.5589	1
45.8677	-0.954346	1
47.4815	-0.563019	3
-5.569	-50.0651	1
32.2978	-90.2076	1
-19.6263	-43.8892	1
44.8263	-0.308369	1
54.9535	83.117	1
43.5428	-99.2455	1
49.2884	-123.073	13
47.1954	-1.40941	1
35.6382	-97.4796	2
45.2769	1.41038	1
41.9541	3.20771	1
19.7496	-88.0135	2
-23.417	-54.5603	2
-33.0242	-71.6408	16
39.4668	-106.016	1
56.1459	8.81087	1
37.9995	-84.4434	6
41.2229	-111.973	2
51.63	6.23951	1
-22.3011	-48.5366	1
29.5669	-95.0587	4
8.55103	-71.2345	3
39.3235	-82.084	3
19.805	-98.4891	1
-29.2431	16.8805	1
-8.13198	111.617	1
52.4991	5.49717	1
-23.4057	-51.9683	6
39.4622	-77.9679	3
35.3103	136.791	1
44.3212	-61.8117	1
19.8044	-96.1443	1
54.5211	-6.04748	1
39.7797	-86.1329	5
4.17242	73.5037	4
34.7233	-92.3379	1
34.2071	-77.8721	4
63.5897	-135.881	1
47.842	35.1243	1
40.1411	-74.8493	2
53.3215	50.0679	8
-23.2969	-45.9737	12
49.055	7.41731	1
39.8625	-75.4224	2
59.3501	17.0616	1
45.245	4.64206	1
34.4152	133.28	1
51.046	2.84731	2
39.3735	-104.841	2
66.6685	66.3855	1
-22.1847	-49.958	1
3.58111	98.6676	56
52.8884	4.88429	8
54.0536	-2.19073	2
43.0352	-76.1391	6
38.8635	-99.3554	1
36.1569	-115.244	34
-19.9785	-43.782	2
35.7796	-5.80586	1
45.9496	5.32601	1
46.9589	-122.823	2
48.6365	2.80265	1
36.8585	-111.446	1
51.3433	6.13011	7
42.8962	-78.876	7
40.9173	29.1888	8
33.7418	-118.3	9
45.5517	8.94329	1
40.3913	-80.5495	2
29.5901	-98.6259	11
-23.3552	-47.9037	3
55.7931	-4.85657	1
18.7965	-70.2867	1
50.7468	-1.90547	1
4.89525	100.716	1
5.07229	-75.9642	1
10.9515	-74.7782	6
41.4267	-88.228	1
50.5422	-4.1535	1
36.6038	-119.449	2
30.3449	-81.6832	21
47.4708	-0.355243	2
50.1927	8.74736	1
41.9465	-87.8351	6
-33.5828	26.8875	1
51.2518	4.43612	3
40.5668	-3.26678	5
45.8813	-72.4915	1
50.3991	30.6454	1
-37.9656	145.149	2
33.6742	-111.858	3
-37.6679	144.849	2
47.0278	-122.342	2
40.18	-74.2029	3
43.3097	6.63178	1
53.3549	-6.2476	24
39.5422	-87.2171	1
-2.09083	-79.9029	19
34.4019	133.084	1
42.6827	-73.8242	2
45.0642	-93.1933	1
36.7798	-108.665	1
42.6582	-78.7513	1
-29.753	-53.8242	3
52.1805	0.150216	1
-31.5614	-52.3342	4
4.73241	-74.3417	1
45.6583	10.0366	4
15.5186	-88.0158	2
5.82035	100.65	1
41.3428	-73.2315	1
-24.0534	-48.27	1
-26.4168	-49.0724	4
24.8012	46.7401	4
47.9887	7.86822	1
18.1359	-65.8092	2
48.4561	135.099	5
33.9998	-83.3858	1
52.7528	6.71888	11
12.8048	74.9329	1
55.1254	73.3788	9
48.6989	-1.38745	3
52.293	-6.94856	2
55.3589	86.0515	4
-6.89416	-35.456	1
49.4555	-1.78797	2
48.7143	1.35211	2
29.5532	-95.6676	4
39.6521	-0.564281	1
-26.8728	-49.1096	4
50.784	0.29937	2
42.0712	-88.0453	3
21.1388	-86.8465	4
56.4963	-2.73314	1
48.8051	2.14451	70
47.4824	19.1295	6
41.5988	12.8291	2
-6.06018	-77.1674	1
57.0077	23.5093	1
53.2258	-3.07965	2
-15.7182	-43.4193	1
51.585	5.06361	20
49.8513	20.2544	2
39.3585	-74.4256	1
42.2754	-71.8077	4
34.0203	-6.83744	3
54.112	102.175	1
39.6621	-75.6916	5
41.8191	12.7063	1
58.5534	31.2773	1
8.06301	-63.5515	2
42.5744	-70.9561	1
36.4488	-6.20538	2
37.4541	127.152	2
47.1425	6.19758	1
40.6708	-88.7666	1
59.3611	17.8284	1
37.7914	-3.74254	2
2.82194	101.443	5
32.6782	-83.1783	3
34.0064	-84.758	2
33.7533	-115.447	1
43.8398	-79.0916	2
33.865	-84.6845	2
43.2365	-86.2565	7
43.3484	3.2346	2
41.3153	-84.9019	1
-6.70495	110.85	1
51.7289	5.45244	14
-3.29148	114.592	1
39.2582	-84.6398	1
49.2644	-84.7477	1
41.2431	-82.6364	1
39.1109	-80.4091	1
19.6972	-99.2249	9
48.5442	2.6705	27
54.5977	-5.92651	5
42.6756	-74.4925	1
10.1628	-70.0765	1
-22.5283	-41.9416	1
56.0569	37.382	2
-2.54526	118.03	1
46.2625	-119.313	2
52.2568	6.71048	11
50.5161	7.52475	1
-26.7242	-53.4817	1
-17.8298	31.0548	1
51.5748	5.95258	2
-0.206179	-78.4846	1
54.8196	32.0608	3
64.1047	27.4529	2
46.8023	1.69045	1
37.2692	-119.307	15
34.928	136.441	2
-26.3749	25.4619	3
-21.7485	-44.7869	1
38.9703	-94.7179	3
-26.3075	27.9439	18
-18.7968	-40.0622	1
59.4048	27.2963	1
26.9411	-80.0977	2
32.5762	-86.6807	2
29.396	-111.737	2
31.9552	35.8692	2
53.3598	6.41844	7
25.9635	-80.3704	11
45.1088	-93.3403	1
44.6757	4.79723	2
28.003	-81.142	1
14.7128	-61.0124	6
28.0329	-97.5071	1
20.8765	-100.884	3
19.3343	-97.9228	3
-26.4775	-51.4095	2
1.66329	103.551	4
52.6019	4.71134	22
44.8942	-0.50321	17
52.5098	-3.34068	1
19.2708	-99.6499	24
-27.6097	-48.4789	2
38.793	26.962	1
-29.1066	26.2131	1
53.2204	-0.558267	2
38.9401	-95.2455	1
10.4031	-61.4711	1
3.31386	117.588	1
41.3252	-74.1672	5
-22.8384	-43.2831	1
-29.392	-50.9007	1
53.2165	-4.10103	1
48.2201	16.3799	5
48.7791	9.17711	1
66.0813	76.6874	1
38.6367	-87.5308	1
39.9312	-0.10139	5
56.2847	43.851	5
5.35607	100.587	1
-29.1921	-51.3739	4
43.4588	-84.0088	1
55.5863	12.2671	1
38.8435	-0.114123	1
52.8532	6.55565	8
35.1875	-101.949	1
27.0284	49.6319	1
37.7764	-81.1864	1
37.8245	-122.255	9
51.5207	-0.142822	3075
-21.78	-41.3059	3
37.0682	-88.6206	1
2.12933	111.516	1
-7.5139	112.704	2
-26.1206	-51.0906	4
39.2333	-119.943	1
44.8294	37.6465	1
-20.3184	-47.8265	1
45.5723	6.82635	1
64.829	-147.669	1
51.8943	-8.48433	1
28.0666	-80.6588	7
31.4681	-95.4678	1
-30.4636	-51.6415	1
-7.39285	108.184	2
51.3967	-2.85146	1
49.5754	-121.907	1
-20.3371	-43.3298	1
39.2416	-94.5656	1
55.7249	36.8488	1
42.9272	-72.2808	1
-25.4951	-49.2884	79
43.1873	3.00799	1
54.2956	-1.57947	3
51.272	-0.395409	5
37.6752	-97.4148	11
-6.21154	106.845	240
48.9287	24.7039	1
-5.57916	-39.4606	1
47.5086	-111.254	2
49.033	7.95094	1
38.5305	-8.86894	23
33.4086	44.454	1
13.7051	-89.2447	28
13.3272	77.1249	1
53.0928	6.90795	4
-23.5781	-51.4234	8
32.2545	-107.759	1
42.9427	-74.1917	1
-21.2133	-47.818	21
50.9502	-2.51655	1
51.3734	7.79263	1
43.7538	-121.531	1
41.4603	-82.8159	3
-27.3174	153.049	8
-28.0067	153.429	4
45.9746	-0.790735	1
39.1066	26.5568	1
43.3984	-94.8158	2
48.5629	3.28423	1
44.1364	4.08806	2
42.5939	-75.7332	1
53.7974	-9.54298	1
53.2268	-6.12663	1
38.6081	-77.339	1
42.7139	-78.9278	1
36.467	-5.01805	4
34.0421	-83.8631	3
40.9471	-72.6707	1
19.4141	-70.6431	1
44.8314	-0.681769	1
47.8737	1.91213	6
-29.7416	-51.1405	6
41.3773	-82.1205	2
49.1035	-0.372141	3
30.5393	-97.6492	7
27.5458	-99.5723	3
20.7509	78.5847	1
37.3562	-122.031	23
40.7142	-74.1906	20
38.967	-76.8477	29
40.4981	-3.8872	2
53.7004	-1.65525	4
44.0358	-78.8645	6
52.5066	-0.70217	1
51.9413	10.1251	1
3.67766	100.987	1
47.5596	-1.03156	1
3.57062	99.0098	1
39.914	32.8243	2
1.12958	104.031	1
39.5006	-77.4015	1
36.8639	-119.752	4
-20.4444	-44.7707	1
38.6582	-121.052	1
57.1558	-2.20286	10
28.4768	77.0675	1
-27.7689	-48.6676	3
36.6219	29.123	1
46.4691	-1.64677	2
27.7593	-98.2282	1
38.5617	-121.461	16
51.2667	22.8865	4
52.1559	6.40874	6
8.4509	4.52536	1
43.5238	13.5472	3
22.0775	-99.0763	1
51.0183	2.34338	2
51.7859	5.29507	7
48.2652	-3.80947	2
59.2239	9.54732	2
28.41	-97.7513	1
-22.4399	-68.9065	1
14.5343	-91.6821	1
43.9407	4.83351	5
30.69	-97.6584	1
36.1337	-5.35317	3
29.3025	-94.7767	1
41.872	-84.0369	1
10.9543	-63.8669	4
47.7737	-122.206	4
43.6111	3.16391	1
48.8119	7.78652	3
53.3405	6.95578	1
43.5784	39.727	1
-6.20948	106.596	49
32.163	-106.662	1
34.8922	-120.457	1
37.9168	-1.11781	4
49.3947	5.52196	1
33.4977	-111.913	1
5.8108	100.383	4
38.5983	-9.11333	6
53.459	6.62288	3
42.1681	-76.8922	1
4.44737	-75.1943	1
-1.27293	-48.4598	75
41.6459	-0.861224	4
-34.8079	138.711	3
49.2533	7.3688	1
49.1829	1.3674	1
39.6014	-104.71	3
43.0518	-86.2229	3
16.4516	-95.0274	1
43.3749	-8.42815	1
42.7733	-81.1685	1
45.0538	39.0332	4
41.5124	-87.6356	7
52.2561	18.2626	1
48.6221	22.2912	2
45.5077	-73.5717	4
35.0764	-92.4576	1
46.1099	5.9762	2
52.5598	-0.251757	1
48.7506	44.5109	9
37.7343	-8.77526	1
46.4733	30.7463	1
18.0828	-67.0463	3
52.9651	5.02403	1
57.1199	24.7473	1
29.9758	31.4062	2
42.1159	-96.3676	1
53.4301	14.6255	2
9.89697	-84.0617	12
21.6435	-157.921	1
36.7617	-76.2236	3
52.5526	5.92182	11
54.3179	48.4689	6
-41.2076	174.93	1
64.5432	40.5117	4
1.45567	110.487	3
-7.81461	112.004	1
12.6264	-8.03102	1
52.9815	6.74891	4
56.1623	15.5802	1
40.585	-86.669	1
34.1318	-117.278	6
42.8509	-106.278	1
59.3597	18.1963	3
9.08506	-79.3865	3
54.0363	28.0048	1
41.5008	-99.6809	1
47.5388	-52.75	1
48.4079	7.45733	1
40.073	-74.7243	12
38.7817	-90.712	1
44.8267	-122.874	1
45.475	-122.455	1
47.7157	1.9455	2
35.1295	-90.0268	2
51.6636	-0.810113	3
53.4346	23.4208	1
53.7969	-1.0196	1
44.0415	1.43687	1
55.3878	13.0158	1
36.6668	140.136	2
40.6621	-73.7048	5
29.6341	-82.3751	2
48.8743	8.71665	2
-24.6498	25.6985	1
-21.2635	-50.3531	4
35.9043	-86.5778	1
38.1216	-6.69347	1
35.0715	-78.9175	3
47.3729	0.684684	2
49.5359	0.96268	3
45.6753	15.6566	1
20.1829	-100.139	2
43.6697	-116.684	1
61.5218	0.00022	12
52.6984	0.353306	2
8.99923	-79.5207	14
-29.1911	-54.8563	2
48.5751	-3.84699	1
-33.8284	150.956	2
45.5228	4.89476	1
11.669	-70.1871	1
-22.2332	-43.888	1
-7.01001	107.528	1
51.9552	4.54619	24
2.39449	111.874	1
42.8744	74.6067	1
27.4916	-99.4308	1
40.4287	-3.55309	12
56.0589	54.2785	5
20.0871	99.8812	1
28.4811	-81.3687	19
10.4962	-66.8443	7
18.022	-92.9165	15
35.1046	-120.574	1
-5.49304	-38.721	2
49.4317	2.80507	1
47.2751	39.7779	1
54.7006	25.253	1
19.6527	-101.276	1
45.9296	9.29721	2
44.0388	43.0507	1
37.6325	-0.956809	3
23.1873	-102.875	1
45.3364	12.1272	1
35.619	136.884	1
50.7782	5.97428	36
41.3006	-7.76079	1
39.9573	-104.801	1
14.6063	121.197	8
40.72	-73.3808	5
41.9782	12.7103	2
38.3774	-75.5891	1
-7.88293	-36.304	1
3.86982	11.4472	4
38.431	-77.4161	6
52.7324	41.4335	1
37.3009	-80.0786	1
33.0473	-111.367	1
38.4784	-0.770207	2
22.2228	-97.9139	5
47.3979	19.2663	1
-27.5341	-53.8776	2
53.558	-7.46394	1
41.7329	-70.9436	1
51.2757	3.83333	1
31.616	-4.23717	1
53.244	6.58062	14
-1.75216	112.635	3
52.6973	6.20252	3
40.354	-74.4726	7
33.9499	-118.325	25
46.673	-92.6639	1
-5.14383	119.426	25
14.6449	121.032	31
53.3749	-2.7675	4
57.7019	11.9545	4
44.9397	-93.1061	1
-28.946	-49.4603	1
26.3356	127.747	2
38.2753	24.508	18
6.11277	100.374	11
19.3287	-99.4658	2
-23.1595	-45.7999	5
50.9419	0.206954	2
-6.62957	107.721	1
28.6065	-81.4456	1
47.1305	2.14902	1
-27.1211	-48.9046	2
21.0981	-101.601	6
48.4536	-2.04792	1
-6.37383	106.917	18
53.401	-8.30764	1
41.8338	-87.7319	37
47.0881	8.28108	3
-21.3928	-50.1297	1
10.2549	-67.617	2
41.6277	-90.2667	1
57.4295	26.9838	1
54.9818	-3.25189	1
42.9441	-73.8052	1
50.786	16.2979	1
41.4728	-71.9578	1
39.4616	-74.5254	1
46.7495	4.85601	1
41.5336	-72.0875	1
43.7975	4.68492	1
46.5287	6.65208	5
58.4357	8.71051	1
55.7339	12.4266	2
35.0125	134.996	1
33.8431	-112.102	1
43.2943	5.40527	34
33.942	-116.95	1
-22.3069	-42.4674	2
-7.66447	-36.9094	1
-22.0585	-46.575	1
43.0841	-89.4064	1
41.4988	-81.7058	7
48.5501	-79.9766	1
51.2476	4.7174	1
35.5626	-5.89977	1
53.1336	8.44304	1
4.39958	113.99	8
50.5977	36.5848	6
-22.6133	-43.7186	1
51.3565	-0.190964	10
-7.3308	106.48	1
48.2924	4.07631	2
14.283	-90.7943	1
12.3457	76.618	1
40.7912	-77.8635	1
-6.88289	109.67	1
24.6083	46.7329	1
-12.8753	-38.5026	19
39.5922	-8.37447	1
45.6896	5.01631	10
-6.84032	107.363	1
42.4594	-96.4128	1
8.74428	-82.4338	1
35.5771	-5.34233	2
21.2954	-157.827	8
52.0529	6.29347	30
21.5158	39.1893	1
58.5905	49.6388	1
45.0752	11.7644	1
38.0002	-122.262	7
6.42937	99.6757	1
38.999	-81.9914	1
51.171	7.07062	4
39.6355	-79.9522	6
32.835	-109.709	1
-22.5615	-45.0123	1
48.0996	-1.65722	5
33.8664	35.517	2
39.7666	-86.4413	1
35.3934	-94.3819	1
16.7711	-93.099	6
-23.3921	-46.4539	51
19.2286	-99.0862	39
4.43242	101.218	4
33.8431	-117.582	1
41.9912	-92.5835	2
36.7152	-4.53643	5
21.4426	39.7928	1
23.6254	58.2096	1
-28.2118	152.046	1
47.2692	-122.308	2
53.2768	5.98029	3
-25.4912	-50.8622	3
17.5486	-92.9522	3
40.6179	-74.023	23
37.7703	-122.436	34
-34.5117	-58.5716	2
30.4581	-111.063	1
51.0664	-1.31715	2
39.9568	0.263752	1
46.6272	13.3652	1
52.307	104.253	1
40.0691	45.0382	1
-25.224	-50.6319	1
29.2397	-98.3022	1
35.2945	-77.5905	1
3.42509	101.794	2
2.93662	101.623	143
51.3181	12.3286	1
2.71563	101.953	17
36.4751	-95.0172	2
51.2355	5.67891	6
51.2384	6.81431	1
49.0497	-122.34	1
4.90779	-74.0302	1
25.6089	-80.3711	2
32.4905	-85.0532	1
37.7006	-121.424	1
41.5254	-73.7031	1
42.1971	-8.77156	2
17.8006	-101.457	3
52.1504	1.41289	1
-22.5927	-46.0515	1
44.9295	4.90575	2
39.5387	-104.976	3
45.2312	-123.171	2
44.7649	10.3124	1
17.9982	-76.7741	1
44.683	-63.9794	1
-32.2122	-52.378	1
34.7292	135.414	6
53.2039	-2.56224	1
26.0964	-80.2215	14
41.1621	-8.62191	5
-23.6828	-46.5955	563
36.7855	31.4528	2
34.5227	-83.3171	2
35.8679	127.074	1
46.6461	-0.235334	1
7.10602	125.615	1
42.3996	-8.8257	3
-38.2671	145.017	1
51.4923	-0.830096	10
45.5255	-94.1515	1
40.9948	39.6761	1
43.3997	10.8917	3
46.8415	-71.3703	2
47.3321	5.03236	5
3.35359	101.253	13
51.6126	-0.372138	13
51.1689	7.65501	2
35.5808	-105.239	1
51.56	0.236186	8
-4.17306	121.622	1
14.7693	-88.7776	1
50.0527	8.56916	2
45.8846	1.21031	6
-21.4551	-45.2045	1
49.2535	4.05493	2
-0.291066	36.0576	1
53.7269	-2.50325	3
45.0405	41.8935	1
6.89258	79.9812	39
-34.1218	18.4889	3
-6.23597	106.988	39
41.5642	-83.4249	1
-18.3797	-49.4663	4
36.4205	-121.315	1
20.1056	-98.7758	7
15.217	120.824	1
52.4472	5.21763	1
39.295	-7.44543	1
48.2218	22.0752	4
13.29	123.478	1
27.9248	34.3408	2
45.7567	9.85388	1
-28.71	-55.8067	1
60.4899	16.5702	1
-25.4539	-54.4571	4
30.0949	-95.9953	2
54.6138	39.8799	1
19.6511	-155.861	1
41.0195	-73.7194	3
51.5616	7.23263	1
28.5882	-81.2549	19
42.6675	-83.27	3
47.8001	3.59026	1
-7.55918	110.819	13
-22.1609	-54.8613	7
51.7549	-0.429	1
43.1416	-77.4726	4
38.2365	-0.646322	1
-22.6002	17.0736	3
34.1473	-88.6204	1
49.6309	8.3562	2
47.2164	2.38393	2
39.586	-2.27786	1
8.8423	-79.8406	1
51.7624	-0.24953	2
37.6794	-4.29582	1
47.8002	12.4896	2
32.4437	-81.7724	1
40.2183	-82.9931	1
36.8687	-2.37369	2
54.5036	18.4637	2
43.3215	-0.343157	43
2.34513	102.101	9
-6.23926	-35.0964	1
48.9083	20.8737	1
34.5099	-114.311	3
31.2622	121.652	1
3.89572	103.077	6
37.6563	138.94	1
41.585	9.26626	1
-6.12702	106.711	1
51.0396	-114.065	5
-5.79931	-35.2216	38
19.0187	73.038	2
35.8385	-111.437	1
-26.1739	27.9956	6
-19.4455	-42.6011	2
31.8536	-102.394	1
-15.5912	-56.0629	2
40.2421	-103.792	1
50.6163	37.3015	1
0.0	0.0	76
48.571	16.5622	1
46.8354	-100.768	2
54.104	22.9291	1
39.7429	-75.5507	2
35.5279	-108.69	3
-10.4832	-37.0385	2
29.9901	-90.0965	5
36.4776	-86.6787	1
-21.6782	-45.9046	2
34.7378	-86.6668	1
51.5228	0.572022	3
56.6282	47.8837	4
32.7461	-97.2351	14
48.852	2.50924	138
51.8218	-2.2953	2
47.5953	1.33356	2
38.5569	27.3113	1
39.2204	9.09584	1
30.0108	-95.4185	5
-1.43307	-48.4515	23
-16.7108	-43.8621	2
47.9424	21.7009	5
37.2317	32.9564	1
-27.0077	-48.6232	14
56.1707	40.4703	4
40.7807	29.4834	3
41.1787	40.8946	1
52.4011	-1.60062	1
44.6238	21.175	1
-29.5851	-51.2261	1
36.8097	138.2	2
-7.81641	110.368	25
49.4412	1.0912	4
43.4893	-1.47825	7
-2.97572	104.734	6
53.3718	-3.17049	3
9.59119	-69.2201	1
42.8283	-1.61658	2
-17.9709	-67.1192	2
42.6368	-82.9226	2
-4.42727	-38.8546	2
14.9732	102.081	2
51.8142	143.153	1
39.4207	26.8072	234
-7.08721	-36.3705	1
10.4429	-85.7749	2
-3.75745	-38.7914	1
-2.91332	-79.0051	1
-25.916	32.4801	1
43.3873	5.23302	1
29.4841	-98.4979	7
40.047	-76.4878	1
9.73597	-63.2205	1
31.7692	-106.488	7
6.3053	99.8518	2
43.1875	141.736	1
46.2101	-119.116	1
55.9725	-3.60657	2
43.7023	7.26724	6
2.29916	102.912	7
42.9501	-81.3672	1
18.2621	-66.8485	6
53.0078	-2.18069	1
18.0395	-63.0629	1
-34.9779	138.51	1
46.009	0.0940275	1
6.57223	3.30175	6
39.3691	-76.7951	2
45.319	5.60487	1
18.4317	-68.9855	1
44.2109	-69.0684	1
53.1436	-2.38768	3
19.2003	-98.8715	2
41.4878	2.35478	1
48.8072	-124.67	1
50.8452	-0.130547	5
10.0793	-69.2773	7
38.7228	-75.2849	1
33.8892	-117.925	25
-40.8775	174.996	2
50.3799	3.10048	1
37.4237	-120.781	1
40.3164	-83.1024	1
43.0784	5.89648	1
3.94649	113.811	1
-0.0577484	109.34	14
-7.80004	110.94	1
42.7466	-75.77	9
61.2103	-149.863	3
31.2077	29.9628	2
2.8253	-60.7144	4
37.9125	139.062	1
18.9178	-100.301	2
-5.34998	-49.1373	2
46.3539	-0.386041	1
15.7339	-88.5993	5
1.85887	103.098	1
13.7127	100.512	3
50.0799	45.3835	1
47.251	-1.93632	1
34.4717	-117.241	5
54.2721	-2.79158	7
41.3143	-73.6675	1
37.3831	-5.92359	4
55.5351	25.0862	1
53.2791	34.3808	1
19.4325	-99.1534	120
50.4812	3.25613	1
38.0097	-78.5214	1
43.137	5.75247	2
39.3774	22.9638	1
47.36	-122.169	1
25.7787	-100.168	4
55.4359	65.2991	2
14.4311	120.875	2
45.6708	9.38599	1
28.6694	77.0854	2
-23.5356	-47.654	2
51.8039	55.1908	1
-22.1032	-41.4308	1
-23.2213	-47.9645	1
55.7559	37.5483	124
-17.6863	-41.3566	1
48.9661	1.67944	6
8.29772	-62.7351	2
46.4169	-0.117116	1
29.9942	-107.554	1
48.0663	-2.96974	1
-20.3359	-48.3961	1
10.1916	-67.4592	2
49.0266	2.46772	17
41.7154	-71.5156	10
51.689	39.0935	3
-20.8756	-54.2616	18
51.4708	-2.61703	6
49.4511	0.785578	3
49.3715	6.14425	10
36.6375	-4.69116	16
57.7686	40.942	1
42.3144	-70.9703	12
52.7907	5.14252	4
39.7643	-104.855	33
36.1042	-83.4754	2
48.0892	20.6757	1
55.852	38.4271	1
55.6026	38.8637	1
31.2956	-92.4849	1
29.9367	-89.9476	2
35.1349	129.096	1
35.3359	137.122	3
-18.074	178.516	2
38.5514	-90.2547	5
43.6134	2.24476	1
55.4767	47.1683	1
-20.0713	-44.6083	1
-26.2475	-49.3813	1
47.2647	-0.0838025	4
40.4778	-3.70352	26
14.8557	-91.5425	1
44.0655	5.04672	1
20.6735	-101.34	1
46.7952	-2.0158	1
2.80974	101.738	14
-1.39313	36.6807	3
51.9598	5.63604	16
35.0826	-106.678	6
71.2998	-156.724	1
51.5166	-3.24937	4
-33.9984	150.866	2
35.1007	136.072	1
-2.51481	-44.239	15
56.7057	60.7351	1
37.7131	-122.129	5
47.5336	6.82311	2
-22.7611	-47.6362	1
39.9541	-75.2514	11
31.1689	-100.077	4
19.1586	72.8574	17
38.9954	-9.14118	2
43.2925	3.41935	1
50.9842	-2.709	1
43.2231	0.0415459	4
24.5576	-81.8047	1
34.0346	-117.933	36
-22.0668	-42.9237	4
-1.15746	-50.5734	1
37.1573	-121.932	1
47.0692	-1.64417	1
37.6075	-122.397	3
-29.5985	-52.4412	1
48.9676	2.11325	16
49.3938	1.72982	1
33.5711	-81.7702	1
18.0252	-66.6372	3
-31.2458	-54.0659	1
54.7042	20.472	9
-23.511	-46.8823	32
-5.18745	-37.3473	3
42.5812	-71.7975	1
46.1393	9.44084	1
45.0788	7.62249	3
54.478	9.06535	1
0.177371	-51.3389	1
35.8694	140.012	1
53.5056	-1.09397	2
11.934	-85.9579	1
50.9121	-1.49524	7
5.17526	100.476	1
-33.3935	-71.1235	1
33.9378	-84.3519	6
37.5153	-77.485	4
43.785	4.18906	3
39.1661	-108.139	3
20.4321	-86.878	3
53.5601	-2.87583	1
39.906	-5.22533	1
42.9046	-78.0042	1
33.6017	-7.60975	7
-25.3706	-51.5523	1
53.2133	10.3758	3
48.6475	44.3981	6
1.34112	102.155	1
19.973	-99.1713	2
-23.621	-46.7853	18
50.8028	3.27979	1
45.099	-123.086	2
49.5501	2.51287	2
41.3688	-72.0675	1
43.6155	4.0092	12
33.6245	-80.9266	1
33.8802	-84.1634	3
5.29517	100.291	1
47.5328	2.85118	2
54.9594	9.76705	1
53.7521	24.213	1
-26.9671	-48.7712	1
33.5432	-117.673	11
48.9762	3.33562	1
5.33605	103.053	11
-23.5501	-47.8728	2
53.3541	10.562	1
60.7218	28.7527	3
44.5081	10.7433	1
52.0046	4.21273	27
7.96237	-80.4174	1
30.8207	-83.3129	3
52.5007	103.845	1
-21.6181	-48.4446	1
18.9338	-99.2608	4
-8.43046	-36.7454	2
33.0577	-112.046	1
45.8316	3.10958	6
50.4594	4.85369	2
48.5895	2.24626	10
39.2846	-76.6205	9
19.4261	-98.1218	1
22.7894	-98.5974	2
6.02134	102.408	1
43.3909	-80.3993	1
55.104	36.5963	3
47.8735	-3.91839	1
-22.7287	-43.3768	3
-1.09656	37.0174	6
53.4173	-2.36019	17
52.1943	4.43483	17
45.9423	4.69819	4
32.7741	-117.076	13
26.1776	-98.0945	4
53.2117	50.2209	1
33.4968	-117.083	1
-6.30691	107.165	3
12.513	-70.0265	1
54.9377	20.1082	1
42.6489	-83.7389	1
20.941	-89.6236	22
51.1889	58.6101	2
38.7724	-92.3074	2
52.6844	-1.81241	1
21.5005	-158.024	2
60.9967	69.0689	1
10.2148	-84.4005	1
40.3653	-82.6694	2
51.6453	-3.90717	3
-23.147	-49.9738	3
51.9255	5.01355	14
32.3412	-90.5997	1
-20.3975	-43.6687	1
50.3545	3.59525	3
38.6726	-8.89818	1
-35.0953	143.257	1
40.6645	-74.5457	1
39.1363	-84.5404	6
-23.038	-46.9718	1
-25.2655	-54.0981	1
-20.4474	-54.6241	1
29.374	-100.832	1
32.2238	-8.83357	1
48.4985	35.0375	1
46.5278	6.82599	1
-22.697	-46.8066	2
32.1213	-110.859	2
37.8698	27.2644	1
46.6556	-52.6409	1
53.8096	87.2221	2
45.39	-75.7261	1
18.2157	-66.0213	3
55.976	37.9302	1
-15.8765	-47.9775	5
39.8015	-83.212	2
45.6457	0.145144	1
38.5195	-28.5186	1
34.631	-78.6168	1
65.0688	26.0067	1
20.9861	-101.287	1
-30.2041	-50.8677	2
27.7611	-82.6445	1
60.7534	15.8205	3
41.5562	-93.7708	6
5.70134	100.502	2
38.3369	38.28	1
41.6843	-87.6613	3
37.2068	-7.22977	1
-8.26754	113.682	1
52.3834	13.1196	979
33.44	-86.8398	7
33.0226	-115.869	1
50.5236	21.4648	2
25.026	121.528	1
-6.64378	-36.8683	2
50.9404	0.366004	1
26.8107	-80.6591	1
42.6561	-71.3304	1
41.0774	28.9773	12
29.5215	-81.2365	2
46.0276	4.05737	1
43.5345	6.46516	2
38.429	-121.386	2
10.3263	-72.3235	1
-22.9976	-50.0858	1
43.1534	-8.48066	2
31.4505	-16.5609	1
44.8019	10.9114	2
37.2968	-121.817	17
37.6529	-120.991	2
-23.5594	-46.1857	27
24.4914	39.618	1
52.7529	6.95947	12
4.61235	114.338	1
35.6915	-78.5771	1
34.7096	-118.106	32
52.5142	6.10694	24
4.24884	117.907	3
48.1956	-96.5837	1
19.921	-100.003	1
45.0612	5.04764	2
31.8634	-96.7767	1
48.9946	-1.46895	1
-2.42215	-54.7234	1
40.8555	-111.933	3
34.1401	-80.912	1
37.3262	-120.477	1
41.3285	-75.0476	1
-23.2514	-47.0591	4
35.9418	-77.808	2
46.9354	-97.9964	1
3.38192	101.418	3
29.8797	-90.7622	1
37.1853	-5.78667	1
9.01708	7.58409	2
42.9907	-85.9508	2
47.1989	-122.541	5
-1.74911	102.839	5
51.3241	-1.92567	4
37.1804	-3.59799	9
-27.2447	-48.6992	4
50.6887	3.18426	11
49.5424	5.68413	1
12.2222	-86.4011	2
51.2106	17.385	1
3.23187	101.386	32
26.3723	-98.1432	1
41.5372	-72.8019	2
40.0602	-80.7224	1
39.7578	-121.799	2
7.10876	-73.1108	1
37.8326	-79.9813	1
52.4949	-1.88125	7
52.8248	-2.02806	2
47.6301	-122.154	1
-7.63081	111.533	1
51.9108	0.65166	2
-20.4545	-49.3333	1
45.5906	9.75364	2
53.8603	-68.4259	2
-22.916	-43.4474	94
38.9943	-94.5601	3
51.4588	7.02797	1
33.9112	-6.96934	1
55.4717	10.6404	2
-28.7303	-51.6044	2
48.1316	-0.321264	1
38.9202	-80.1817	1
57.2982	26.5998	2
42.3433	-7.90485	1
40.6566	-4.63498	1
40.97	-5.65174	1
27.9944	-82.4681	3
40.5376	-74.3737	5
3.1553	101.514	86
-6.71136	-36.6148	1
46.5039	-1.80471	1
46.1711	9.8706	1
4.64713	101.203	24
61.5218	-75.0065	4
57.6508	39.8704	1
54.9611	-1.78952	1
37.9743	-121.775	1
20.0649	-102.722	1
35.4825	-97.4792	3
52.8568	-3.06741	1
1.47274	103.63	6
33.855	-84.5158	10
-9.45102	147.194	1
-0.0353622	-51.1709	77
48.6431	1.83083	2
20.3796	-99.9966	4
39.6647	-105.206	1
14.495	121.043	12
27.7117	-97.3219	1
50.9661	5.81899	15
50.631	3.0472	35
4.46728	101.029	5
50.0225	20.5449	1
54.6669	-6.79809	1
43.2193	76.9218	2
36.7699	-119.87	1
34.0342	-117.604	16
33.4635	-88.8049	1
33.9777	-118.07	36
51.4736	5.6531	40
32.8629	-96.9614	9
43.4596	11.8797	1
57.6811	11.734	1
35.5099	-78.3572	2
39.9764	32.619	2
11.981	-86.0947	1
12.628	-87.135	1
41.8436	-71.4362	2
38.9842	-97.0461	1
23.6914	-166.6	1
52.4729	13.3056	5
48.009	37.81	1
57.4093	21.5963	1
-7.69036	112.964	1
34.7602	-87.9681	1
51.9037	-9.03369	3
36.0802	-120.106	1
41.5153	-72.6576	1
16.1772	-95.1993	3
49.2299	-122.592	1
5.80581	116.169	1
51.6664	-0.0844125	5
34.7186	137.717	2
-3.74656	-38.59	23
-22.4545	-44.4323	1
10.3178	123.913	8
50.3528	-3.59143	1
51.8986	-2.07662	1
20.6767	-103.337	15
48.8128	1.94829	26
46.4576	-90.1771	1
43.4223	5.05065	2
36.7967	-4.68937	2
23.0	72.5966	1
46.5705	-96.1004	2
53.1133	48.4677	1
39.1415	-77.4131	5
43.9	-79.4674	1
48.6933	5.84181	1
54.1479	45.2109	2
35.6026	-84.446	1
52.958	-6.39532	2
58.5476	50.0441	2
21.8495	-102.327	1
44.1986	4.72861	1
35.9272	-86.8342	1
60.8658	28.3074	1
52.0182	4.7085	17
33.0988	-97.123	6
57.7303	107.396	1
39.6468	27.8959	2
35.7775	140.392	1
22.3973	-101.935	4
33.6885	-117.318	1
39.4557	-74.6697	1
-23.513	-51.0998	10
38.6048	-76.9126	3
42.429	-83.5088	4
-34.9752	-71.2271	3
0.861953	104.704	1
32.5627	-92.0564	2
53.3146	-1.10336	2
33.662	-6.4168	1
39.8536	-104.672	1
39.0955	-77.0054	15
2.83755	102.203	2
39.9599	-75.604	1
43.3876	-5.18055	1
41.7004	-88.1682	3
2.16974	102.426	7
26.3065	50.159	2
-8.12426	112.566	1
33.9888	35.6425	5
47.5056	4.09047	1
31.7897	-115.229	1
53.374	-9.01421	2
52.4921	-2.1019	7
41.0879	14.3583	2
34.9621	127.526	1
43.0735	-75.289	1
18.7684	73.3437	1
-36.792	-73.0836	2
45.5537	2.2941	1
-17.7344	-48.6285	1
55.8984	37.4604	2
34.4173	-119.859	3
9.1799	-79.2721	1
20.9991	105.888	1
52.3461	5.4624	3
43.2078	2.34842	2
-7.12668	107.425	4
44.8289	-92.9218	2
43.1428	-2.97986	8
57.6947	-4.25228	1
19.5205	-98.8886	2
57.11	24.971	6
19.6328	-70.2838	1
43.835	4.3648	3
-0.472688	117.133	1
53.391	-2.1197	2
-20.2664	-50.9477	1
56.5222	84.982	5
46.5847	0.371571	8
50.583	12.246	1
38.5573	-76.5542	1
-29.2155	-51.9275	3
51.1665	6.00654	6
49.1859	-0.501982	2
55.1559	61.3679	1
33.9338	-116.511	5
19.3732	-70.3528	5
43.5357	5.43169	3
42.6818	9.30512	2
44.7996	-91.4977	1
-14.5329	-49.1422	1
40.3511	27.9689	1
-1.71186	113.698	2
23.6254	-102.558	3
41.9955	-4.56808	1
42.7118	-80.0441	1
51.7487	18.0776	1
-20.1651	-47.4249	1
50.8542	20.6156	1
53.7766	20.4672	1
44.4496	8.88085	1
18.3392	-65.7116	2
1.87633	102.952	3
56.1263	47.2516	1
38.9103	1.42366	2
26.1815	-80.0966	2
30.0709	31.22	1
-23.3986	-45.0012	2
-10.2392	-48.8529	2
4.74658	103.418	2
36.0244	-108.627	1
32.4579	-98.6828	1
52.4389	6.58283	1
52.8471	-2.29813	8
54.9839	9.31811	1
52.0716	5.74901	2
-22.9947	-43.2395	4
33.9171	69.0739	1
9.99834	-84.1708	7
46.6649	-1.4273	1
45.6921	-122.663	2
33.5889	-101.868	3
43.091	46.8513	1
12.8151	80.0404	1
-20.3726	-40.6509	2
41.2376	-80.7612	3
46.4081	-61.0461	1
-2.42837	106.432	3
31.2913	-110.923	3
-25.4665	-49.0602	3
1.80499	111.844	1
50.3773	-4.15111	8
51.2912	13.0955	1
-15.8192	-42.0931	1
44.8692	20.4714	3
50.4074	36.9101	1
44.0544	5.9732	1
40.3791	49.8145	1
51.0777	1.18403	1
-7.14941	-34.882	30
22.3111	-100.956	8
51.8937	-4.21477	1
53.1958	45.0387	4
59.9383	30.4895	5
4.71709	-74.0641	10
-20.3075	-40.4704	6
28.7678	-106.909	1
59.6961	15.7424	2
33.7406	-78.8188	2
40.8793	-96.7545	2
41.0296	-76.847	1
4.79877	101.098	4
38.6637	-78.4605	1
45.009	-0.042665	1
40.0744	-80.8708	1
52.6361	-1.13111	10
20.3296	-97.8959	2
41.4694	-8.15163	2
-12.5893	28.2171	1
56.2339	-3.1437	1
-17.7958	-63.1819	1
52.7351	5.64214	2
31.1087	-83.424	2
48.2075	13.4841	1
42.9564	-85.6601	2
40.1444	-76.6017	1
32.5886	-82.3389	1
39.1875	-119.759	1
33.6998	-112.035	5
41.6566	-83.5743	2
-34.5953	-58.3822	4
44.8773	-93.2789	5
44.4132	11.8112	2
42.2615	-71.159	1
53.0097	6.07622	6
-6.74538	-38.2186	2
-6.6141	107.49	2
52.1011	8.66702	1
-20.1646	-43.9547	2
48.5455	7.49881	2
41.4534	2.18895	31
42.2679	-85.5692	2
33.9498	-117.399	24
-22.5918	-47.3616	5
-20.7497	-45.2854	7
53.1391	-1.2005	1
50.0463	20.0057	3
41.3716	-8.44038	2
51.8321	4.37238	15
15.1221	145.725	1
37.2025	-77.4136	1
5.55087	95.3521	4
43.6008	1.4329	16
44.105	-79.4658	1
18.5318	73.83	3
52.5245	6.41137	4
52.3547	4.90405	20
50.1355	8.94623	1
32.215	-98.2162	1
43.526	-79.6745	5
38.7575	-77.4284	5
-41.284	173.288	1
19.8289	-97.3606	1
45.009	0.170442	3
32.7974	-97.3747	2
34.7143	137.283	1
37.6595	-85.5876	1
30.2036	-85.6033	3
33.3916	-111.674	4
-16.7041	-49.2745	24
55.6623	37.8564	5
39.2446	26.5953	1
37.9695	-7.85798	2
30.1565	-115.58	1
30.3181	-95.1058	1
36.3437	25.7721	1
5.2918	115.697	1
-32.8745	27.4121	1
42.6938	23.3264	1
45.6317	5.37364	3
48.8588	2.34701	209
34.1292	-118.076	4
45.4415	4.3842	1
-36.7374	-71.0353	98
42.9701	-88.1281	1
53.8089	10.1615	2
3.01697	-60.6432	1
39.168	-8.57546	1
56.451	9.38422	2
40.0025	-75.118	13
50.5289	2.8929	2
47.6652	-0.245747	1
48.679	9.02332	2
-1.26388	36.7885	15
57.1934	9.95934	1
-7.97473	110.303	1
29.7343	-95.3933	27
5.83263	-73.0378	1
-30.0997	-51.1593	42
19.6283	-69.9035	1
53.3259	6.72164	2
54.1817	37.5626	4
49.1931	6.00062	5
56.1932	-2.99872	1
54.661	39.7144	5
42.4792	-90.7014	1
18.1404	-94.4331	2
-21.708	-43.4227	11
29.8313	-98.7669	1
55.8805	26.5579	1
57.7466	-4.68754	1
-29.9108	-71.2439	2
45.5346	-73.4101	1
-33.9076	25.5553	3
38.7085	-90.139	1
35.3355	33.3098	1
53.6483	55.736	2
48.7283	-0.0395019	1
47.0762	15.431	1
8.24602	124.247	2
51.5077	7.47031	4
26.2372	50.5863	1
45.7601	-93.6508	1
35.3742	139.185	1
34.1876	-118.89	1
43.7225	-79.5466	7
41.0108	28.6653	3
25.8026	-80.3701	29
-6.43778	105.939	2
53.8438	-1.85079	7
52.2983	6.52368	5
35.3343	-81.8737	1
39.6497	19.8609	1
40.3255	-74.0347	1
53.3933	-2.91859	14
39.8592	116.277	1
49.2146	1.79848	1
48.5693	7.76221	14
26.434	-82.0771	1
34.3362	-88.6839	1
45.3126	8.86221	2
53.9207	27.4969	7
21.0487	-87.0317	8
44.0489	-122.939	2
51.3445	0.709998	1
51.4292	3.82962	4
50.6359	-3.38649	1
35.6242	139.695	24
-7.39133	109.239	1
40.9801	28.8164	2
-8.21545	-34.9249	8
18.494	-69.924	23
-5.44475	105.266	5
44.9416	-122.989	4
42.8863	-87.8838	3
34.1088	-117.463	5
-3.23194	123.185	1
52.3171	6.89682	6
50.8963	5.16828	1
-23.8633	-46.2901	45
34.3008	-117.462	1
40.9811	27.5186	1
3.94543	109.455	1
-6.08007	-37.476	1
-23.086	-45.5067	2
-19.0044	-48.3585	17
52.0816	5.01426	21
38.7887	0.160446	1
52.0508	113.401	2
46.8089	3.46929	1
30.0608	140.596	2
48.9757	2.87391	4
44.9008	-89.5695	2
48.3815	-89.2812	1
52.2426	-6.58267	2
54.0806	-0.230045	1
35.7746	-90.7951	1
52.0018	6.51729	2
51.2378	-0.748831	2
45.552	-73.7359	6
52.4575	13.5273	4
17.6237	-94.3846	2
42.3349	-83.1309	10
51.3315	4.08017	8
50.6125	-3.65302	5
47.1168	17.6673	1
35.1882	-80.7698	3
-0.587732	111.388	5
39.5146	-8.56205	5
-21.3838	-51.6013	2
32.4456	-82.219	1
53.9413	27.7071	1
-14.8623	-39.353	2
1.57875	110.34	3
7.69168	-72.3563	2
-23.5212	-46.5205	8
14.072	121.328	1
-6.22354	106.436	2
61.18	25.5325	1
40.3298	-79.9239	16
-34.5367	-58.793	1
39.3286	-78.2504	1
-22.6928	-45.5382	6
28.7343	-81.9165	1
45.92	6.4245	2
-19.7547	-47.944	2
-8.0436	-34.9394	36
-28.4795	24.6701	5
40.5903	-80.2228	1
51.3898	-0.018132	2
22.0414	-102.356	1
55.4223	-2.78718	2
49.2696	-122.756	16
31.9133	-106.439	8
53.5644	9.91712	1
40.8507	-80.0417	1
28.6004	77.2296	5
8.49743	124.596	2
-20.5187	-48.6196	1
25.5821	-103.404	3
39.7416	-8.95246	1
5.51548	-73.3675	3
-6.81917	107.128	3
-12.0934	-77.0178	20
-15.4552	-55.8425	6
47.2907	7.03242	2
52.0468	5.17961	12
2.94886	101.77	31
45.8506	-0.0853094	1
36.4199	-82.0676	1
42.3345	13.4229	1
40.945	-73.993	9
29.7604	-94.9491	1
56.9665	23.7219	1
-26.2617	-48.9665	21
32.8828	-117.226	1
48.3995	-4.41322	1
25.8364	-98.3625	1
45.3987	11.8908	2
25.2442	-103.233	3
13.0404	77.5552	3
36.0286	-115.086	8
41.2743	-82.8482	1
-6.39189	107.299	3
31.417	-103.499	4
40.5764	-98.3992	2
37.4644	-77.3026	1
40.9841	37.9183	1
-20.1659	-44.9211	1
50.8182	-1.09673	4
-17.7938	15.7064	2
44.0123	-123.091	4
62.0454	129.739	12
43.7297	-79.8043	6
-8.1851	-36.0151	2
40.1953	-8.41349	2
52.9539	-1.1665	14
10.4703	-66.5564	3
59.366	28.1106	2
-33.9781	18.5465	10
15.3192	-91.4653	2
39.4225	-0.352546	9
3.0819	103.085	1
-22.9195	-43.0731	10
-20.9954	-46.1229	1
-33.5929	-70.5742	3
41.5485	60.607	1
30.4602	-91.1116	3
43.8175	7.78311	1
48.0007	0.207531	3
33.2923	-93.236	1
35.7006	139.823	2
-20.7279	-46.6212	1
37.2215	-93.2863	1
53.6396	-1.33901	1
38.191	-76.4245	1
1.00185	116.394	5
29.362	-90.703	1
-7.2771	112.717	66
-11.0019	-37.1007	9
35.8748	-78.79	2
48.1203	-1.40327	1
55.3497	-131.672	1
3.89864	100.938	1
45.404	-122.757	5
40.3596	0.402866	1
51.9995	4.36409	17
39.4774	-88.1745	1
-2.96616	-40.8077	1
37.7171	-3.97381	1
45.1581	7.3865	1
47.208	18.4487	1
47.4866	0.94688	1
18.4502	-70.7356	1
50.6294	4.65573	1
-31.9429	115.844	2
53.52	-2.1797	7
25.9918	-80.1227	5
55.4697	13.5781	1
49.1086	-122.808	12
36.9868	35.2983	4
33.8843	-5.53533	2
47.2611	39.628	14
43.0624	-83.8275	3
32.9396	-96.8377	5
47.65	19.3053	1
28.5563	-82.114	1
38.721	-94.5572	3
37.0398	-7.83468	2
48.6297	2.44188	29
10.1771	-64.6906	3
45.8902	6.12665	1
57.0204	9.89013	1
33.0931	-96.9011	7
52.8878	-1.81442	1
26.6776	-80.0983	2
37.9823	-0.661471	3
-25.0606	-53.398	2
35.0313	135.754	20
51.3484	3.31486	1
41.7514	-74.0607	1
59.7387	18.5903	1
50.4323	4.10484	4
34.3966	-118.547	1
53.0344	5.66777	6
-22.2336	-47.0166	1
46.2348	-63.1274	1
53.7475	-1.50516	6
34.6176	-98.43	3
14.7505	-17.4693	1
13.3384	-87.8473	1
49.2304	2.12841	1
51.5583	0.016251	34
43.719	1.58255	2
-22.3971	-47.6131	3
16.4217	120.6	3
10.436	-66.9974	1
3.14845	101.705	358
53.1638	-2.73732	1
-15.3752	28.343	2
45.7433	3.27751	2
18.1163	-66.1405	1
47.4339	-120.329	2
21.7942	-72.1903	2
52.9424	33.2869	1
-22.803	-47.4357	28
36.0639	-119.023	4
33.531	-112.165	5
35.1705	-79.861	3
48.9593	4.37837	1
32.6162	-97.3658	1
3.52555	103.445	1
19.6901	-98.9812	4
-15.7763	-47.7966	77
-34.0923	18.8579	4
51.9547	4.85292	2
54.3783	18.5969	3
51.1869	-2.9631	2
13.7203	-88.9274	1
-26.0858	28.22	3
30.257	-91.9926	2
52.3798	9.76143	2
19.6014	-90.3361	26
33.4875	-80.8655	2
52.6781	4.84276	11
7.35499	-2.33852	1
1.47326	124.871	3
43.3515	-3.00228	3
41.065	-85.1273	4
49.2436	6.98279	5
40.7328	-82.5203	3
19.1644	-98.4097	1
3.81471	103.331	13
34.4009	-118.078	2
-21.242	-51.5713	2
38.985	-3.92128	1
40.1818	-80.2635	2
1.83582	103.325	1
53.5203	49.4315	6
-19.9474	-44.2283	7
40.0342	-74.3194	1
43.9642	3.87755	1
9.33262	-79.8887	2
26.226	-98.2567	1
46.2267	2.20912	1
53.8401	-7.09499	1
1.29047	124.908	2
27.6986	-83.8046	16
0.247298	-51.0637	111
51.6323	4.85779	6
-37.8224	144.953	5
-20.0545	-43.4527	3
34.912	-81.9262	1
43.7207	-81.6061	3
41.8984	12.5451	4
10.7154	-71.6264	3
56.5405	-3.88487	2
51.728	8.76856	4
32.0881	20.1025	1
5.29551	-3.96984	1
49.4181	2.0694	1
51.8707	7.57558	1
0.50732	101.465	4
39.2226	-0.519339	1
50.8395	-0.815568	1
44.6934	-63.5824	3
30.4717	-87.2136	1
57.3054	18.5194	1
38.8936	-77.0146	50
51.4498	6.70569	6
10.1562	-61.6823	2
36.2146	-115.098	7
59.425	24.7382	1
34.0592	-81.1998	1
30.401	-9.58341	1
52.2328	21.0607	7
33.7555	-116.302	6
47.0148	142.67	1
-17.8586	-42.5919	3
-23.239	-47.5175	1
20.517	-99.8764	1
38.5586	-75.7152	1
49.4807	8.44123	3
2.5	-76.5833	2
34.1662	-106.026	1
28.9714	-95.9662	1
46.4725	-87.4479	1
35.1378	136.855	7
-6.93047	106.927	6
37.5195	-5.59482	1
49.1815	-2.09978	1
34.5238	-117.377	1
29.7144	-98.0911	1
42.4282	-8.62728	8
48.6189	2.97564	5
57.9232	59.9781	6
62.1075	77.4804	1
14.5106	-90.5791	10
45.5151	11.6243	1
49.3432	44.295	2
54.6618	-6.21788	1
48.1345	-1.93444	1
52.0819	15.6121	1
45.9131	11.0809	1
33.5648	35.379	1
45.184	5.71568	9
40.2298	-83.3489	1
36.0717	-79.8037	2
33.7282	-117.782	4
51.7758	-1.09879	2
39.08	-108.463	2
41.7625	-72.757	3
31.6288	-7.99679	1
61.7359	34.4038	3
44.0434	-63.7674	1
13.0739	-59.5433	2
52.3729	0.0072265	1
41.057	-80.034	1
-5.1829	-80.6349	1
34.9808	-107.167	1
52.2721	10.5286	2
50.823	12.8918	1
52.4743	-1.73307	1
43.6293	-79.2725	41
-7.6481	111.043	2
38.2859	-122.004	8
38.7106	-9.32895	8
-3.56574	119.775	1
-6.93438	107.775	1
36.2522	-107.618	1
55.3658	9.06222	1
-1.60203	103.58	3
50.1974	3.83649	3
61.2734	73.4332	13
24.6625	-107.342	2
-35.1888	149.658	1
40.5778	22.9559	3
50.4653	30.5118	13
-22.162	-41.8158	1
41.6006	-93.5517	2
41.1741	-95.9922	1
33.2828	-111.864	3
56.0229	92.8965	18
-6.69493	-35.5978	6
33.8055	-101.837	1
39.0858	-77.1517	4
43.4782	-80.5283	1
41.2372	1.71072	1
6.35089	-75.5668	3
39.1359	-76.8686	2
47.5266	-68.5495	1
53.5251	8.10842	1
43.5869	-84.7688	1
50.4867	-3.52961	1
35.852	-78.5653	3
38.4134	-81.8065	1
44.7532	14.7711	1
33.9212	-117.192	1
38.3918	27.1697	6
14.564	-89.4527	1
37.9679	-121.289	3
20.5827	-100.399	12
38.9979	-105.554	2
38.4745	-78.0052	2
53.5927	-0.575417	2
25.81	-80.1401	26
39.0492	-0.196354	1
38.7615	-93.7299	1
38.5741	-121.267	2
39.2099	-94.7118	3
39.7418	-105.012	2
56.8155	60.6136	24
44.5502	38.1802	1
42.7369	-71.4521	1
59.9394	30.0922	9
49.018	1.13818	4
41.3626	-83.6271	1
57.9821	11.3752	1
33.7743	-84.3966	7
51.6793	39.236	7
51.9923	-0.17566	3
-22.647	-47.1855	4
-9.99977	-68.2655	1
50.652	-4.03372	2
-32.7214	17.9563	1
5.0652	103.009	1
49.2285	-0.304358	2
54.5495	36.2193	1
51.0565	31.8951	1
57.5613	18.2031	1
-24.1265	-52.366	2
37.5836	-122.053	3
41.6136	21.7433	1
-22.875	-49.9677	1
-25.7993	28.3281	3
52.8731	5.81972	1
-6.88627	-37.5162	1
42.3154	43.3569	4
-22.7106	-47.7943	9
-20.785	-49.3592	4
57.1506	65.5568	4
31.4602	-110.99	1
39.1762	-77.2615	18
39.6355	-4.47003	3
42.9069	-8.51115	1
-33.7319	-70.9164	1
41.6753	-81.4188	1
56.8106	24.6057	3
36.4486	-77.0942	1
34.5793	-86.9978	1
-7.20908	107.943	1
-23.7669	-46.0184	2
32.3111	-94.1629	1
35.0721	-80.6585	2
1.42922	110.333	13
40.8012	-89.1994	1
-7.45342	112.554	1
60.1074	30.269	2
9.519	100.058	1
41.6882	-85.9652	1
34.1302	-114.294	2
53.4114	-6.70673	1
34.1362	-118.663	8
51.2363	3.20885	2
53.8297	17.2291	1
48.0065	-122.199	2
40.289	-3.79186	2
54.8902	23.9267	2
29.598	-90.7408	1
42.1255	-80.044	1
42.5389	140.396	1
48.6439	-4.11453	1
-23.54	-46.3466	4
13.7552	-89.5769	1
-12.6768	-38.5366	5
-2.57242	-59.9803	106
51.8971	5.90218	10
44.5876	33.5182	1
3.00412	101.436	5
56.9715	24.1287	20
41.3895	-72.8727	3
51.3972	0.400914	3
43.4215	-110.779	1
39.3591	-76.3644	3
38.8048	-77.237	15
17.2793	-99.4995	1
42.8506	-2.69861	1
50.5025	2.50719	3
43.2607	-79.9135	2
42.3201	-72.6447	1
-7.23531	-39.471	3
27.9044	-82.7843	1
48.8292	44.7576	1
55.0193	-1.65244	8
39.2371	-122.182	1
16.2165	-61.6552	3
40.2332	-74.6841	1
12.1147	-86.2714	19
40.7418	29.8072	2
43.7383	7.42425	3
1.6315	110.191	2
41.1861	-83.141	1
37.5054	14.8045	2
52.3995	16.9063	7
-9.34273	-36.0826	1
49.1383	2.25089	2
-7.46189	110.222	2
51.442	5.03378	1
33.0846	-97.2982	1
-26.8815	-52.4157	1
52.95	7.11599	1
33.7532	-112.317	1
43.7507	11.6039	1
47.4228	18.875	1
59.7646	9.92338	1
22.1674	-98.5054	1
53.4859	11.2058	1
60.9716	25.689	8
55.795	49.0696	19
48.3115	21.5647	1
24.7774	-107.431	1
49.8219	73.1605	2
42.0093	21.4397	1
20.5227	-100.772	1
34.1155	-117.813	4
53.1928	7.0831	1
5.47619	103.015	1
50.8333	4.0	1
10.8176	106.665	1
58.1956	15.9976	1
52.7478	5.99845	1
26.9882	33.8996	1
-30.377	-55.1588	2
44.7889	44.1658	1
-22.9088	-45.2346	2
53.0589	4.80184	1
32.9429	-97.367	1
3.77387	102.548	1
53.5272	-2.57256	10
-3.71029	-40.3346	1
26.4876	-81.8421	2
52.3467	5.96862	2
38.5711	-82.6276	1
-27.4195	29.1639	1
51.4485	5.453	21
45.4265	-75.4865	1
-21.9643	-51.3537	3
35.838	-83.5708	1
39.0648	-94.3632	1
54.1133	-9.14822	1
43.8531	-88.8602	1
40.1233	-75.3409	2
-8.65451	116.524	2
19.1256	-98.7272	2
51.4513	6.027	2
-23.3088	-51.1702	4
40.2096	-0.426438	1
56.205	95.7269	1
51.7146	5.8605	12
46.8538	7.19779	1
1.5254	103.838	55
50.9576	6.96746	5
51.92	5.4958	3
50.8641	5.64795	14
47.4481	40.0944	4
-25.7733	-49.7135	1
48.6959	7.36863	1
30.2978	-97.7534	10
48.679	5.62061	1
41.3928	-73.4926	1
-33.9408	18.8574	6
19.0225	-98.3065	12
49.4252	7.74889	3
29.8204	-95.1717	1
45.3112	9.20155	1
31.1284	-97.7325	1
51.5546	5.20389	11
38.725	-89.9666	2
31.8493	-106.635	3
36.7177	-108.18	2
-29.656	-50.8626	5
43.7313	7.12477	14
39.7221	-84.1922	2
7.70541	8.53413	1
45.7489	4.69442	19
36.4373	-95.2685	1
25.6729	-97.8225	1
41.2923	-72.6732	1
51.7215	36.1846	1
36.7296	-120.072	1
10.2104	-71.3142	1
40.3821	-111.786	1
57.0086	40.9942	1
48.341	39.9838	1
41.2927	12.5735	4
51.2339	5.87831	17
-21.966	-46.7961	2
-22.2387	-49.1125	4
35.1585	-78.5905	1
43.0694	-88.5105	1
13.7934	-89.3554	1
27.4957	-82.6065	1
44.1743	-84.0663	1
24.203	55.7179	1
43.1016	-78.9585	1
25.6944	-100.354	19
24.3906	54.4964	1
-20.6696	-43.8044	1
40.8912	-73.8184	10
34.2149	-119.074	5
43.375	-4.49809	1
54.2176	-6.84596	1
34.0161	-118.47	7
3.72886	103.095	2
44.447	-79.8013	3
1.5284	102.046	1
34.4012	-118.917	2
53.1365	-7.53081	1
-29.3292	-51.5004	10
19.0322	-98.1543	28
29.4327	-98.6778	4
-6.31686	106.74	47
48.7456	11.2047	1
51.8018	5.73911	1
41.7173	-81.2436	1
41.122	-75.9529	1
49.1163	6.18055	5
-23.2011	-46.9084	19
11.4009	99.5939	1
36.8654	-75.9796	2
18.3197	-64.8824	11
47.6701	-122.387	5
28.7371	-81.2535	1
47.7202	0.496964	1
53.2601	-1.90172	1
-24.4526	-47.8102	7
50.6374	5.43088	1
-9.53333	-35.6873	4
37.5606	-90.3103	1
41.1083	1.14677	1
48.0601	-0.762371	1
25.091	55.3853	1
49.8482	7.84088	1
32.5711	-89.8764	2
52.1682	-0.457082	2
28.1031	-15.46	2
53.3017	5.72033	4
-23.0614	-45.9175	40
40.6435	-112.019	8
45.4533	4.7654	5
16.343	-61.7752	1
-7.97656	112.628	15
-19.8429	-43.1577	1
49.0605	142.061	1
14.2724	121.048	12
52.7121	-2.71229	2
0.0860322	-51.0611	14
36.4802	-107.842	1
34.7336	-88.9486	1
40.8295	-73.6859	2
51.2749	0.189141	1
52.3265	-2.06475	1
55.0366	37.5405	1
45.9695	-61.1389	1
41.7976	-81.0028	1
-23.0558	-44.8942	4
37.4009	-79.1785	1
32.8207	-96.7315	12
16.2402	-61.4446	2
51.9026	6.41109	2
39.4511	-83.8315	1
-19.6047	-47.9692	8
38.9399	-8.8576	1
33.388	-84.569	1
-23.3771	-46.7393	5
53.6877	-1.85484	1
29.8727	-97.9403	2
68.954	33.1359	2
40.0062	-105.252	7
-23.3804	-46.3128	1
43.0579	-87.9671	7
41.725	12.2981	1
36.2768	-6.07974	1
51.4586	-0.969042	14
30.0821	-90.4191	2
-23.0144	-46.7992	2
28.0607	-81.9722	2
37.8118	-121.229	1
50.0858	-123.027	1
51.8714	0.862885	2
32.8327	-83.6442	1
43.6896	3.80996	5
-23.7454	-45.6207	2
34.6007	-88.6157	1
33.4344	-112.301	2
53.2735	-6.39952	6
45.8326	3.38886	1
38.9998	-1.85519	1
62.649	30.3449	2
48.849	2.68191	14
0.775622	127.38	2
45.2582	-122.677	1
49.0023	0.142091	1
-21.4781	-49.2918	1
41.6693	-4.77951	7
-24.2717	-46.9555	1
48.9831	2.61232	2
43.3987	-95.7608	1
59.211	18.3212	1
-0.741121	-90.3139	1
18.3317	-67.2436	2
3.41791	-76.525	4
-22.8952	-47.0303	61
53.5252	-113.605	2
-22.9365	-46.5619	4
-7.27359	110.458	1
57.8617	11.8964	1
32.6889	-97.0323	5
19.4484	-96.9515	7
59.481	17.9153	3
-27.6534	-51.0923	22
-20.3515	-40.2845	22
29.2103	-81.0967	1
53.1826	5.81839	6
-29.3292	-49.8051	1
41.5405	-8.41078	2
57.3841	18.2161	1
56.0176	8.48088	2
1.32449	103.757	34
36.5914	36.1586	1
-6.71589	108.549	1
10.566	-71.6287	2
29.271	-98.6594	1
40.2659	-7.5764	3
43.0783	-70.7592	1
10.2011	-68.0093	5
19.318	-99.2481	16
46.1621	-1.17657	6
-22.5826	-47.5157	1
40.0122	-74.925	3
39.7924	-75.2371	1
17.0915	-96.725	1
51.3253	3.53527	1
-23.7108	-46.4227	24
40.1145	-75.6967	1
42.4079	-71.1621	8
35.5864	-80.8418	1
59.3942	18.6174	5
-22.8383	-48.5474	1
-30.1649	-51.4437	1
-22.6677	-48.8123	1
19.4742	-99.3104	5
-30.5529	-53.4955	1
39.0822	-76.7036	3
41.6133	-87.8532	1
53.3596	89.9062	4
50.8742	6.85095	1
55.5673	37.5752	6
43.3577	132.198	1
53.6971	-2.25702	1
39.8513	-84.3504	1
56.8729	24.3542	1
37.268	-78.2764	1
52.2694	6.24166	7
6.01225	116.396	10
40.854	14.2435	6
13.6198	-87.8987	1
19.1388	-70.1138	2
2.04811	103.382	65
55.678	-3.79065	2
47.469	-122.284	4
-6.84833	112.015	1
59.9341	30.3287	44
52.2796	43.7265	1
51.5291	-1.13031	11
30.4454	-84.2453	2
29.4326	-94.909	1
56.5904	59.9662	5
-21.8793	-47.9053	12
43.3855	-3.85921	3
50.55	137.01	1
37.4756	-122.155	4
45.6376	15.2119	1
34.2203	-118.432	19
41.7683	-72.5965	1
-8.91487	-36.5014	4
-28.7189	-53.5192	11
56.5737	-2.60388	1
20.0301	-102.265	3
-25.9924	-52.5902	2
41.6756	-86.157	1
38.3042	-77.6627	1
56.7314	-2.65465	1
53.3777	-1.47052	7
29.8672	-95.3423	1
41.7769	-93.6117	1
40.0352	-83.1682	1
52.1638	5.39544	21
19.3423	-98.9948	2
38.0859	-122.554	2
35.615	-95.0695	1
37.052	-113.568	1
41.0758	-73.4702	3
60.4764	5.73647	1
47.1612	19.5059	1
37.9566	-4.79305	1
53.375	-2.53819	2
-1.22868	116.843	6
41.1922	-73.1799	5
40.8906	-74.4414	4
47.7953	21.6377	2
47.7702	6.99064	1
51.8594	0.159549	1
58.3822	33.9008	1
-22.4035	-44.9555	1
42.5476	-83.1736	9
36.5529	-121.922	1
-23.2981	-47.2769	8
37.5765	127.026	5
39.97	-82.9876	8
44.0822	15.1881	1
26.7237	-81.8641	2
45.3231	9.36708	3
43.1378	-1.29342	5
55.15	-6.68176	1
39.1451	-75.3867	4
-2.87612	-40.496	1
40.3721	-76.3225	1
45.3794	6.00529	1
42.2911	-84.4241	2
-8.61154	120.466	1
19.1714	-100.113	2
34.3215	-119.315	1
-25.6757	28.1135	4
26.1298	-97.9604	3
42.451	-73.2799	1
-29.6436	17.8844	1
10.4699	-68.0211	1
-26.8274	-48.7225	1
44.379	4.99746	1
45.7463	-0.644579	1
-24.018	-46.5015	19
-42.4508	-73.7782	1
64.8838	25.3777	1
-22.6965	-43.5244	3
50.4653	2.74599	2
3.32812	101.579	16
51.4651	3.60961	4
34.8346	-82.2942	1
2.51254	102.262	1
-33.6547	-70.7149	2
-5.65214	-45.2755	2
51.6669	-0.606697	2
43.2216	-79.1153	2
38.3366	-75.1065	1
46.3239	-120.023	1
47.0739	5.50228	3
48.383	31.1814	100
-5.21541	-42.8028	7
55.0015	82.9557	3
29.7535	-95.6365	8
-9.07408	-78.5924	1
44.228	42.0649	1
33.5114	-90.3459	1
51.4385	0.152265	1
50.6382	2.767	1
38.0297	-84.2519	1
37.5163	-77.6282	1
14.1072	-87.1783	4
47.9962	-4.11096	1
16.2586	-92.301	36
29.3705	-98.3722	1
32.5731	-117.074	9
53.2081	-2.91402	1
-7.21749	-39.3162	1
5.2117	103.203	2
42.6996	-71.1623	2
-7.27568	-35.9777	5
44.642	41.9433	1
48.9027	6.02533	2
-27.4692	153.041	10
32.8247	-79.9705	3
57.391	-7.34055	1
40.1975	29.0126	1
11.7089	122.368	1
-22.9932	-43.6078	1
-33.4334	-70.6559	37
42.7247	-84.4788	5
-29.2913	27.4391	1
34.2022	-84.5274	1
37.3918	140.37	1
40.5415	-112.313	1
42.7825	132.87	7
51.5265	45.9785	9
-2.5561	-45.7711	1
5.39725	7.00897	1
-6.35789	106.495	2
59.7134	30.422	2
49.9911	8.4239	1
-32.7174	151.539	1
40.8716	-74.2461	11
38.1722	-122.13	2
47.2382	-1.56074	11
19.1003	-103.657	1
48.9632	8.31415	3
52.5136	-1.45076	3
54.508	53.5057	1
56.4922	-2.8972	6
43.1862	-77.6164	3
54.8858	-1.51928	2
41.7597	-88.3011	8
54.772	56.0513	3
5.55965	-0.177477	2
40.6288	-111.857	3
-30.7969	27.9638	1
52.2811	5.27001	11
54.9381	91.1425	1
-5.48052	120.255	11
38.9261	-119.972	1
14.6574	-90.587	10
35.1914	-111.658	1
51.6646	-3.41505	1
13.2863	100.939	1
55.9763	92.6768	1
33.0607	-96.7365	3
51.0837	3.71456	1
14.9205	-92.3094	1
53.7172	27.9867	49
48.6881	6.17345	3
37.6223	-84.2796	1
-21.1386	-48.9727	1
37.744	-85.873	1
43.1239	-76.29	1
-8.12895	115.066	1
-28.0014	-50.3477	1
39.3234	-84.3616	2
51.968	6.73115	3
-14.1749	-42.8259	1
36.0922	-29.9585	1
36.5341	138.236	1
0.918542	104.508	1
47.4092	2.92404	1
48.0753	1.32973	1
45.8046	4.85925	5
40.1847	-3.68796	1
41.3906	-81.5393	6
-29.8338	31.0161	1
25.6909	-80.2464	2
-18.7954	-41.9396	3
40.0263	-105.488	2
44.2005	43.1291	4
51.737	0.490645	2
-12.4268	130.868	1
43.2996	6.26244	2
37.0279	-76.3506	1
43.1487	-8.96735	1
51.204	16.1524	1
49.6227	6.58782	1
45.5822	5.90635	1
55.8398	37.1439	1
53.3941	-114.226	1
60.3591	5.42348	4
50.4512	30.2901	1
59.2472	15.0561	2
6.13112	102.25	7
51.104	2.64702	1
55.0931	59.9685	1
-25.1476	-50.071	8
17.7233	-64.775	1
31.5528	-83.387	1
28.1048	-82.5626	1
46.0801	7.08684	1
36.7047	-121.63	3
38.3906	-2.58163	1
39.67	-85.1395	1
29.8474	-90.1056	1
25.0824	55.1445	2
45.7489	0.348994	2
55.7454	52.4375	1
26.4561	-80.0918	3
41.3625	-93.5803	1
50.9528	1.86886	3
38.1756	15.5498	2
45.4671	5.04548	1
13.9414	121.147	2
51.3964	4.32776	5
38.9637	35.2433	87
41.6692	26.5696	2
-23.0537	-47.7053	1
58.0581	11.8921	1
55.561	38.2269	1
48.2197	-122.531	1
-21.2385	-44.2815	2
35.6597	140.058	1
32.9887	-80.0044	1
53.036	-2.96119	1
-25.8609	28.1367	1
50.985	11.0154	1
51.6629	4.53624	8
45.6009	8.2727	3
38.1933	-85.7953	4
43.0439	141.367	2
44.9351	-93.4612	2
31.7497	-106.28	17
40.748	-89.6216	1
49.8538	-97.2044	1
29.3393	47.9732	7
-22.7782	-45.0475	2
35.3991	-119.092	4
25.2487	55.2994	6
45.4613	9.15934	5
52.2764	5.04833	11
-0.363503	103.102	2
-25.2903	-57.6276	4
43.1153	131.89	3
52.1107	-2.73995	2
49.2678	2.47752	4
30.1	-95.5855	2
-27.6882	153.097	3
-29.272	31.3599	1
48.0788	2.76641	3
47.0232	-103.857	1
41.3539	36.2057	1
-27.3883	-70.294	2
4.6122	101.059	1
51.6631	5.65647	5
42.1054	-84.5184	1
-6.99376	110.414	14
5.53286	5.78013	1
28.3085	-81.4131	2
41.7581	2.06928	7
36.5037	30.5364	1
29.65	-95.2363	4
41.9977	-71.499	2
42.1431	-85.6682	1
20.5971	-102.559	3
43.1168	-79.3299	2
41.5011	-74.027	1
35.8306	-86.353	1
2.54452	102.798	4
-21.0685	-41.3596	1
52.9098	-1.53842	6
25.9757	-97.5077	4
52.9514	36.0641	2
32.9488	-85.0959	1
48.0772	39.3503	1
-29.0686	-51.0353	8
49.3295	8.48703	1
42.7368	2.52309	2
54.1164	-3.24148	1
-20.595	-47.3472	2
52.2569	4.56612	8
36.7566	34.5481	1
33.1456	-94.962	1
40.9252	-75.0647	1
39.3526	-77.0694	2
-34.1671	-70.7367	2
44.2151	20.9238	11
44.6477	-73.1319	1
-33.3702	-70.5128	2
54.976	73.3784	2
42.4574	-82.9492	2
26.6042	-81.6624	1
51.6306	-1.2816	10
45.8937	-0.518248	1
-28.8898	-52.5328	1
39.232	-99.4339	1
-31.2525	-52.1256	1
-8.80481	115.166	1
42.477	-122.818	1
-36.9769	174.785	1
35.0317	-106.946	1
54.0014	-6.4047	1
-27.0529	-52.9701	1
51.1272	16.9913	7
61.0395	24.5126	1
43.8527	1.37204	9
55.8554	-4.23242	17
40.6524	-73.5521	3
53.0651	-7.94731	3
43.5103	-79.8199	3
33.4154	-82.0258	1
25.2192	51.4405	3
57.7875	38.1483	1
46.2296	7.34866	1
46.6431	142.796	1
32.9818	-115.516	2
30.5513	-100.628	2
-23.1117	-47.1947	19
52.6316	5.07012	6
42.6475	-5.53942	3
36.5705	128.735	1
38.9727	-76.5047	2
-21.6661	-49.7566	7
51.4672	-0.33571	11
18.447	-90.9227	3
4.89515	114.941	4
30.3411	-97.3686	1
-24.2935	-53.8154	2
45.5432	-122.655	5
30.3703	114.88	1
48.8987	-0.192645	1
43.6679	-1.40895	3
-19.6295	-44.0563	1
46.3159	4.83304	1
56.0349	-3.81564	5
32.7307	-117.231	1
7.08153	80.0194	1
2.55678	101.869	4
41.5222	-5.39421	2
-21.65	-41.4319	1
37.6837	-121.884	2
19.184	-96.2312	7
44.098	3.11803	2
36.3041	-86.6955	1
25.3915	55.4576	1
32.4592	-111.212	1
-3.1107	-41.4845	13
58.0225	56.1443	11
50.9125	4.65022	1
26.1584	-81.7417	4
52.605	-1.97522	1
32.7494	-96.8736	1
42.378	-83.2668	11
17.1281	-96.2945	1
-26.2288	28.1799	1
42.2443	-121.777	1
33.6801	-116.162	2
53.4514	-113.46	2
52.087	34.4001	1
41.1004	-74.0129	1
35.7141	-6.91635	2
-0.953835	100.37	5
42.0618	-72.4988	3
33.6956	-117.928	12
55.4165	36.1182	1
52.1794	5.90278	14
53.3352	-3.39195	1
52.4514	4.62013	5
19.7544	-70.5218	1
-16.3051	-48.9725	1
48.8097	3.09159	4
50.1581	11.16	1
42.3582	-87.8392	3
5.78908	-55.1859	1
-4.83632	104.898	1
6.4488	100.28	8
38.8283	-97.6379	1
51.6546	-4.08823	1
52.6401	1.27308	1
6.40072	116.435	1
41.0827	-83.6782	1
19.6503	-71.1041	2
27.869	-81.5898	1
-12.0206	-45.4874	1
-22.985	-47.5033	1
18.839	-97.0819	3
-19.7776	-44.0706	1
9.91473	-83.8076	1
-20.2784	57.3723	1
51.3869	5.78222	6
48.3132	14.8799	1
34.1744	-79.7849	1
-25.4516	-50.0507	1
53.045	-7.26816	1
33.5745	-85.0954	3
29.5403	-95.81	1
4.07359	101.149	1
56.8631	53.2013	1
-22.3872	-43.1873	1
51.5101	4.42851	3
2.20133	102.248	23
41.1527	-74.231	1
39.7393	-89.2665	4
-23.9255	-52.5856	1
32.9226	-96.5473	3
51.3882	-0.637749	2
42.2307	-83.6087	4
37.0757	-76.5037	2
39.1403	-121.608	1
-7.32762	109.587	1
18.9959	72.8307	5
33.9519	-83.9983	2
34.7837	-77.4188	1
59.4743	32.0514	13
50.0648	9.22963	1
39.6229	-77.7901	1
40.1348	-3.97546	1
-8.3651	-35.23	1
-14.2393	-53.1848	36
40.651	-73.8712	24
45.8002	9.08382	1
49.5629	1.34587	1
51.1252	-114.185	4
51.2524	-0.567708	3
51.7519	4.06934	6
46.8289	11.7764	1
38.4221	-90.3761	5
55.0767	61.5533	1
-11.9751	-76.7639	1
4.4896	101.387	1
47.6799	2.62916	3
59.3655	18.0101	16
-22.5461	-48.6355	29
0.413338	9.42742	1
39.2169	8.94765	1
50.967	5.48989	1
-31.5862	-53.7439	1
38.1556	-84.5173	1
51.5786	-2.8233	1
52.0021	6.13147	13
-29.8022	-56.7397	1
33.7603	-118.147	12
61.9794	40.6769	1
40.2117	-76.7732	1
38.3198	26.1532	1
52.3052	4.70921	8
-22.5508	-44.1774	1
33.5943	-80.3484	1
40.628	-8.63966	4
42.498	-83.3584	3
-33.9162	151.15	11
43.2616	5.58311	1
53.7577	-2.70344	4
43.3435	-1.7874	1
1.86117	104.63	1
10.6684	-63.2458	1
-23.47	-47.4366	14
52.8559	6.32254	1
41.1179	-77.6047	4
39.2072	-96.6186	1
36.8686	-76.3552	1
-29.641	-51.0055	5
46.2048	6.14319	10
40.7695	-73.9676	56
53.8245	-3.02998	1
49.6361	8.209	1
-26.0197	27.9575	2
47.6941	-117.449	5
36.1496	-86.8031	5
-23.932	-48.0101	2
42.3625	-88.0889	5
41.1023	-8.47804	1
-33.4853	151.324	1
53.9006	30.3484	1
39.5398	-119.848	2
4.08156	9.75593	3
53.0453	158.664	2
46.8964	5.02428	1
3.75431	101.949	6
42.53	3.02355	1
14.8514	120.807	1
31.5729	-84.1658	2
49.8982	7.23186	1
38.7435	-9.15999	11
-30.3331	-54.374	3
43.5728	3.36456	3
-26.9981	-49.2271	1
53.68	9.37268	1
42.5978	-88.6168	3
40.6322	-7.82542	4
8.95392	-79.6613	1
38.9436	-77.3703	1
18.9253	-96.937	2
-19.8614	-44.5965	3
34.4414	35.8343	1
54.0645	41.4753	1
52.2346	-0.881253	2
30.2288	-95.3486	2
33.3942	-112.035	6
-24.2542	-50.5373	3
14.9125	-91.3621	1
-0.427112	116.994	1
50.2657	3.21109	1
49.0073	2.31528	4
