Latitude 	 Longitude 	 Weight
41.4799	-87.6792	3
41.6814	-72.941	1
-19.9187	-43.9598	9
-8.27614	115.163	1
32.6531	-116.974	4
38.1377	13.3472	2
-26.2885	28.2149	1
19.3184	-98.2454	1
40.1418	-76.6099	1
32.0066	-97.1302	1
5.274	115.248	2
-21.21	-48.2936	1
37.7547	-100.043	2
40.9521	-74.2258	6
16.959	-99.7356	1
33.5612	-117.17	1
33.8843	-5.53533	3
33.6039	-117.658	1
36.3998	-78.1593	4
5.61327	-0.17579	2
54.5997	-5.93145	2
50.795	-2.61142	2
2.82559	101.87	10
16.9585	-96.7504	1
50.1212	8.63661	1
45.7886	5.03669	1
54.7515	83.0878	1
49.008	2.40358	20
41.7625	-72.757	7
55.9154	38.0113	1
55.5715	38.2275	1
53.1094	6.08897	1
38.4324	-78.8627	1
32.3329	-116.929	3
42.6944	9.43883	2
40.7142	-74.1907	9
33.8428	-79.0565	2
36.604	-119.449	1
38.7913	0.0334633	1
36.257	139.412	2
53.9743	-0.855013	1
47.8719	-122.258	3
27.7699	-82.6343	1
32.491	-84.8741	1
51.171	7.07067	1
51.2086	-1.47248	1
52.6003	39.6002	3
6.02306	116.153	3
41.2836	-84.3511	1
62.0247	129.726	10
47.251	-1.93632	1
-18.6223	-46.5013	1
9.33254	-79.8886	1
33.1736	-96.8671	1
42.1459	13.4929	3
41.1969	-80.7644	2
48.2215	15.7608	1
36.3468	-82.4071	1
52.677	-1.78256	1
49.268	2.47741	2
53.0184	18.6153	1
42.1015	-79.2389	1
6.11277	100.374	4
42.1255	-80.0785	1
44.4827	26.0736	1
5.74759	0.0504532	1
55.9183	-3.26502	8
38.7818	-90.3577	1
28.0467	-82.4282	22
-28.739	-49.3605	3
52.1617	-1.59696	4
50.3656	3.52725	2
35.5128	-97.6411	1
-33.4426	-70.648	9
34.8028	135.348	4
43.5467	-5.66625	1
39.0869	-77.154	3
37.7286	-79.3551	1
36.0689	-79.8047	1
-8.14643	114.407	1
42.7489	-84.4805	1
-24.1931	-54.2211	1
51.62	19.3657	2
56.8747	16.6574	1
28.2156	-80.6014	1
41.9383	-93.3898	1
37.8072	-25.4945	2
35.9361	-82.1615	1
38.8754	-77.0944	22
42.0091	-88.0748	1
39.2339	-84.9978	1
20.5908	-100.402	10
28.9699	-111.498	1
38.216	-92.8135	1
13.8855	100.591	1
32.5561	-97.1316	1
34.1682	-111.931	2
43.5357	5.43216	1
-29.3289	-49.8051	1
-1.45502	-48.5024	6
36.6807	-76.1936	2
56.6102	24.2008	1
-7.18099	-39.2756	1
42.2868	-71.7138	1
56.0229	92.8965	8
-6.71779	108.556	2
59.2239	9.54732	1
41.2229	-111.973	5
30.4711	31.1789	1
6.12256	102.243	1
52.7898	4.79728	2
30.2847	-91.2438	1
41.1741	-95.9919	1
-23.5142	-46.4973	19
-5.17241	119.39	10
40.6117	22.9808	1
37.3876	138.589	1
8.55082	-71.234	1
18.7813	-95.7786	1
48.4983	-2.73959	1
53.5577	-2.04767	2
-5.42423	105.251	2
-6.3428	106.731	67
40.9437	14.2333	1
53.3215	50.0679	3
-23.2969	-45.9737	2
35.0263	-85.5597	1
39.7056	-75.6696	1
39.5011	-86.0494	1
47.3967	-120.305	1
3.58111	98.6676	11
35.1234	136.11	1
42.9117	-87.8607	5
41.7771	-72.5238	4
56.1889	36.9791	1
52.0231	5.55162	2
40.0396	-75.6183	2
30.7924	31.0081	1
10.9515	-74.7782	7
47.0732	15.4419	4
42.1725	-83.2186	1
46.2557	9.4199	1
45.7578	4.8351	7
32.793	-96.9361	6
36.0076	-80.2031	1
40.9298	29.1345	3
-34.4124	150.891	2
44.0937	-70.2132	1
33.1337	-111.78	1
58.8188	5.70766	2
48.0599	-106.042	1
46.1451	6.08247	7
36.2749	-95.8355	1
30.0616	-95.1662	1
25.559	-97.5474	1
26.2097	-98.2979	4
-31.5614	-52.3342	2
55.6906	37.3278	4
-23.3518	-51.1743	1
34.5543	-118.056	1
40.0997	-85.5871	1
41.4348	-88.2292	1
40.5862	-111.637	1
41.3948	-73.4721	1
30.8336	-88.1158	2
52.5287	-1.36851	1
48.7143	1.35211	2
8.59178	-70.1751	1
51.6688	-3.74911	1
22.3111	-100.956	3
52.6973	-1.98023	2
53.3549	-6.2474	16
52.4143	-1.5192	3
39.8769	-7.1126	3
51.585	5.06361	5
33.9481	-84.5422	1
40.4314	-79.9806	9
17.9668	-66.5891	1
7.924	98.3857	1
53.6753	-0.432258	1
42.6681	-73.8107	1
41.8711	-80.1223	3
39.6074	-84.2286	1
36.7528	-3.52421	2
54.6456	-5.71793	1
33.5489	-86.7668	1
51.4407	7.01623	1
4.85168	-52.3254	1
-0.0410653	-51.173	1
56.8371	60.5928	10
33.2856	-82.1004	1
43.2365	-86.2565	6
43.3484	3.2346	2
34.1832	-114.237	1
35.4709	-86.08	1
-1.27293	-48.4598	3
-23.447	-46.9181	3
46.2584	-119.448	1
56.0569	37.382	1
18.6124	-95.6627	1
1.32773	103.946	67
51.8451	-2.15137	2
41.0297	-81.7358	1
10.6474	122.948	1
37.2692	-119.307	7
33.4478	-84.1474	1
32.8207	-96.7315	9
45.502	-122.682	9
32.2391	-111.028	5
-22.1868	-49.9589	1
-5.39307	102.237	1
53.4084	-1.28614	2
32.5762	-86.6807	2
2.17917	111.401	1
1.51464	103.384	1
53.29	83.6478	4
13.6907	100.649	2
-1.25624	-78.6383	2
33.4619	-112.087	1
49.7808	-92.8326	2
51.2583	-0.0041577	1
39.569	2.89238	1
40.913	-73.1326	1
-28.7189	-53.5192	6
41.6756	-86.157	1
54.5985	-1.08026	4
43.8779	-79.3122	3
43.375	-4.49835	1
33.9142	-118.359	10
51.3996	16.1939	1
39.1718	-84.495	7
39.0522	-75.5078	1
-22.3948	-47.5628	1
56.2847	43.851	3
44.9332	-123.028	1
50.4425	-4.95555	2
44.7771	-89.6805	1
14.6245	-90.6159	3
34.9184	-84.9785	1
51.5207	-0.142822	2934
-7.15826	111.575	1
33.6374	-86.5862	2
55.615	37.6943	7
34.037	-118.462	13
36.2329	-115.238	11
19.6184	-99.0282	35
37.9547	-87.3854	1
-2.63627	-80.3782	2
-6.9958	110.428	8
5.31204	103.155	6
-7.42271	109.251	2
43.6165	-79.4972	16
40.6375	-116.941	1
55.7249	36.8488	1
34.6172	135.613	1
35.3474	-106.603	1
43.1873	3.00799	1
51.272	-0.395409	1
33.224	-96.6812	3
31.8876	-89.7297	1
41.6849	-70.8998	1
29.481	-98.4934	18
59.7239	30.4085	2
38.5305	-8.86894	3
42.0454	-87.6988	3
32.4749	-100.028	1
56.0925	44.352	1
38.5249	-120.375	1
47.761	7.35239	1
33.7241	-85.6721	1
59.6462	10.6423	1
37.6178	-122.071	10
44.2355	-123.211	1
51.8885	-8.50515	1
33.3284	-111.98	4
-20.2784	57.3723	1
64.435	40.7704	1
47.0317	21.1828	1
20.1932	-100.149	4
29.4858	-98.3146	5
52.6373	4.75451	1
48.6772	2.50266	10
1.86117	104.63	2
52.8559	6.32254	1
-23.4772	-46.644	3
47.3231	5.02613	1
27.5458	-99.5723	1
51.7912	55.1232	3
-26.0277	28.2632	3
39.912	-83.4785	2
52.5066	-0.70217	1
39.7488	-75.3547	1
-21.708	-43.4228	2
42.47	-70.8865	1
33.0876	-84.3454	1
36.8639	-119.752	1
57.0204	9.8902	1
57.1558	-2.20286	1
52.1343	21.0616	2
42.9986	-89.0142	1
51.2667	22.8865	2
-33.0303	-71.545	1
33.4207	-86.7048	2
28.6139	-13.9376	1
33.9794	-118.019	21
38.8194	-76.7383	6
41.9348	-80.5743	1
54.1937	37.6289	1
26.2047	-80.2306	10
33.2008	-94.9984	1
51.7435	-0.345706	5
55.3496	86.1529	1
42.4547	-83.0285	8
54.9848	73.3959	5
5.39716	100.315	27
-37.8741	145.256	1
46.0207	-70.6731	1
50.6887	3.18426	1
33.7554	-116.302	3
36.5892	36.1564	1
28.6074	-81.198	4
45.489	-73.8449	5
38.5983	-9.11333	9
51.7676	-0.575282	2
53.0351	5.6469	2
34.5406	-117.361	1
32.4872	-95.3997	2
43.0791	-88.0102	11
43.0518	-86.2229	4
-24.6977	-53.7903	1
34.7737	-117.141	1
19.2509	-99.1191	13
39.177	-0.23851	1
47.5086	-111.254	1
-23.6893	-46.7623	1
58.0006	55.9484	2
50.8395	-0.815657	1
42.1801	-88.1851	1
-25.5811	-49.3331	7
48.5455	7.49881	1
33.5143	-82.1413	1
41.7185	-93.5824	2
31.1946	121.537	1
32.7995	-97.2914	7
43.993	-92.4728	2
26.8418	-80.1632	2
24.9866	121.436	3
54.3179	48.4689	3
19.4316	-99.0988	60
47.7154	40.2477	1
42.7241	-87.8322	1
43.8398	-79.0917	7
35.0764	-92.4576	3
40.2751	-74.8452	1
39.8725	-75.4306	5
40.1181	-75.3097	3
59.3075	18.1347	4
38.4565	-75.0489	1
33.803	-118.054	5
40.073	-74.7243	5
38.7633	-121.271	3
37.5571	-84.281	1
35.1295	-90.0268	1
51.6636	-0.810113	1
53.4346	23.4208	1
47.9149	106.939	2
31.8291	-102.363	2
38.9954	-9.14118	1
33.6507	-116.002	1
-19.6227	-43.2103	3
45.2482	-75.8001	2
61.5218	0.00022	6
35.1634	-115.9	6
52.4103	-0.256419	1
52.1517	4.48183	4
-7.94332	112.611	6
39.5387	-104.976	2
-26.4191	-49.0704	3
30.2778	-81.3871	1
-6.87664	112.024	1
41.6386	-74.26	1
33.9226	-80.3448	1
52.542	31.9441	1
18.022	-92.9165	1
33.0607	-96.7365	1
-35.0875	143.257	1
48.4052	-4.47429	1
35.531	139.697	17
40.8454	-124.053	5
26.4226	-82.0884	1
34.9152	134.861	1
38.8746	-84.683	2
51.5188	-0.590557	1
39.6347	-79.9517	3
42.8621	-2.67102	3
29.8659	-89.9844	1
35.1704	136.946	10
50.7782	5.97428	11
48.4164	-123.318	1
2.24744	111.977	1
-29.106	-51.5365	1
32.669	-114.404	1
49.2882	-123.073	4
41.6158	-71.4527	2
-22.8695	-47.208	1
46.2664	-119.199	1
50.5701	3.77594	1
47.8851	0.140387	2
57.6986	11.9495	3
29.2275	-99.7784	1
49.1048	6.19605	4
33.6672	-112.365	3
42.0179	-93.6984	2
23.7725	90.3544	2
39.983	-82.9772	3
50.9138	-1.40057	4
38.2753	24.508	42
56.0731	-3.4448	10
42.0569	-76.0278	2
-27.1211	-48.9046	1
35.2715	-120.67	3
51.3819	-0.282529	10
-41.4352	147.142	1
45.5583	-73.5277	1
33.1956	-117.356	3
41.7227	-88.1913	2
46.5287	6.65208	2
35.0125	134.996	7
-27.3132	-55.8822	1
47.1372	2.20885	1
34.9352	-83.8609	1
43.0841	-89.4064	4
55.9099	36.8513	2
-35.8395	-71.6108	4
34.8488	-90.3252	1
41.121	-74.0297	2
32.4604	-99.7354	2
44.617	-76.6916	1
33.5968	-84.391	4
18.9798	72.819	7
14.227	120.974	1
51.6656	35.6772	2
33.0075	-117.257	1
36.7308	-90.4511	1
35.9004	-79.3595	1
45.8622	-122.585	1
-21.5453	-42.6604	1
51.7031	5.32468	11
41.3708	-84.0129	1
35.9672	-77.8294	7
38.999	-81.9914	3
46.3601	48.0341	1
41.5494	-72.0905	1
28.4622	77.3204	1
51.3458	12.377	1
-19.5537	-42.6053	1
38.7323	-77.4931	2
49.2755	6.39996	1
10.0738	-69.2783	2
59.1279	15.3223	1
28.6553	77.4451	1
-22.4873	-44.1755	1
37.7703	-122.436	20
44.0489	-122.939	1
42.2733	-83.7377	1
40.0691	45.0382	1
42.3737	-87.8704	2
29.2397	-98.3022	1
61.1089	-149.44	1
38.393	-75.2998	1
51.2355	5.67891	3
40.0708	-80.7529	2
35.4136	-119.501	1
56.8949	23.8435	2
35.0293	-110.697	1
3.45863	101.665	2
36.9759	-122.036	1
41.0944	-81.4945	2
42.1971	-8.77156	1
-16.657	-49.2923	3
-23.2011	-46.9084	3
33.0127	-96.9422	8
48.6147	7.73853	6
43.1166	-79.028	1
2.68656	101.942	10
64.7535	-147.368	1
48.9033	-1.51252	1
41.1621	-8.62191	3
-23.6828	-46.5955	153
48.8716	2.70453	7
28.8528	-96.9787	1
46.6461	-0.235334	1
47.5933	-122.632	1
48.1159	-1.68833	2
35.6693	-88.8595	1
36.6259	-121.832	1
41.8576	-79.1364	9
3.35359	101.253	12
51.5291	0.438587	2
41.3655	-81.7758	3
41.1023	-8.47804	1
29.4197	-95.2349	1
42.8481	-85.4685	2
-22.7106	-47.7943	1
53.5927	-0.575417	2
36.4486	-77.0942	3
54.9311	-1.68142	4
6.89258	79.9812	1
-34.1218	18.4889	3
-6.23597	106.988	28
36.4205	-121.315	4
51.5915	-3.32918	3
20.1056	-98.7758	2
42.588	12.6653	1
-33.731	151.012	1
44.8638	-0.586176	3
-25.4539	-54.4571	12
-6.56218	106.771	9
40.7913	-77.8635	1
18.936	-70.1698	1
38.0022	-79.1465	1
-1.26012	116.822	2
33.6575	-84.224	2
30.2783	-90.9499	2
33.2115	-87.559	1
-7.12177	110.081	1
39.4655	-82.7363	1
45.9685	-1.37709	1
38.6757	-7.82664	1
45.1222	-93.2648	1
55.4329	37.7628	1
38.6441	-121.476	15
3.89572	103.077	2
39.5486	2.50857	2
-5.79931	-35.2216	10
43.1056	-76.2108	7
10.2641	-68.0152	2
2.52761	102.073	1
43.6469	7.09828	4
10.3421	-84.4342	1
-1.26835	36.7361	2
53.3601	6.41883	1
50.6163	37.3015	3
0.0	0.0	21
-37.8437	144.701	2
23.2497	-106.435	3
41.4614	-74.0571	3
18.3276	-67.2507	1
33.4843	-111.908	5
40.5134	-81.4669	1
32.9141	-95.3495	1
48.852	2.50924	27
41.4394	-71.8851	1
34.0374	-80.9375	2
3.81253	100.815	1
33.9738	-83.3667	1
-0.789275	113.921	2
39.0098	-122.058	1
-25.0608	-53.398	3
-6.86751	107.031	3
1.64526	103.594	3
35.619	136.884	1
29.9839	30.9983	1
49.8538	-97.2044	1
54.2273	-1.372	1
36.122	-115.331	1
39.4207	26.8072	92
30.3589	-115.58	1
51.074	-1.33821	1
-27.0045	-48.6215	5
50.7652	-2.00233	1
39.182	-86.5358	4
45.4591	-93.6277	1
2.29916	102.912	3
42.9501	-81.3672	3
41.7711	-93.7229	1
46.4434	6.86887	2
34.2468	-118.446	11
40.59	-111.893	3
7.78945	-63.0406	1
32.3438	-86.246	1
50.8452	-0.130547	2
40.7027	-112.025	3
39.6376	-86.3094	2
55.8552	-4.43646	1
47.3498	-123.076	1
43.0784	5.89648	2
3.94649	113.811	1
42.7466	-75.77	3
61.2103	-149.863	2
48.3946	7.44362	2
-18.9662	-49.4773	1
43.4709	-1.55612	2
36.6866	-121.641	1
52.1976	0.126573	2
34.4583	-119.284	2
-1.81898	-80.7577	1
18.498	73.8186	3
-7.65355	111.332	1
55.8001	-4.85029	1
54.2721	-2.79158	2
41.1252	1.26876	1
-25.3435	-57.5795	2
37.3831	-5.92359	2
32.976	-115.512	1
37.2039	-77.382	2
52.993	-1.16313	15
39.0393	-94.5661	1
45.3719	-93.8657	1
38.3541	26.8795	1
55.7559	37.5483	118
25.6694	-80.4011	6
33.2141	-97.091	3
34.0209	-118.211	91
39.046	-83.2239	2
-3.07167	-60.0094	7
32.8246	-117.109	15
-25.4454	-49.2768	24
5.52956	95.2899	1
-20.8756	-54.2616	4
57.2263	-2.77727	5
34.7572	-86.9804	1
52.9467	-2.27968	5
64.0638	24.6625	3
32.7902	-79.9473	2
40.4628	-74.4218	4
49.5003	8.50216	1
37.4875	-77.5585	1
39.3853	-76.5118	10
52.8295	1.39684	2
22.7306	-102.694	1
33.8101	-117.824	7
51.7482	-3.37354	1
27.7631	-97.4188	2
14.7906	120.949	1
47.2647	-0.0838025	2
40.4778	-3.70352	20
-23.5334	-46.7845	15
10.2281	-67.3157	2
45.1047	5.67983	2
42.9535	-83.6428	3
20.6516	-101.17	1
0.0816052	-51.0617	3
37.991	-87.5438	1
51.6343	5.95179	2
42.8998	-71.4657	2
31.1689	-100.077	6
68.9541	33.1359	2
18.0121	-76.7702	3
40.3527	-75.0957	1
45.2216	-123.204	1
-7.23254	107.907	1
-22.0668	-42.9237	1
46.5032	-1.7687	1
51.0097	5.83185	3
51.771	19.1477	1
29.3188	48.0424	4
48.9676	2.11325	4
41.5659	-74.4478	1
4.43242	101.218	1
41.3941	2.1393	24
40.2417	-74.6821	3
36.3722	-92.2519	1
43.785	4.18906	3
51.2162	6.782	1
49.4624	1.1272	1
59.5473	30.8645	1
35.4071	-78.2281	1
38.385	-81.5883	1
-22.7855	-43.3698	2
51.464	-0.42937	3
40.0712	-75.0468	12
38.9207	-76.8525	9
35.4991	139.446	4
33.6017	-7.60975	3
48.6475	44.3981	14
9.43365	-64.4526	1
29.6566	-95.5821	1
24.9434	-98.6463	1
38.7362	-89.6891	1
54.7282	20.4796	1
45.5849	-95.9057	1
33.6245	-80.9266	2
54.8716	-1.45727	1
38.2326	-122.033	8
39.0932	-108.572	1
43.0288	-91.1288	1
-0.442282	117.151	4
35.9585	-83.9251	1
19.5421	-96.8861	3
36.6888	-79.6123	1
28.5407	-81.3816	1
45.7974	-94.2617	1
-21.6181	-48.4446	1
18.9338	-99.2608	5
34.4138	-119.846	2
45.8316	3.10958	1
54.7305	56.0375	2
48.5895	2.24626	3
36.6223	-6.23199	1
47.239	7.48914	1
43.3243	-88.3804	1
39.3801	-74.5999	1
34.0203	-6.83744	6
51.1026	0.398353	1
60.1675	24.9528	1
42.7689	-78.8537	4
42.3211	-83.3658	2
13.3468	74.7942	1
41.3111	-8.41815	3
45.6463	9.14248	1
42.7528	-72.0101	1
54.9377	20.1082	1
22.2776	114.173	1
19.2524	-99.5724	8
36.2433	-81.6561	1
25.1969	55.2539	1
40.3653	-82.6694	3
-20.3975	-43.6687	1
43.1396	-80.2965	5
38.8043	-77.3211	5
38.9637	35.2433	26
59.927	10.7585	2
40.8903	-80.843	1
-6.04196	106.048	2
41.5386	-88.0669	1
40.2761	-79.5315	1
52.2233	6.86858	4
53.8096	87.2221	1
27.8378	-81.5313	1
26.0532	-80.2211	1
40.2222	-74.011	2
49.5571	2.93379	1
30.4671	-84.2569	1
51.1106	-2.99981	1
52.5381	5.34582	1
33.5879	130.428	1
53.4424	-2.23348	19
35.9926	-119.299	1
37.5195	-5.59482	1
10.5973	-66.9538	2
54.685	25.3126	3
45.9056	6.15804	1
55.8243	37.2461	2
38.5342	-76.912	5
52.3834	13.1196	2
41.8335	-87.7319	28
35.6426	140.126	3
41.9042	-87.8656	1
43.7418	7.4269	1
-17.7193	-51.0442	1
39.0764	-94.3814	2
41.0484	28.9867	13
-22.8215	-43.0007	4
1.5254	103.838	17
49.0084	-123.13	1
37.2968	-121.817	6
37.6529	-120.991	3
48.289	2.68589	1
47.273	-120.882	2
-14.8623	-39.353	4
40.6745	-81.3551	1
43.4429	-80.4761	2
38.4464	-91.0301	1
45.4503	-98.5155	1
43.101	131.926	3
30.2347	31.453	1
51.0887	-0.204328	1
36.8209	-76.2882	1
28.6842	77.2005	1
55.309	-3.20233	1
42.9907	-85.9508	2
-1.74911	102.839	3
52.495	-1.88127	11
51.3241	-1.92567	2
37.1804	-3.59799	1
3.23187	101.386	7
27.8169	-82.7757	1
-27.3972	-51.5977	1
48.2901	17.7314	1
34.2071	-77.8721	1
35.6869	139.756	12
-22.916	-43.4473	19
-20.217	-70.152	1
40.8232	17.1086	1
46.8229	-120.363	1
49.1994	-122.913	28
-18.9857	-47.0712	2
38.2365	-0.646418	1
46.3772	-120.321	1
35.0225	-106.748	4
25.6603	-100.352	10
42.3433	-7.90485	3
40.6566	-4.63498	3
52.1575	5.2966	5
53.4536	56.0457	1
51.6663	-0.0843082	4
40.7994	-74.4787	1
40.6895	-76.2618	1
61.5218	-75.0065	1
43.5071	-83.96	1
18.5043	-69.8231	2
34.4685	-118.619	1
28.6595	-106.11	1
41.9862	-72.622	2
34.0609	-4.97544	1
10.2118	-67.5888	1
37.425	-122.17	5
29.8239	-95.4621	17
38.3934	27.1161	2
42.822	13.8972	1
36.0834	-94.1896	1
41.4859	-81.6984	7
50.631	3.0472	6
6.44776	100.282	3
35.3285	139.35	4
35.6051	-77.3773	1
46.5847	0.371571	2
-0.935608	100.446	1
51.4736	5.6531	3
55.8272	37.699	2
49.2551	4.05423	1
38.5719	-75.8183	1
43.6438	5.04615	1
51.4702	-3.19202	2
41.7581	2.06928	2
-28.4602	-65.796	1
41.0356	-75.3298	1
53.3303	-2.66159	4
42.2198	-83.4838	1
49.0263	1.14969	1
19.8534	-98.9643	1
43.7409	-79.7269	3
43.6026	2.69127	1
30.0364	-97.818	4
5.03032	115.05	1
40.2255	-8.45231	1
-7.69036	112.964	1
36.2331	-85.4037	1
56.1501	40.4279	1
43.4108	1.71116	1
-20.4274	-40.3758	3
20.6767	-103.337	7
48.8128	1.94829	10
36.7967	-4.68937	2
45.4428	11.0573	2
42.0003	-71.4979	1
35.9894	139.771	1
21.8495	-102.327	2
47.5193	42.1912	1
52.2317	5.16051	5
51.5851	-1.7601	1
35.9272	-86.8342	2
-3.85616	102.307	1
47.8354	3.95485	1
33.5617	133.55	2
35.3341	137.121	6
-6.77038	39.2233	1
-34.9752	-71.2271	3
39.5469	-85.7753	1
-12.8753	-38.5026	6
30.2185	-81.7656	2
31.7897	-115.229	2
53.3765	-2.10658	1
35.7101	139.482	1
54.6851	-1.79769	1
45.5926	9.27591	3
39.9549	116.301	1
18.1968	120.588	4
41.1322	14.7701	1
32.4815	-7.90601	1
18.362	-66.1538	7
39.4579	-76.8073	8
-14.2393	-53.1848	6
-0.919343	119.882	2
56.5222	84.982	2
34.9388	-81.0267	3
43.6512	-93.3815	1
-29.2155	-51.9275	4
-21.2134	-47.818	8
40.8977	-8.49283	1
55.1559	61.3679	7
-22.7241	-47.2901	1
53.8233	-1.4252	6
23.6859	-99.1879	1
31.11	-83.4233	1
41.0662	-86.2157	1
23.6254	-102.558	1
55.6078	-4.68088	1
33.79	-118.264	12
-33.8079	151.179	2
31.6125	-106.275	7
36.0523	-89.3746	1
18.3392	-65.7116	1
36.6168	-88.3255	1
51.4542	-0.0179565	29
53.2218	6.56477	1
29.9042	-95.6339	4
36.7024	-4.43581	1
41.0945	-80.6395	1
45.3309	11.7639	1
39.7531	-94.8032	1
30.7026	-88.213	1
55.7546	-1.98988	1
53.6799	9.37268	1
50.4551	37.0692	1
1.10717	104.055	3
51.4621	0.149188	11
-23.6661	-46.4412	13
32.3111	-90.1888	3
-7.14941	-34.882	6
-26.8728	-49.1096	1
53.1958	45.0387	6
59.9383	30.4895	3
4.71709	-74.0641	13
39.9729	-74.0705	2
-9.65491	-36.6949	1
52.6361	-1.13111	6
20.3296	-97.8959	1
55.6728	12.5521	1
34.364	-89.5391	1
56.4652	-2.96344	1
34.2268	-119.194	2
52.4992	13.6192	3
51.3463	-2.97979	1
56.2933	44.0224	1
29.995	-95.7489	1
43.3068	-0.376843	5
33.5757	-86.3769	1
52.4046	-4.00698	1
53.1391	-1.2005	4
33.8904	-117.473	3
50.0463	20.0057	1
29.8748	-97.9194	1
38.8644	-94.7834	1
35.7458	139.622	12
43.6008	1.4329	4
-28.4795	24.6701	1
44.105	-79.4658	1
40.9935	-73.9159	10
56.325	24.1211	1
52.5699	6.53484	1
43.2735	5.38795	2
50.419	4.21361	2
57.4232	25.9003	1
42.572	-83.3814	15
30.1565	-115.58	1
18.1355	-94.4325	2
58.4924	8.77191	2
26.0602	-98.3171	1
46.6659	-1.41626	2
36.1095	138.898	1
48.9963	8.41429	1
39.1396	-76.5875	1
-7.66334	110.275	4
25.3301	51.5279	1
33.3803	-117.572	1
-33.9474	150.944	2
32.8857	-111.748	2
43.0945	-85.6682	1
-30.0997	-51.1593	16
52.0286	5.38838	3
49.1639	-123.143	1
53.7272	-2.70823	5
35.8854	-90.1632	1
34.9855	136.546	2
54.661	39.7144	3
26.163	-98.0547	3
35.5794	-82.5775	1
39.923	-86.187	5
55.4359	65.2991	4
35.7782	-78.8294	8
45.3535	-80.0306	1
51.4903	4.28273	1
51.5077	7.47031	1
2.93129	101.696	45
37.0885	138.25	1
34.1876	-118.89	1
37.1187	-8.53991	1
36.0836	-115.15	9
10.6953	-71.6366	3
66.0949	76.7322	2
53.3933	-2.91859	17
34.9671	135.773	4
42.3165	-83.0908	4
-20.1433	-44.8987	1
48.1197	-96.1649	1
26.3629	-80.2466	1
-34.6088	-58.5077	1
56.1328	-3.17988	2
40.1711	-80.2533	2
-21.1062	-48.0294	2
37.7516	-85.8976	1
-23.0362	-46.9703	1
38.8106	-76.9523	8
50.6549	12.1949	1
48.7793	9.17711	1
48.8588	2.34693	68
40.3389	-104.914	1
41.9306	-74.0374	1
52.0508	113.401	2
30.0608	140.596	3
38.31	-122.713	1
26.2952	-81.5871	1
42.4879	-83.2485	9
17.6237	-94.3846	1
41.5889	-81.4869	1
-0.0462397	109.346	1
50.6125	-3.65302	1
41.8588	-90.9234	2
50.5609	4.17651	3
-0.587732	111.388	3
19.1661	-96.1494	1
4.25001	100.563	1
48.1752	23.2939	1
53.9985	-6.39441	6
35.8928	-79.0681	1
41.8153	-88.36	2
39.0087	-77.0178	40
43.0002	-107.555	1
52.3851	-2.27787	3
-7.77338	110.385	17
43.451	6.79082	1
35.604	-78.6579	8
53.206	5.97229	1
13.7016	-88.1061	1
32.1774	-110.884	2
51.782	4.5276	2
33.4791	-112.251	8
42.0396	-72.1288	1
-8.0436	-34.9394	5
31.2637	29.987	11
-36.7374	-71.0353	48
51.1945	-2.54353	1
38.8355	-9.36059	5
42.808	-1.65039	2
35.173	138.671	3
13.7497	100.458	2
56.9184	14.8549	1
-12.0934	-77.0178	5
-15.4552	-55.8425	2
52.278	-0.714253	3
48.6839	6.11844	2
14.4714	120.973	3
50.3881	-4.11457	7
41.8804	-70.9049	1
-26.2617	-48.9665	4
28.2478	-17.14	1
40.4175	-79.2244	1
45.3987	11.8908	1
15.4125	-87.7988	1
29.625	-95.4302	11
50.8182	-1.09673	2
15.4854	120.59	1
40.303	-76.584	1
41.2983	-72.9292	2
53.7087	-0.875736	1
-34.0574	18.8377	1
42.6647	-83.2691	3
25.7873	-80.141	6
37.8059	138.84	1
-6.70399	106.996	1
30.2036	-85.6033	1
17.9912	-94.5341	1
53.1638	-2.73732	1
40.622	-74.4399	4
-26.1158	28.1468	3
37.9507	-121.298	1
39.4225	-0.352546	4
39.4752	-8.20281	2
36.7631	34.5487	1
29.3524	-98.414	7
41.0827	-112.013	2
41.2074	-73.1263	2
41.0839	-0.168958	1
1.00185	116.394	5
35.3103	137.76	1
38.6434	-83.8304	1
31.9548	35.8534	1
42.6869	-73.0064	1
51.6793	39.236	3
41.7263	-87.6026	3
-8.63314	115.245	8
30.9373	-91.4009	4
39.0795	-76.8577	3
47.2611	39.628	4
51.5765	4.7788	1
37.0398	-7.83468	1
62.9928	17.6844	1
40.5215	-89.0012	1
38.5896	-1.67942	1
39.7797	-86.1328	2
17.3917	-99.7242	3
53.4052	-3.10186	4
41.9965	-91.6313	1
42.8747	-8.54308	1
42.1652	-71.6322	1
51.5864	0.079199	2
8.98102	-79.521	9
-6.88668	107.615	38
40.4747	-79.7717	1
55.1254	73.3788	1
41.5734	2.0215	1
34.1335	-117.909	14
26.1004	-80.3687	2
37.2886	-5.79664	1
42.2529	-89.068	1
-23.3804	-46.3128	2
27.29	-80.3374	1
37.7542	-92.116	2
-6.34395	106.874	3
-22.8214	-43.2286	2
10.3203	123.902	1
39.0253	-79.9431	1
-33.9658	151.09	1
42.3761	-88.1005	1
34.019	-117.816	4
29.2333	-94.8733	5
-22.803	-47.4357	7
-29.7471	-51.0675	3
51.9013	6.38307	1
35.1705	-79.861	3
18.4329	-69.9764	4
-15.7763	-47.7966	16
-25.9924	-52.5902	1
-22.8871	-45.4893	1
54.186	45.1584	1
51.7982	4.72438	1
-24.018	-46.5015	4
19.6014	-90.3361	1
-27.5924	-48.5176	1
31.5729	-84.1658	2
-1.71186	113.698	1
38.9636	-85.9067	2
19.1644	-98.4097	2
34.4009	-118.078	1
53.5203	49.4315	2
31.9956	-103.901	1
23.0213	113.154	1
2.17045	102.593	2
39.2422	-8.75123	1
-9.63324	-35.727	1
35.247	135.868	1
1.99405	102.866	1
37.9778	23.7289	1
27.6986	-83.8046	3
0.247298	-51.0637	2
31.3322	-99.8584	1
39.129	-84.2702	1
38.8584	-8.98005	2
41.659	-4.72865	1
29.1269	-81.0429	1
52.6277	1.26342	1
46.1331	4.76582	1
41.8984	12.5451	2
40.0293	-105.24	1
43.7585	10.7745	2
16.7943	-96.6724	1
19.6494	-71.1074	2
47.3773	8.49837	1
14.5839	121.128	7
51.2344	-0.578037	1
34.8902	-82.4059	1
39.9085	-86.0325	2
59.425	24.7382	1
-15.7881	-47.9421	2
59.4624	10.6614	1
41.8047	-89.5556	1
1.40213	103.746	39
47.0148	142.67	2
58.6068	16.5775	1
39.9112	-8.70048	1
-21.604	-45.5858	1
35.486	-96.6973	1
51.0026	-0.385167	1
-20.0904	-41.1119	4
57.9232	59.9781	2
54.782	31.9983	1
40.757	-86.8742	1
33.6553	-116.146	4
46.1448	-122.885	1
39.9512	-75.1645	5
36.5085	-4.67669	1
36.9839	-76.4075	3
53.6499	-6.80205	3
42.4166	-71.043	17
40.307	-99.3492	1
44.871	12.0832	2
61.2734	73.4332	10
24.6625	-107.342	1
-27.5733	-50.1724	2
59.2939	10.4414	1
48.4786	135.067	1
30.5418	-84.1069	1
40.7618	-73.7598	10
35.9026	-86.3682	2
4.80132	101.057	1
32.7355	-97.7827	1
39.9891	-0.0439811	1
39.6646	-121.766	1
48.9174	11.408	5
51.9358	4.57833	6
33.023	-117.113	1
33.6486	-78.9501	4
-7.53774	111.969	1
48.5395	-123.069	1
38.9979	-105.554	1
-26.0876	27.7658	1
28.7337	-100.49	1
23.1549	79.9436	1
38.7521	-104.748	2
32.7296	-97.1132	1
33.9256	35.6286	2
59.9394	30.0922	7
1.84467	102.978	4
-29.9189	-51.0951	2
42.7194	-71.2045	1
15.1321	120.961	1
51.0552	2.45084	2
54.7067	-1.22106	2
30.0372	-95.5354	1
42.3627	-88.3635	5
48.6881	2.11286	9
37.1523	-85.9316	1
62.0846	129.292	3
-6.24007	-36.4424	1
37.6894	-97.4433	2
19.2545	73.1427	1
-26.1904	28.0141	15
19.5093	-98.8497	1
35.2407	-85.0112	1
41.4947	-73.0567	1
51.1357	23.4886	1
5.71081	100.45	1
37.7185	-121.443	1
1.42922	110.333	3
35.2298	-89.3557	1
59.0838	17.5272	5
-24.4945	-53.3	1
-7.29324	112.681	23
50.0351	19.2579	1
41.0216	-76.849	3
-2.57242	-59.9803	15
2.97972	101.402	12
56.9715	24.1287	11
20.0567	-99.3846	2
37.0247	138.662	1
53.557	10.0204	2
24.4942	54.384	1
32.6477	-96.9129	4
10.4924	-66.8317	1
53.8296	-1.62445	1
52.537	13.453	5
3.82881	103.217	2
21.131	-101.684	1
48.8292	44.7576	2
46.8456	16.7685	1
52.1794	5.90278	2
-23.3133	-46.7389	5
50.456	30.4968	3
51.1192	4.57458	1
30.0844	31.289	1
-20.802	-49.3623	2
30.4649	-91.0522	3
35.1621	-81.9019	1
-22.812	-46.2762	1
60.9716	25.689	1
30.5198	-97.8426	1
55.865	-3.68983	2
55.795	49.0696	16
38.1602	-85.5573	1
58.1031	56.2983	1
63.8277	20.5759	1
43.2418	5.99708	1
39.795	-104.802	1
50.8333	4.0	1
64.0954	11.7721	1
48.6794	5.89821	1
51.4682	-2.12772	1
32.3	-106.744	1
44.574	38.0395	2
-7.58889	-34.9452	1
20.1787	-98.0445	3
47.3457	-122.657	2
34.8018	-92.2683	1
38.658	-77.0102	1
34.7304	-86.5861	5
42.9841	-72.502	1
32.5631	-92.0567	2
53.1748	6.78787	1
30.033	-89.8826	1
51.4485	5.453	3
-21.9643	-51.3537	1
32.4415	-87.0357	5
41.3095	-96.8085	1
47.6298	-91.924	1
30.8759	-84.6033	1
53.661	-1.26658	1
21.4155	-158.0	1
7.82432	123.43	1
39.633	2.73142	1
41.1953	-85.1619	1
19.9361	-97.9592	1
-23.5594	-46.1857	8
47.4481	40.0944	2
49.7033	8.31384	2
45.86	-0.483065	1
41.8409	-79.3551	2
40.6784	-73.5398	1
38.0005	138.322	1
38.6385	-77.3233	1
30.5068	-97.628	2
52.0447	-9.50201	1
3.08833	101.613	100
57.3756	39.8898	1
40.2615	0.291838	1
-29.656	-50.8626	5
32.9618	-80.1571	2
49.832	24.0154	1
7.35496	-2.33855	3
53.8078	-2.31376	4
53.146	-1.0054	1
52.6898	4.92602	1
40.5591	-85.2671	1
-22.2387	-49.1125	2
39.6022	-82.9462	1
38.8794	-6.96841	1
51.9522	5.90207	2
55.743	37.8171	3
38.0034	-79.4209	1
-42.9051	147.32	3
30.5314	-87.8849	2
40.765	-111.892	1
12.6199	102.146	1
42.5822	-77.154	1
51.4778	-0.865953	11
38.5396	-76.5889	3
-6.9279	107.781	1
50.8716	-1.57635	4
34.4012	-118.917	2
0.517162	101.426	5
19.0322	-98.1543	13
-28.3065	-53.9244	1
-31.9615	115.896	2
10.6542	-61.5173	1
-7.44481	112.717	2
47.5953	-122.147	1
52.9095	-1.53807	5
51.5804	-1.17148	1
44.4094	-79.6683	1
14.6102	-61.0432	1
18.0539	-77.5141	2
18.3197	-64.8824	9
45.4221	-73.6379	1
37.7714	-3.90156	1
38.2039	-75.6963	1
51.7316	0.464932	1
32.5711	-89.8764	2
28.1031	-15.46	1
51.9048	-0.456842	1
19.1312	72.8354	7
-20.7352	-48.5892	1
53.7361	-2.04255	1
52.5659	5.64832	1
32.8875	-97.1527	1
45.4533	4.7654	4
38.291	-76.4938	2
-2.62921	-44.3026	8
32.8253	-109.716	1
21.0208	-89.6431	1
-26.3749	25.4619	1
35.2035	-80.836	6
41.817	-71.421	5
52.8092	-2.10562	1
33.7401	-85.0249	1
19.3612	-98.9739	11
-28.2628	-52.4442	1
-23.9507	-46.2257	11
50.4228	4.42765	2
33.641	-83.9693	3
38.7451	-8.77043	1
32.8327	-83.6442	1
52.3215	4.9431	6
39.7393	-89.2665	2
34.1043	-117.345	9
48.4478	1.46766	1
5.37875	100.553	3
39.1463	-78.3634	1
42.8878	-85.7594	3
52.0296	5.097	2
47.2714	5.98536	1
-19.9446	-44.1719	2
41.3387	-72.6905	1
44.9712	-93.2772	6
53.4423	-2.76264	1
51.3364	0.808984	1
40.757	-82.559	1
-22.8952	-47.0303	8
-22.9365	-46.5619	1
36.2865	-84.1713	1
69.3904	12.2745	1
47.9527	-124.386	1
45.0405	41.8936	1
-27.6534	-51.0923	3
19.8505	-90.5213	1
-20.1397	-40.3039	2
53.1826	5.81839	4
39.3944	-107.094	1
62.649	30.3449	2
-8.00905	112.747	1
40.8328	-81.766	1
-32.5364	115.712	1
40.2659	-7.5764	1
13.8771	121.153	2
3.45901	-76.5246	1
19.318	-99.2481	11
46.1621	-1.17657	1
14.613	120.986	3
49.1477	8.28832	1
30.2234	-92.06	1
43.2519	-2.93316	3
34.6116	-118.194	4
33.6445	-117.925	7
42.9904	-7.57063	1
55.3753	37.52	1
39.4606	-82.2681	1
56.3431	36.7211	2
48.9875	1.91135	2
19.4742	-99.3104	8
-25.6611	28.2579	4
53.5642	-0.074302	1
51.9421	-7.99526	2
53.3596	89.9062	2
50.8742	6.85095	1
53.8437	-1.85083	2
53.6586	-1.41183	1
39.8398	-84.9016	1
47.5771	-122.389	7
6.01225	116.396	4
33.9444	-117.202	3
40.4962	-3.36562	2
2.04811	103.382	23
41.3906	-81.5393	3
59.9341	30.3287	46
53.644	55.9553	1
38.7694	-90.5192	1
2.874	101.496	1
55.9119	37.5536	2
40.7809	-73.9772	77
35.9095	139.634	1
56.5904	59.9662	1
42.0793	-87.942	1
-2.62864	-56.7288	2
14.4193	121.444	1
39.7299	-75.5295	1
41.835	-73.1277	1
42.3154	43.3569	1
25.8972	-97.4813	1
40.8273	29.3212	2
43.7159	-79.3283	30
35.6581	139.296	1
38.4965	-121.532	11
-3.78965	-38.5199	1
9.90706	-84.0443	9
59.366	28.1107	1
58.3822	33.9008	1
59.3942	18.6174	9
52.0162	4.18047	2
53.2204	-0.558267	6
28.9488	-95.9612	1
41.0717	-73.5648	3
40.0485	-86.8926	2
43.8374	3.75508	1
2.48793	102.728	1
29.392	-94.9161	1
32.6671	-97.3837	5
42.9446	-81.2053	1
52.2844	6.44019	1
51.1336	4.2083	1
28.3593	-81.3698	1
51.7323	-1.24764	1
35.0658	-78.8987	2
37.6378	15.1765	1
39.238	-77.2627	4
51.326	5.97833	2
44.379	4.99746	1
50.5314	12.7696	2
41.5938	-83.4337	1
18.4656	-64.5245	1
-22.6965	-43.5244	1
-30.5529	-53.4955	1
51.4963	-2.58003	2
-2.13837	-79.8914	5
21.2986	-157.821	5
-6.81408	107.284	1
51.5163	3.83821	1
38.5886	-82.6413	2
28.7047	-17.7979	1
57.4222	27.0709	1
48.383	31.1814	61
55.0015	82.9557	6
1.47326	124.871	3
-7.56869	110.823	3
53.029	-1.45874	2
36.2604	-115.085	21
33.6681	-84.7579	1
38.9736	-95.2556	5
16.2586	-92.301	3
51.9443	14.7034	1
-21.8117	-46.5467	1
46.2079	21.2998	1
53.7514	-3.02195	1
39.7552	-104.941	2
37.9695	-7.85798	1
35.1168	137.554	1
16.2662	-61.5021	5
32.7573	-96.6045	2
38.6416	-75.6082	3
-27.9847	26.746	1
41.9399	-86.5664	1
46.0418	9.30633	1
40.9916	-75.9517	2
43.1792	-1.35398	1
52.1932	8.33722	1
-5.11571	119.523	4
52.3995	16.9063	1
4.58419	101.134	17
53.9248	-3.00914	1
-37.8088	145.066	4
51.5265	45.9785	2
37.7094	140.486	1
33.3955	-111.738	1
35.4655	-83.2766	2
-6.35789	106.495	1
34.1922	-118.232	7
38.2514	-85.802	6
51.7967	0.636477	1
41.2455	-80.9769	2
49.0319	7.94691	1
32.3748	-96.12	1
-2.95054	104.768	4
30.2518	-82.7457	1
47.2382	-1.56074	6
43.1862	-77.6164	6
34.5137	-82.0276	1
51.0561	22.2842	1
25.9403	-80.3099	3
30.2978	-97.7533	3
55.6042	37.5131	4
33.0621	-16.344	1
34.2614	-5.91774	1
48.9831	8.25438	3
7.91471	-72.5037	1
31.7909	-106.393	4
20.6683	-87.0512	1
47.4809	8.20879	1
-7.41255	111.484	1
53.7172	27.9867	35
37.5547	127.02	2
52.2543	5.77493	1
35.793	-78.6535	4
47.4824	19.1295	2
36.7955	10.1691	1
38.1021	15.7474	1
-6.18065	106.844	71
42.2917	-85.5872	3
18.1357	-66.0446	5
-18.7954	-41.9396	1
44.2005	43.1291	2
45.5822	5.90635	2
53.3941	-114.226	1
50.4512	30.2901	2
40.778	14.2598	2
42.5936	-89.0165	1
29.6575	-95.1902	18
3.27541	101.64	17
3.69077	101.518	1
-30.2911	-56.1623	3
39.2847	-76.6205	8
42.1346	-72.7404	1
-7.49063	110.22	1
39.6988	-105.09	1
47.233	5.78144	1
38.6531	-90.2435	3
41.814	-72.2531	1
33.4463	131.332	2
39.4012	-6.44088	1
31.2686	-110.946	1
50.7259	4.86104	1
-21.2385	-44.2815	1
-23.6249	-45.3848	1
59.2764	15.2223	1
-5.18745	-37.3473	5
-34.794	138.687	3
-25.2963	-49.3218	1
36.0154	-83.457	1
40.572	-75.5799	1
46.1693	9.93406	4
38.9	16.637	2
10.722	122.563	2
45.4613	9.15934	6
-29.969	-71.3328	4
41.045	-85.0022	1
16.7419	-93.1397	7
31.8283	-106.541	4
40.1295	-82.9077	1
51.9005	-0.190586	1
52.5142	6.10694	1
21.0487	-87.0318	2
51.6126	-3.9948	2
39.9259	-104.957	1
45.053	38.9598	4
47.0232	-103.857	1
43.4511	6.48504	1
39.4806	-121.532	1
30.0886	-90.4812	1
49.1974	-113.306	1
36.309	-119.29	1
18.374	-65.8689	3
45.0314	7.66707	2
-0.178918	-78.4778	3
12.9689	79.1561	1
-7.65323	110.474	1
36.5632	-82.6505	1
33.811	35.5139	1
12.8848	74.8464	1
39.5635	-0.399533	1
2.36639	102.183	8
41.9504	-88.7816	1
-25.453	-49.569	1
52.6272	-2.19163	1
67.8039	24.8033	1
40.2261	-76.9351	3
52.354	-1.2866	1
39.1289	-80.3859	1
-29.0686	-51.0353	5
42.7368	2.52309	1
40.5807	-74.2959	2
38.4375	-121.4	2
-6.28788	-35.2169	1
43.703	7.25302	10
37.981	-121.797	2
38.0427	-84.5052	6
41.1449	-73.2641	1
44.2151	20.9238	1
32.4262	-81.7842	2
31.6691	-97.0992	2
35.8112	139.917	3
-15.0709	-40.868	1
26.5615	-80.0527	1
33.8811	-84.2503	5
15.8322	74.4794	1
33.3521	-112.419	1
3.18392	101.75	96
36.5075	-4.87291	1
50.9459	4.37223	6
-27.0529	-52.9701	1
54.0082	86.6309	1
55.8554	-4.23242	13
57.1506	65.5568	4
47.1828	-122.281	1
37.8708	-122.301	6
-23.1117	-47.1947	1
51.2755	-0.768402	1
33.4595	-88.831	1
19.3594	-98.7973	4
51.9995	4.36409	26
32.2528	-109.192	1
53.1548	-6.81533	4
29.3366	-98.5966	5
3.56048	103.381	8
41.4477	1.9151	1
47.3951	-0.447178	1
37.2259	-76.557	3
34.753	-102.501	1
53.1122	-6.06153	1
34.1274	-118.065	5
41.1505	-73.7354	2
53.3433	-9.10639	1
54.3144	-1.82055	1
-36.8503	174.76	4
44.3448	-89.0946	1
-3.1107	-41.4845	1
58.0225	56.1443	6
-34.9246	138.601	3
47.1353	-1.30561	1
35.0382	-80.806	1
30.0951	-95.9869	1
44.932	25.4396	1
39.2695	-80.3169	2
37.5076	126.75	1
-30.1749	-50.2096	2
33.4017	-104.573	1
29.7282	-95.3161	1
-23.062	-48.9055	1
4.21265	101.271	1
43.6104	3.87434	3
52.6085	-2.47566	1
-16.3051	-48.9725	1
19.665	-99.2247	5
40.6341	-80.06	1
39.6531	-104.81	3
32.2756	-107.644	3
33.8758	-98.4894	1
29.513	-98.6559	10
-32.0493	-52.1142	5
-23.2569	-45.8313	10
-23.0614	-45.9175	1
52.7844	-1.41247	1
37.7311	-88.7884	1
56.8631	53.2013	1
37.7788	-75.6078	1
2.20133	102.248	8
49.1078	6.83203	1
53.8873	27.5398	7
32.1613	34.7955	1
37.8904	-122.058	2
38.0295	-78.5194	4
43.9236	4.99378	1
40.0494	-76.3035	1
38.0881	-3.63952	1
37.0974	-8.38466	1
56.8546	35.8997	3
59.4743	32.0514	3
14.9836	120.594	1
34.7027	135.497	1
40.651	-73.8712	3
46.5532	7.9064	1
51.1252	-114.185	1
45.4175	-75.6637	1
12.1336	-86.2946	2
53.9553	-1.10705	1
33.7677	-84.4181	6
40.6074	-80.2721	2
53.0855	-0.80089	1
-19.0045	-48.3585	2
-31.4334	152.899	1
54.6033	-3.14095	1
50.7232	4.58798	1
-22.5461	-48.6355	3
53.3892	-6.42216	3
49.4233	2.82559	1
40.7629	-73.3451	5
43.0932	-70.7419	1
43.1534	-8.48066	3
26.1996	50.5958	1
37.3288	-122.005	1
43.2616	5.58311	1
34.9386	-79.7728	1
39.9575	-74.9161	2
41.0927	16.875	1
46.4149	-117.024	1
-23.47	-47.4366	4
41.1179	-77.6047	1
-8.81757	115.154	1
35.0617	-89.8972	1
29.7646	-81.2518	1
47.414	2.9422	1
27.749	-98.0469	2
32.2922	-95.3001	1
13.5886	-89.2836	3
41.3031	-8.57058	1
40.4856	-3.87044	1
32.1014	-81.1593	1
-6.18622	106.637	12
3.75431	101.949	2
40.6855	-112.448	1
34.6289	135.051	2
34.035	-86.0093	1
18.4609	-97.4134	1
38.7435	-9.15999	9
32.9078	-96.606	5
8.90131	-79.7737	1
53.4039	-1.5631	3
55.9229	37.8668	1
39.1451	-75.3867	2
36.7311	-120.058	1
-2.13628	106.12	1
59.3336	17.98	4
14.3446	121.065	3
