Latitude 	 Longitude 	 Weight
42.8804	-85.7716	4
9.9461	-84.1952	4
-19.9187	-43.9598	41
18.3392	-65.7116	2
47.7055	6.92287	1
55.7305	24.3341	2
38.1377	13.3472	2
39.9688	-84.9258	1
45.4957	-73.5828	5
14.5339	100.938	1
19.3184	-98.2454	2
39.9703	-74.1321	3
55.5715	38.2275	4
43.1129	5.87429	1
32.7001	-113.962	1
55.8958	26.5374	1
34.6809	135.163	1
-22.7134	-42.6175	1
34.0696	-86.7718	1
41.406	-80.9548	1
47.5596	0.570286	1
42.7466	-75.77	9
52.9908	6.25643	3
21.4584	-158.014	2
43.1286	131.914	3
44.3299	4.79347	1
-0.238819	-50.7698	1
3.28063	101.477	37
-0.216815	100.633	1
50.4147	1.58081	1
-20.1478	-44.8608	2
37.0802	136.917	1
36.2867	-115.208	15
39.7375	-74.1164	1
40.1848	-82.9014	4
5.40243	100.695	2
-24.1895	-54.0695	1
1.37632	103.77	83
40.0638	-75.1363	42
42.6866	-8.98969	2
39.8439	-75.3748	2
34.3352	-80.9596	1
55.9041	-2.99589	1
45.2208	-123.08	2
40.4235	-79.267	1
5.34917	116.165	1
45.79	15.7716	1
25.6322	-107.959	1
48.6406	6.31586	2
-6.5388	107.463	4
50.795	-2.61142	1
42.0483	-72.5696	6
38.502	-117.023	4
-33.2367	-70.7706	2
38.1989	-81.5108	1
35.0675	-92.457	4
56.0519	-2.72198	2
36.104	-80.2453	1
-30.0344	30.8407	1
42.3937	-82.8628	4
38.923	-84.4109	1
54.174	60.2421	1
44.9796	-123.01	3
43.6814	-79.7831	6
39.5785	-80.136	4
4.76907	100.836	1
51.9187	19.1348	2
49.7781	0.479909	3
35.8305	-85.9786	3
33.7532	-112.317	1
32.3329	-116.929	1
48.7045	1.57461	1
47.6375	19.4986	1
25.0316	-77.3458	1
-20.748	-42.8803	1
58.8909	55.6322	1
-20.6364	-44.2754	1
-2.96991	119.901	2
40.2961	-111.695	3
35.895	-83.5661	1
0.527656	101.432	10
-6.10311	-38.1598	1
36.6705	-121.628	4
40.7405	-2.54198	1
41.9426	-87.9613	10
33.1769	-117.097	1
53.3934	-2.91859	28
2.04325	102.623	3
23.5877	58.4059	1
5.55652	117.855	1
14.0962	-87.1903	3
37.7717	-121.202	3
-21.21	-48.2936	2
4.58211	101.132	37
43.7697	5.25714	1
38.6795	-6.40246	1
45.4308	-75.6816	4
35.0742	-106.523	3
52.2605	-113.768	1
51.4914	-2.76025	2
35.7932	135.645	1
44.9557	-0.0198585	1
49.9236	2.8477	1
50.8302	4.34216	22
41.7282	13.0022	1
49.3363	1.38275	1
52.6003	39.6002	5
32.6828	-114.619	1
48.9536	2.4883	94
42.5165	-70.9526	9
35.4275	-78.6225	1
51.2865	4.0592	1
51.4149	21.154	1
37.6768	-82.2892	1
-23.6839	-46.9469	7
27.7699	-82.6812	4
51.6042	-1.24984	8
34.5621	-117.338	2
32.9042	-117.139	17
-6.90558	107.626	243
9.37391	-83.7087	1
32.5708	-96.8649	3
28.4811	-81.3687	7
36.7828	-119.795	9
3.45208	102.415	2
10.0655	-69.3398	2
3.08258	103.084	3
-29.9153	-51.1771	14
37.9786	-121.343	4
55.7637	12.4776	2
46.7176	-92.0978	1
41.4182	-8.68953	1
-6.35536	107.336	17
6.11277	100.374	7
37.8223	-85.7682	4
54.1851	-6.35259	2
50.4562	-4.51776	1
35.5994	-97.5599	4
34.7829	134.849	1
52.4128	22.234	2
10.2159	-67.5857	1
53.8777	27.4345	9
22.5534	88.3502	1
51.2667	22.8865	5
56.3923	38.7242	1
59.8653	29.8847	1
45.0011	-86.2707	2
45.7917	15.9228	2
56.4441	9.39834	7
35.3238	-100.142	1
-28.739	-49.3605	4
18.4245	-66.0813	5
44.7914	11.9669	1
49.721	36.8655	1
41.5086	-73.7433	3
25.3236	51.4968	2
51.8308	4.77076	2
43.3955	6.29457	3
0.232075	32.5507	2
44.0416	1.43693	1
43.5341	5.45912	5
49.4321	0.818074	1
34.8577	-87.5521	1
9.98108	76.2796	1
46.5889	-120.553	1
33.7478	-117.121	2
20.9443	107.052	1
32.5325	35.8815	1
3.65908	102.611	1
30.4158	-97.5222	1
1.6067	104.089	1
41.0747	-81.5151	3
52.9742	-108.782	1
56.8544	35.8997	1
40.3014	-83.6047	1
44.8451	-93.4596	2
42.7489	-84.4805	6
22.2031	113.55	1
37.5458	126.95	2
53.8991	-122.779	1
15.5014	-88.0486	1
43.5238	13.5472	1
-18.5724	-48.7768	1
37.8072	-25.4945	2
52.2967	5.25851	7
47.0999	-122.418	3
45.4245	4.36651	2
35.7165	-77.9484	1
26.1576	-97.9235	1
-15.3897	35.3268	2
28.9699	-111.498	1
38.7704	-90.6235	2
33.7183	-84.3106	18
48.3946	7.44362	1
52.8491	0.502609	1
41.1482	-81.3311	3
42.4112	-83.6105	6
34.1682	-111.931	2
44.0595	-123.123	2
-29.3289	-49.8051	1
50.7406	-1.80867	3
57.4652	-4.20786	1
47.0249	6.99048	1
51.1982	0.172384	1
59.924	10.7067	2
-4.91685	-38.9252	3
-20.4615	-54.5989	4
38.4052	-105.26	1
35.6596	-80.1683	1
-1.31021	-47.9221	1
38.9501	-9.13701	3
37.2357	-76.515	5
42.5155	3.10434	1
36.9967	-91.0135	1
39.332	-120.361	1
34.9091	-82.2144	5
49.2884	-123.073	15
43.513	3.41615	3
-6.80723	107.139	2
42.2868	-71.7138	3
53.2739	-3.29565	1
27.3207	-80.4158	1
-26.4233	-49.1569	2
40.9527	29.1275	16
28.8592	-13.8663	1
45.3914	11.7935	9
-23.417	-54.5603	1
35.2373	-106.656	2
39.1232	-94.7484	6
56.3837	-3.43867	1
36.5125	-86.0749	1
52.3123	6.74582	2
38.488	-77.3902	3
56.1459	8.81087	1
54.1937	37.6289	10
27.903	-82.5331	1
49.0714	2.10159	7
2.89393	102.402	1
27.2421	-80.7899	2
33.2157	-96.6532	5
43.2421	5.36699	11
39.956	-75.2413	17
30.589	31.4804	1
41.1924	1.59882	1
-29.2431	16.8805	2
41.6018	-87.7542	1
38.8817	-91.3943	1
54.1521	38.4438	1
39.75	-105.558	1
-23.4057	-51.9683	3
39.3105	-94.65	2
30.4454	-84.2453	4
45.005	-64.6031	1
48.1432	15.0503	1
30.1792	-81.3687	1
43.6004	-83.8627	3
49.3636	7.07627	1
36.9529	-84.7007	1
-6.33977	107.664	2
53.5577	-2.04767	3
46.2533	5.65817	1
50.2511	1.88285	1
34.2071	-77.8721	2
41.0701	29.0	5
38.6751	-8.45589	1
53.3215	50.0679	8
-23.3995	-49.5154	1
57.1691	23.2264	1
30.9071	-83.3589	1
40.1889	-92.5794	1
54.1937	49.5073	1
51.046	2.84731	2
30.4784	-81.5706	1
-21.3646	-46.0058	1
47.6206	-122.143	11
3.58111	98.6676	77
-2.67947	118.872	1
36.974	-122.052	1
43.0352	-76.1391	8
-23.3384	-51.1724	1
52.5537	-0.250402	5
50.5012	4.47677	1
40.6706	-96.652	1
35.7549	-83.0694	1
36.7294	-120.064	1
38.131	-79.0487	3
-29.1058	-51.5365	3
38.2116	-85.7483	14
43.6111	3.16391	2
53.7374	-2.00867	2
48.6274	4.17626	1
42.8962	-78.876	10
51.3899	-0.451484	8
50.0821	-5.31517	1
50.9286	6.35983	1
-16.6428	-49.2612	14
29.9979	-90.0591	2
-23.3552	-47.9037	1
33.7572	-106.993	1
42.5772	-82.8389	2
14.8643	120.819	1
31.2919	-94.73	2
10.1561	-61.6826	1
51.879	-0.401884	3
50.7845	3.52402	1
18.8567	-97.1128	1
43.1671	-5.72113	1
55.5692	37.5654	7
48.2449	-2.23203	1
29.5818	-98.489	10
-20.5171	-43.7	1
48.3839	0.122438	1
14.5617	121.209	5
-25.3032	-57.5755	1
-22.1761	-47.3406	1
-23.0629	-49.606	1
56.1486	-3.9213	1
32.5356	-97.3083	1
-20.8804	-48.3085	1
52.0828	-0.739571	6
52.1237	4.58592	5
57.6936	-2.00728	1
52.543	-1.92909	20
26.1449	50.4751	2
53.3549	-6.2476	39
-29.7338	-51.0571	7
48.1356	11.5653	4
51.7099	7.7968	2
-33.7037	150.332	1
59.608	16.5522	1
18.9314	72.833	2
30.2194	-85.8574	1
34.7156	-82.2814	2
42.1533	-87.8782	1
34.7014	-86.6686	4
58.8188	5.70766	2
27.8773	-15.4801	1
-1.00247	100.443	11
36.7867	-4.10743	1
-6.89311	112.367	1
53.2905	-6.38791	7
25.559	-97.5474	1
44.9053	-92.9241	2
29.8347	-90.1104	2
43.856	10.2697	2
-31.5614	-52.3342	1
2.16317	102.43	2
45.3509	-122.662	1
52.9704	36.0825	3
25.8612	-97.5214	4
30.3165	-81.4797	6
-32.4485	-71.2256	1
6.67455	-1.5615	4
32.3111	-90.1888	2
-32.2121	-52.378	1
30.8674	-97.1519	1
48.4561	135.099	2
37.7628	-121.965	1
52.7528	6.71888	2
-22.478	-48.5463	12
40.9914	-75.1733	1
43.0204	-78.6558	2
-23.3107	-46.0125	5
37.2886	-5.79664	6
50.8577	5.70089	2
30.2788	-87.7124	2
38.3042	-122.477	2
48.7143	1.35211	3
38.4226	-82.4307	1
56.1385	40.4177	3
26.3001	50.1365	5
-26.8728	-49.1096	7
37.9873	-84.1847	1
37.5361	-77.2764	2
52.4143	-1.5192	4
47.0286	4.86334	1
43.7629	-79.1957	7
-28.0015	-50.3477	2
51.8451	-1.96941	5
-7.70896	110.014	1
29.4787	-98.6278	23
52.2143	-1.49341	1
60.4155	5.24505	1
41.5492	-73.004	3
39.9703	-94.9752	1
40.607	-75.3782	1
49.8513	20.2544	2
40.4314	-79.9806	25
53.1958	45.0387	2
52.8294	1.39689	1
53.1448	-1.1738	3
43.5398	7.00931	8
53.1821	5.80102	5
8.73724	-82.4347	1
-3.64955	128.225	3
58.137	16.09	1
41.2412	-80.806	1
1.34884	103.957	20
48.5629	3.28423	2
40.6344	-74.0261	62
24.4732	54.3815	5
50.0307	2.32702	4
47.1425	6.19758	3
36.3318	-92.0202	1
37.7914	-3.74254	5
41.5634	-72.1567	7
38.8778	-99.3181	5
32.6782	-83.1783	2
-14.8623	-39.353	2
41.7858	-86.2464	3
54.2087	-7.06555	2
-33.6512	-70.7097	2
-21.2388	-47.9779	1
42.3315	-88.0934	1
51.4354	22.7186	1
37.1141	-89.9019	2
33.588	-79.0377	4
36.025	-86.8144	9
-27.1649	-48.5994	2
53.7952	-1.46495	9
-3.96821	122.498	1
44.4362	26.0559	1
45.7681	-122.541	1
18.4976	73.8184	2
42.4442	-85.6514	2
53.0326	-1.34094	1
54.5977	-5.92651	20
55.3259	11.3906	3
45.5353	10.2238	1
0.0269333	-51.0723	28
25.8102	-80.1401	10
42.5822	-77.154	1
-6.62826	106.672	26
40.5997	-111.95	9
54.904	-1.5427	12
55.8	-4.59595	1
31.4452	-97.2004	2
32.5391	-92.0763	1
42.0779	-76.8072	3
54.4968	-1.35517	1
41.2777	-72.9648	1
51.0047	-3.14983	1
37.2692	-119.307	12
32.8207	-96.7315	12
43.2273	-88.0962	1
-22.1868	-49.9589	4
-18.7968	-40.0622	1
55.7984	49.1952	13
35.5177	-91.9563	1
32.5762	-86.6807	1
57.8106	28.3618	1
19.8155	-99.8463	1
-3.98355	102.426	2
41.6601	-4.72948	13
32.2843	-80.9106	1
1.02923	124.721	2
-0.0324076	110.109	1
42.2772	-122.818	1
36.5846	36.1711	1
41.4297	-74.1543	1
33.586	-84.0883	5
41.0571	-85.0143	1
39.4012	-6.44079	3
53.5335	-1.10698	3
52.1715	5.64248	1
45.7539	9.29026	2
36.0652	-94.175	3
-21.8793	-47.9053	1
40.8685	-73.4489	1
-28.7189	-53.5192	2
5.54288	-0.241468	10
42.3677	-84.0671	1
40.8456	17.2979	1
32.4116	-81.0081	1
53.2204	-0.558267	7
36.7989	-94.882	1
-7.12368	112.128	1
38.653	-8.30589	1
41.9649	-87.7262	36
41.6577	-83.6181	2
-29.392	-50.9007	3
4.68095	103.146	1
-7.65408	111.35	4
39.9347	-91.3754	1
36.3576	-86.5137	1
33.8853	-117.6	3
56.2847	43.851	12
51.5947	-0.777979	2
51.5905	-3.33315	4
46.1974	-1.04318	1
41.149	27.8107	1
39.6404	-75.6658	3
-4.34107	119.887	2
52.9538	-1.1665	10
41.7597	-88.3011	8
-6.38408	-47.0995	1
50.6921	4.03695	1
44.7771	-89.6805	1
48.2048	6.48733	1
52.5094	4.64422	9
51.5207	-0.142822	8324
41.0488	28.684	4
59.666	10.7488	1
-26.1206	-51.0906	1
38.9717	-5.79067	2
6.49359	3.39248	7
50.053	11.6674	1
40.2206	-74.7516	8
50.9459	1.84811	1
-37.1059	-56.8519	1
33.3919	-111.928	7
-33.005	-71.2536	1
50.652	-4.03372	2
7.84143	-72.1936	1
34.9296	-85.1719	1
52.4567	5.93873	5
30.1307	-94.0101	2
-7.44021	110.68	3
40.1114	-85.6731	3
-8.15917	114.392	2
39.801	-8.79559	4
40.403	-74.1264	1
48.4658	-108.758	1
17.8216	-98.1282	1
-5.57916	-39.4606	5
53.3208	-1.51135	5
56.0357	-3.83038	2
52.3798	9.76148	1
33.1054	-86.8645	2
31.9814	35.8436	1
37.0765	22.4227	1
43.2137	-77.4209	4
-23.0595	-46.972	6
34.7749	-87.6893	1
43.6707	7.15032	19
55.862	38.4444	2
49.0611	2.31107	2
56.6595	23.758	2
33.7241	-85.6721	3
51.7967	0.636477	1
44.2355	-123.211	1
51.5698	-0.505873	7
47.8924	-97.0514	1
30.6261	-87.059	1
43.2618	-71.5846	1
55.3419	-1.73272	1
42.1135	-80.13	5
36.3274	-86.7057	1
42.6526	-78.7555	3
39.9859	-90.7643	1
31.6395	-94.667	1
55.7496	37.8156	2
44.985	-93.2394	13
34.8636	-88.6492	1
51.3591	-2.62221	1
23.4681	-106.272	2
40.9471	-72.6707	1
-5.79927	-35.2213	42
47.8737	1.91213	5
4.21989	100.592	1
33.7611	-84.114	2
27.5458	-99.5723	2
56.4602	-2.95693	1
39.6352	-104.889	20
42.3723	-76.5305	2
14.7819	100.606	3
46.5285	6.32263	1
51.9501	7.62409	3
-8.40952	115.189	3
44.0358	-78.8645	3
52.5066	-0.70217	1
51.9413	10.1251	1
37.1722	-121.06	1
40.7764	-111.92	19
41.2153	-79.3847	1
40.6795	-8.43651	2
37.3702	-81.0918	3
55.3983	10.384	1
32.2187	-101.498	5
47.1136	6.82645	3
52.9483	4.77601	2
53.7749	-2.84558	1
-15.8497	-48.1239	3
57.1558	-2.20286	8
-23.3183	-46.2253	3
36.3982	-94.2187	1
23.2419	-106.409	1
38.5617	-121.461	9
33.789	-117.496	3
-22.7811	-42.1396	4
46.3975	6.57885	3
41.8597	-80.7876	3
38.863	1.28645	2
44.4669	11.1997	1
32.7995	-97.2914	10
-1.88282	106.176	1
34.1827	-119.225	1
-22.6804	-47.0163	3
54.5994	-7.30001	1
43.5438	4.65135	1
40.7209	-74.1489	14
-4.36208	-38.0899	1
61.3114	-149.553	1
33.9794	-118.019	32
48.2274	20.305	1
36.856	-120.452	2
43.697	-7.44022	1
20.6735	-101.34	1
34.9806	-95.858	1
26.2047	-80.2306	9
38.8617	-77.7739	1
4.24977	103.444	2
41.8703	-80.1213	2
43.4926	6.72625	2
50.812	3.30205	1
40.2333	-76.8217	3
35.1952	-78.9607	2
1.57723	110.366	5
41.5827	-93.6308	5
53.5389	-6.36081	2
48.4008	2.98945	1
5.39716	100.315	49
46.0207	-70.6731	7
45.395	-72.6625	1
37.9168	-1.11781	2
53.5342	8.1395	2
2.50099	102.993	2
2.01926	102.783	1
44.4162	-104.356	1
39.3062	-80.2443	1
3.47134	101.173	4
38.5983	-9.11333	14
38.4789	-107.878	1
51.7676	-0.575282	2
53.459	6.62288	5
46.7913	17.1904	1
41.9983	21.4353	1
37.5247	14.2919	1
51.1998	5.535	3
-7.03684	109.58	1
-1.27293	-48.4598	40
9.01844	7.49814	3
-28.2499	-54.3217	1
-29.9006	30.9726	4
11.6629	4.06431	1
41.8761	-93.8225	1
45.0465	-89.6741	1
35.9876	-83.2784	1
51.93	4.38419	23
-34.6132	-58.3772	5
34.4601	113.004	1
41.9819	2.81253	1
45.0538	39.0332	5
35.0826	-106.678	4
37.9976	-121.825	3
-37.9076	145.14	1
32.034	-81.0504	2
37.1195	27.393	4
53.68	9.37269	1
43.6813	-70.4487	1
-4.00625	39.5939	1
53.4301	14.6255	2
49.0082	-122.736	2
-12.124	-60.2921	3
-17.8188	-50.5856	1
-8.09948	111.915	1
37.7185	-121.443	1
26.8418	-80.1632	3
11.5558	104.936	1
54.3179	48.4689	2
39.4224	-0.352546	10
-1.28854	36.8103	8
45.0728	7.67575	3
41.8685	-72.8176	17
42.6343	-71.3294	3
10.3311	-72.3121	2
41.0523	16.7039	1
-0.943778	-80.7266	1
53.8222	-2.71083	5
4.70968	-74.0314	12
46.3621	-94.1875	1
41.5008	-99.6809	1
39.3453	16.2425	1
57.8456	39.1423	1
40.073	-74.7243	2
1.91295	103.015	17
19.2375	-103.705	1
40.463	-74.4214	10
-4.27875	15.2637	1
6.08409	116.165	4
32.9818	-111.529	1
37.0441	-120.844	1
28.087	-81.7275	1
56.2162	-3.42732	1
35.6	-5.65354	1
-24.1216	-46.683	2
36.7455	34.5434	3
53.8572	-2.16499	1
39.9252	-76.6928	1
42.2979	-85.0535	2
49.3817	1.03412	9
33.5774	-117.214	1
20.1829	-100.139	1
45.2482	-75.8001	5
61.5218	0.00022	7
37.9114	28.3132	1
59.6443	17.9285	2
41.4727	12.8725	1
41.721	-86.9057	1
29.5862	-95.6384	8
52.4687	-0.936134	1
37.9111	-85.9567	2
-23.2011	-46.9084	8
-22.2332	-43.888	5
39.843	-76.8337	1
48.2664	3.27882	1
2.39449	111.874	3
59.9196	16.6131	2
-38.1175	147.088	1
-19.7537	-47.9503	1
38.2922	-80.988	1
48.3966	2.47701	3
-7.39897	109.253	2
-8.98489	-64.5216	1
31.5452	-84.0774	2
32.5228	34.9149	1
34.2668	-5.92011	1
40.2748	-8.59582	1
50.2133	19.007	6
6.6828	3.20866	3
37.5576	-90.3063	2
18.022	-92.9165	2
47.9909	1.22041	1
54.3305	-6.63649	1
48.2215	15.7608	2
34.2165	-119.034	2
40.8454	-124.053	2
32.3069	-95.2831	1
54.3807	-5.54366	1
44.0388	43.0507	1
48.7985	-122.423	2
31.1473	-95.9826	1
39.7044	-81.5046	2
37.2386	-77.4181	1
48.4164	-123.318	1
61.1089	-149.44	1
46.8086	-100.748	2
4.23955	103.192	2
34.4746	-92.9972	1
-21.7056	-50.8647	2
-22.8695	-47.208	4
-37.4765	-73.3483	1
47.7829	-2.91644	5
-31.4329	152.9	1
33.9509	-83.3995	7
43.2607	-79.9135	10
-21.4822	-43.5053	1
32.215	-98.2162	2
44.5036	11.3906	1
47.0797	5.47161	2
39.8577	-84.3881	1
43.4646	-3.82615	3
41.5573	-71.4979	3
39.1006	-76.8897	8
42.0179	-93.6984	2
34.1108	-84.1106	2
-14.0756	-75.7273	1
34.1078	-107.243	1
53.8871	-8.77612	1
39.983	-82.9772	6
39.0947	-9.04127	1
52.3368	0.993472	1
50.9138	-1.40057	5
41.808	-71.4513	6
35.4061	-119.132	3
48.6602	2.57665	16
38.2753	24.508	335
-0.267927	99.9988	1
39.3285	-82.1016	2
52.7864	-0.143391	1
-7.04578	-35.6004	1
54.2707	-8.47782	1
36.8687	-2.3737	1
51.967	1.36254	2
-40.9889	145.729	1
38.4605	-76.482	1
21.0981	-101.601	2
53.401	-8.30764	2
51.2645	5.89651	8
43.8942	12.8673	1
35.4368	-77.6615	1
18.473	-69.9371	4
-25.1835	-49.3144	1
54.5527	-0.791796	1
19.8818	-101.412	1
-6.98644	110.367	33
59.4064	5.23726	1
42.3912	-87.9335	7
50.786	16.2979	2
48.2321	1.84914	1
37.2054	-1.81757	1
40.632	17.9034	1
41.1616	-8.16712	1
-22.5842	17.0832	11
-8.28715	-46.3713	1
45.4423	9.30439	4
52.1306	11.6235	1
7.10509	125.602	2
51.7205	-91.8229	1
51.536	0.0947554	15
35.0125	134.996	8
-22.2336	-47.0165	1
38.6876	-9.30497	4
47.0734	-122.231	1
45.5846	8.57615	1
37.978	-122.52	2
50.8841	2.47688	1
53.0268	5.64961	1
-7.57724	109.233	1
51.8879	-8.61668	1
20.3912	-99.9904	1
-22.8566	-45.2352	1
46.7306	-117.167	1
46.9659	-65.6197	2
34.648	-77.3265	2
50.5977	36.5848	1
42.2997	-83.2478	17
44.617	-76.6916	1
-0.466006	117.154	6
55.5027	9.4562	1
-15.8845	-55.1062	1
-12.8753	-38.5026	22
-23.194	-49.3852	3
52.7044	5.2926	4
-41.2922	174.773	2
6.16395	-75.6315	4
-3.12394	-47.6536	1
-20.1841	-42.0865	1
54.9942	-6.56471	1
41.7637	-72.5075	2
18.9157	-99.2445	1
33.4337	-117.62	4
-32.5623	115.751	1
-6.77035	-36.3964	1
36.8636	-120.783	2
38.999	-81.9914	1
34.509	-92.6973	1
64.5245	39.7407	2
38.5793	-121.311	1
31.6148	65.5871	1
1.60032	-52.378	1
33.756	-7.21413	1
47.8279	-122.3	9
39.7666	-86.4413	7
51.8534	-10.3272	1
34.5854	-118.101	6
33.4577	-111.683	2
42.3961	-82.1607	1
41.0181	-73.938	10
57.1488	-6.10128	1
54.4844	-5.73389	1
43.2689	-93.6433	1
30.5594	-97.8599	2
41.6875	-91.8709	1
35.1634	-115.9	2
39.082	-108.6	1
-25.5347	-48.5114	1
33.5827	-85.101	4
28.5559	-81.1319	1
56.2576	-120.831	8
41.9327	8.70883	7
34.2385	-116.949	1
37.7703	-122.436	56
40.0548	-83.2924	1
35.66	139.701	29
39.9568	0.263752	2
52.307	104.253	1
40.0691	45.0382	3
50.6472	11.9849	2
-33.6594	-70.9174	1
51.4463	-2.48104	15
52.5068	13.4246	7
50.5986	19.3349	1
41.6915	-0.927332	4
52.7907	5.14252	2
2.71563	101.953	28
36.4751	-95.0172	1
51.2355	5.67891	5
51.2384	6.81431	1
19.8167	-90.5269	3
3.63298	114.533	2
56.8949	23.8435	1
53.0943	-2.40526	2
35.1595	-98.4425	1
24.9517	67.0464	2
39.074	-94.3897	1
22.2859	114.174	3
40.2968	-74.3624	2
39.1101	-9.27397	1
42.1971	-8.77156	3
29.4624	-98.3704	1
-7.68547	110.641	2
8.44922	4.52141	2
45.7627	-73.4422	1
35.1465	-90.1923	2
38.667	-121.137	1
52.2944	5.78726	1
51.9595	5.97647	17
-1.58504	103.629	4
53.0715	-1.99367	2
35.6155	-87.0352	1
15.3462	120.957	2
52.1675	-2.40598	2
-21.1871	-50.9449	1
-21.3472	55.4952	2
-26.6754	153.1	2
39.3762	-94.7775	1
41.1621	-8.62191	9
40.1315	-79.8596	1
-23.6828	-46.5955	288
12.9119	77.5651	2
52.0081	5.19539	16
53.6726	-0.0237098	1
38.3553	-0.515521	3
42.0901	-78.4347	1
42.368	14.1553	1
-25.8759	28.1195	2
48.1159	-1.68833	3
43.4782	-80.5283	3
38.9141	-94.7906	3
-14.5043	-56.8506	7
21.6117	39.1318	9
43.3997	10.8917	1
46.8415	-71.3703	3
38.4459	-122.762	1
3.35359	101.253	19
40.1159	-74.9903	1
41.4238	-81.8383	9
-6.84681	106.761	5
51.56	0.236186	14
24.81	67.0434	1
41.4266	-75.646	2
36.0018	-78.9011	1
14.7693	-88.7776	1
41.9356	-91.6695	1
-22.7106	-47.7943	9
53.5927	-0.575417	2
36.4486	-77.0942	3
-23.5339	-47.0999	1
54.8902	23.9267	2
-34.1218	18.4889	3
32.8995	-80.7065	1
40.2558	-79.9926	1
55.0432	-1.43874	1
52.6004	19.1766	1
35.9484	-87.3319	2
3.82881	103.217	17
-4.14271	137.094	1
53.5906	10.0006	2
50.5841	21.686	1
43.5988	-84.7672	2
36.7347	-79.4286	1
-18.3797	-49.4663	1
52.4472	5.21763	3
40.5647	-74.6836	2
48.2218	22.0752	1
-33.731	151.012	6
-7.29068	108.004	3
50.7162	-3.48493	3
42.9259	-9.26292	1
44.8638	-0.586176	13
35.1814	-89.887	3
36.0717	-79.8036	15
40.3441	-75.8734	1
-28.71	-55.8067	1
-25.4539	-54.4571	3
45.1453	1.5144	1
-22.5824	-46.6999	1
49.0002	1.1543	2
46.5287	6.6419	5
41.0195	-73.7194	3
41.2366	-8.33199	5
6.27528	100.418	4
32.1305	-81.2396	3
48.6451	-2.83042	1
-15.5959	-56.072	1
-22.1609	-54.8613	2
40.2651	-78.8354	2
30.0374	31.0145	3
-6.90115	112.06	1
36.3061	-109.213	3
29.3677	-98.5222	12
53.7619	-0.331982	4
7.11428	-73.1175	3
51.2216	22.5635	5
44.3103	0.0894421	1
44.9874	-92.7208	1
-7.15762	110.29	1
32.4437	-81.7724	3
48.7263	2.26962	54
38.4194	-82.2704	2
53.558	-7.46394	1
42.1104	11.8025	1
16.0479	120.348	1
57.2485	34.5535	1
46.14	-122.947	2
51.265	-1.08965	1
55.5069	13.2509	1
53.1682	15.4249	1
3.89572	103.077	6
60.3591	5.42348	1
42.5699	-83.4998	5
40.9124	-74.0968	11
52.0747	23.7268	2
35.2508	-81.6682	1
37.5391	15.1298	2
-19.4455	-42.6011	2
50.4214	-104.528	1
51.8557	54.9668	1
42.8868	-87.8634	5
-7.30713	110.124	9
42.2517	-73.8931	2
30.075	31.2728	7
0.0	0.0	60
-34.8903	138.674	6
54.104	22.9291	2
52.0759	-1.0295	1
35.0674	-79.0216	4
38.5297	-82.6799	4
-0.931182	122.863	2
-21.2084	-41.8873	1
26.4226	-82.0884	1
-16.7033	-47.5108	1
51.8305	4.98956	1
29.9615	-95.5706	5
47.5734	-52.7263	4
58.2858	12.2891	3
45.1003	-0.0383827	1
41.9383	-93.3898	4
36.5916	-87.2621	1
37.3511	-85.337	1
-25.5458	28.1409	1
31.9125	-106.426	2
-27.0077	-48.6232	1
51.204	16.1524	1
-0.789275	113.921	1
50.3918	18.6009	1
51.1433	0.855498	1
2.83505	101.593	15
57.642	18.2971	1
1.64526	103.594	13
45.6593	-73.5982	2
52.115	6.49759	2
49.8538	-97.2044	6
28.2676	77.0624	1
35.6397	139.534	2
-8.58183	116.107	1
21.0487	-87.0318	1
53.2704	-1.30396	3
54.7239	-1.47331	1
-26.2918	-48.6681	1
48.6617	9.00354	1
39.4207	26.8072	549
39.2855	-2.79614	1
50.6246	5.59934	1
3.42091	101.441	2
9.4602	-70.4718	2
-26.8143	-49.2703	1
39.9266	-105.165	6
46.8763	-114.006	2
41.5117	-81.4575	14
55.9403	-4.81678	2
39.7291	-75.542	1
18.1451	-94.4405	1
50.7652	-2.00233	2
50.8881	4.0591	3
40.7045	-73.3628	5
9.52304	123.138	1
35.8676	-90.7701	1
-8.75043	-63.8704	1
33.6245	-80.9266	5
-8.9109	116.745	2
46.2302	7.36542	1
52.3412	-1.0693	2
20.5365	-97.4475	1
52.573	-1.547	7
2.29916	102.912	3
48.7376	7.05268	1
43.0731	-89.399	7
42.9501	-81.3672	2
22.1429	-100.919	1
16.2511	-61.6637	2
-16.4838	-54.6274	1
39.4336	-76.269	3
52.6099	6.06914	7
37.7525	20.888	1
56.8385	53.2184	1
-6.6853	106.931	4
45.7833	-108.516	2
43.6535	-79.3839	57
41.5425	2.4392	1
53.3014	-113.561	1
15.5495	32.5759	4
41.9413	2.63805	1
43.1772	-73.043	1
39.6539	-78.9291	1
44.3692	9.31641	1
8.10772	-80.9751	1
42.2722	-78.6703	1
39.3958	-84.5605	2
38.4214	-75.0576	2
-21.6479	-41.7483	2
32.3748	-96.12	1
24.108	-110.855	1
51.576	4.64267	10
-22.2823	-41.9777	2
45.5912	8.01539	1
-26.7559	-53.1977	1
42.2746	-85.6202	6
52.806	-2.88644	1
18.125	-66.4993	2
38.3318	-76.4214	1
45.1859	5.74623	7
64.5713	40.522	2
27.6439	-80.5049	2
50.0799	45.3835	1
55.8001	-4.85029	1
38.1084	-0.870834	1
-16.6482	-39.2913	1
33.9496	-84.5168	6
54.2721	-2.79158	2
56.3385	9.88076	1
45.5992	5.10901	1
19.4325	-99.1534	76
49.9716	24.4621	1
37.3831	-5.92359	11
29.8133	-95.7075	2
39.2748	-76.8353	1
40.5971	-98.375	1
52.0505	7.4717	1
53.2791	34.3808	1
57.6811	11.734	2
-22.9195	-43.073	13
-6.75317	111.051	1
48.2157	3.74164	1
-7.96043	111.037	6
-7.82665	110.216	2
56.8388	60.5957	20
35.4049	-87.2806	1
43.9268	-79.5362	1
41.0905	-85.1638	11
48.8292	44.7576	3
34.8333	-82.3691	8
40.1932	-85.409	6
35.2094	-97.4223	1
3.8941	11.5099	2
60.5779	15.609	1
51.8039	55.1908	1
53.2975	-3.06865	3
35.2534	-94.4726	1
55.7559	37.5483	120
44.0629	5.05845	1
40.2254	-8.45231	3
21.3103	-157.864	15
35.6791	-88.7803	1
24.8214	-107.388	1
52.8706	6.54419	2
-26.1021	27.7268	1
49.9159	2.18475	2
34.0209	-118.211	128
41.6429	-86.0275	1
47.4815	-0.563019	3
51.6959	4.87839	4
-20.9017	-51.3796	1
39.4534	-77.5046	3
30.1129	-95.5558	4
34.7572	-86.9804	1
41.4986	-81.7058	7
36.3606	36.219	3
41.1573	14.7891	2
49.3715	6.14425	15
-3.29005	102.875	2
53.4048	-0.78186	1
-6.98694	107.843	4
-7.64219	110.449	27
57.7686	40.942	1
42.3144	-70.9703	22
1.48168	103.665	12
40.9544	-5.67915	1
43.9138	-79.0283	1
49.6116	19.3258	2
42.4131	-3.68693	2
52.1088	-2.08711	1
44.5309	4.40036	2
22.7306	-102.694	3
53.3978	-0.476303	2
43.6134	2.24476	1
-1.75216	112.635	3
38.7617	-3.36465	1
-23.9555	-46.5075	4
33.9112	-6.97022	6
44.2967	-88.3551	2
12.6617	78.0122	1
43.1754	-83.7385	1
40.4778	-3.70352	46
29.4904	-95.1061	3
42.8274	-1.61887	1
37.4095	-76.5275	1
-23.9108	-53.9545	1
43.276	-8.2247	1
48.762	1.8379	5
35.834	127.137	1
42.2733	-83.7377	1
53.2132	50.2547	1
41.5124	-87.6356	4
49.3081	2.61529	3
35.7313	-81.319	1
43.6134	39.7181	1
3.89007	100.878	3
41.718	-85.8341	1
48.6407	2.42436	21
11.0095	-74.7949	10
51.6343	5.95179	3
38.3975	-86.9289	1
46.1402	9.42872	2
31.1689	-100.077	3
-35.4536	-58.788	1
41.0945	-80.6395	1
50.749	5.05229	1
42.0722	-88.1518	2
37.3117	-121.999	11
39.8037	-89.7343	2
54.5407	-1.59266	2
43.6491	6.85604	4
-22.0668	-42.9237	15
46.5032	-1.7687	1
56.8499	14.8234	1
53.1366	6.73306	6
-0.930248	119.9	1
47.239	7.48914	1
33.6512	-112.137	5
47.7723	-122.165	2
49.5411	7.46451	1
51.2606	4.35816	4
54.7042	20.472	1
53.4052	-2.26044	35
43.0984	-75.228	2
4.43242	101.218	4
41.3941	2.1393	22
46.841	0.81094	1
9.15714	7.33536	1
38.0284	-84.4716	9
50.9606	4.18403	1
36.5829	-85.1384	1
38.9496	-104.748	4
51.5051	4.2956	7
37.5263	-94.8392	1
42.0184	-83.9425	1
53.5884	-116.452	1
39.4399	-8.14751	1
42.486	1.52911	1
54.0214	-6.42718	9
34.1127	-117.182	2
61.1842	-149.812	2
33.6017	-7.60975	33
32.7503	-117.156	5
-29.7146	-52.4269	1
48.6475	44.3981	6
39.8245	-7.50529	3
37.1429	-5.92161	1
-23.621	-46.7853	32
55.8694	-4.38972	9
41.5659	-74.4478	1
38.2633	-0.71143	2
25.0343	-101.167	1
-23.5231	-46.5556	9
42.9466	-71.4655	1
51.8426	5.83296	8
-7.5523	110.821	22
36.9308	-76.2397	2
48.3532	11.7862	1
49.9996	9.08881	1
48.5962	6.51038	1
-15.3231	-49.1073	12
39.9341	140.898	1
-22.5245	-44.0809	2
29.7052	-95.3018	41
59.1948	17.8126	1
7.25941	5.25538	3
28.197	-82.5046	1
47.2924	-2.36218	3
3.98799	113.749	2
42.5784	-75.4433	1
31.8975	-98.6118	1
21.8441	-104.742	1
-6.62572	110.701	1
-21.6181	-48.4446	2
36.304	-97.2829	1
45.5255	-94.1515	2
41.2512	-80.4792	1
49.2644	-84.7477	2
34.9671	135.773	4
-38.2156	144.519	1
-7.80844	110.363	72
31.8647	-102.406	2
45.6678	9.4408	1
42.2253	-71.9467	1
-7.54266	-38.5383	1
53.8927	27.5876	6
42.1404	-72.7692	4
-23.8107	-47.1875	1
46.0023	5.17038	3
34.0203	-6.83744	22
52.7706	-2.10984	1
-6.49359	-76.375	3
-24.6678	25.9267	3
34.5698	132.753	1
38.9965	-76.7923	5
36.7511	-3.95517	1
46.5278	6.82599	2
-23.3921	-46.4538	15
48.5303	2.25007	2
13.8742	-88.628	3
25.1917	55.2757	3
40.7693	-77.131	1
44.7862	-63.6921	2
19.2524	-99.5724	3
37.1868	-93.6137	1
40.1579	-75.8825	2
38.8634	-76.8666	10
37.0685	-88.6207	1
24.9648	-80.5629	1
37.4094	-1.5663	1
30.3997	-9.52413	4
50.4791	4.14984	1
48.6178	-2.10012	1
41.7283	-87.9816	4
-4.51112	126.44	1
40.3653	-82.6694	5
37.2765	127.044	1
38.4157	-78.8455	1
10.4845	-66.8746	6
50.7296	4.22575	1
51.1534	71.49	1
21.079	-86.7735	1
45.6876	11.8892	1
40.1841	29.0566	5
43.3106	-4.71064	2
-5.10937	105.303	1
25.6752	-80.4276	3
29.8881	-97.892	1
45.3763	-87.9475	1
52.3684	-1.27442	2
49.1238	1.43141	5
52.6232	1.31921	2
34.883	-77.245	1
21.414	39.5144	1
7.13751	124.612	1
-26.1568	-52.6728	1
-45.8719	170.486	1
36.3328	-80.3568	2
52.2374	6.10948	6
38.5543	-90.3755	4
53.8096	87.2221	1
-19.6251	-43.2277	1
2.92422	112.608	1
43.3841	-5.84247	2
45.0014	-93.4743	1
43.9547	-99.2227	1
35.1898	-101.918	2
39.7561	-122.202	1
-8.68598	115.438	1
35.2321	136.955	3
51.1754	-115.566	1
35.9978	-95.6984	1
-22.4652	-50.6364	1
-30.2041	-50.8677	1
53.8736	-0.476865	10
41.5562	-93.7708	4
41.4945	-94.5251	2
39.3232	-76.4598	11
34.364	-89.5391	2
43.3837	-94.3128	1
45.0097	0.171737	1
-8.26754	113.682	1
40.7333	15.9317	1
52.3834	13.1196	4682
2.75532	98.3076	1
-4.35851	-41.7643	1
-6.64378	-36.8683	2
52.0312	5.66542	7
32.2871	-94.3592	1
33.8898	-118.156	12
44.3212	-61.8117	2
-8.69894	115.173	43
26.2348	50.5921	1
19.1931	72.975	3
54.8516	-111.426	1
51.5046	-3.12327	10
10.1837	-68.0063	2
44.0012	-71.5661	2
-7.38616	108.538	3
35.6915	-78.5771	4
43.8587	10.4683	1
40.6994	-99.0994	1
4.24884	117.907	4
10.7897	-71.6792	1
46.9022	-102.77	1
51.0787	1.18526	1
52.235	5.00986	1
44.1454	-120.583	1
56.8106	24.6057	1
33.8351	-117.846	8
34.7616	-84.9483	1
53.1283	-0.231343	1
49.2754	6.39987	2
46.3209	-0.52949	1
-1.82527	-80.7543	1
37.1473	-92.7722	1
44.4267	-73.0868	1
-1.10894	37.0139	2
32.7667	-96.5968	1
35.8577	136.171	1
56.8742	16.6665	1
35.96	-83.9313	6
46.0091	-92.9033	1
18.6521	-91.8152	1
42.9907	-85.9508	2
-1.74911	102.839	23
51.3241	-1.92567	3
37.1804	-3.59799	8
30.3159	-81.6536	3
40.0038	-79.0815	2
41.0576	-73.5132	7
35.3167	-83.1898	1
40.3282	-3.88425	1
35.6027	-84.4459	1
38.4394	27.15	9
50.9021	4.48124	4
51.7131	5.31818	10
41.5372	-72.8019	2
49.1846	-0.372109	6
46.5457	16.9994	1
38.1167	-122.277	3
47.1822	18.6163	1
-7.63081	111.533	2
36.556	-4.68427	2
33.9839	-84.7782	1
4.47383	101.041	2
42.5051	-71.2049	3
33.1851	-84.3115	2
-24.2662	-46.9591	2
-19.6019	-40.7725	2
49.1994	-122.913	2542
59.3337	17.98	16
28.5265	-99.8651	2
-22.916	-43.4474	101
42.9554	-88.4827	2
36.981	-86.4563	1
49.2574	4.03077	1
5.28187	115.251	1
42.5654	20.9269	5
30.0836	-95.9871	1
56.1766	-3.037	3
38.9202	-80.1817	3
38.9369	-0.14792	1
27.561	76.6245	1
44.723	-88.6707	1
49.2815	-0.535173	1
40.6566	-4.63498	2
0.358564	32.6198	5
42.3525	-2.13711	1
35.8756	-84.6885	3
32.4177	-97.7507	2
40.7994	-74.4787	4
58.5601	50.0976	1
61.5218	-75.0065	7
52.7324	41.4335	1
57.6508	39.8704	3
36.4661	-5.02556	1
45.5249	11.6327	1
34.8845	-79.695	1
36.3188	-119.643	1
35.4825	-97.4792	5
44.1264	4.80182	1
38.2983	-77.4899	1
38.5397	-76.9946	4
34.3689	-92.1775	1
40.759	-124.193	1
33.3656	-82.0696	3
49.7	11.6066	1
43.7952	7.49108	1
37.425	-122.17	3
-22.5307	-43.4717	1
45.0413	11.8577	2
36.1133	-5.48741	3
53.1264	6.34357	2
-12.6734	-38.5389	2
-6.38181	106.989	35
42.5181	2.79374	2
-29.3292	-51.5004	2
51.299	3.82498	5
50.4207	3.13386	3
2.77129	101.82	1
-7.46551	112.703	12
17.6225	121.711	2
40.6189	-0.0989492	1
35.6051	-77.3773	1
40.1093	-83.7553	1
46.5847	0.371571	8
53.0335	-7.30344	2
-53.1552	-70.9437	1
40.5058	-80.2081	2
1.55691	104.227	1
51.4736	5.6531	26
-34.5767	146.99	1
43.6438	5.04615	1
34.1243	-117.558	22
4.09704	101.3	1
51.6662	-0.0841948	8
41.242	-81.061	2
47.6161	-122.327	18
53.0773	-0.636605	1
-19.4465	-44.2944	3
39.7819	19.9285	2
3.38917	101.631	7
23.6914	-166.6	1
39.9631	-86.2757	3
45.2445	-93.3257	1
-33.5859	-70.5605	1
35.2235	-90.7904	1
51.9037	-9.03369	3
42.9883	12.7815	1
47.2336	-82.0781	2
52.7256	5.69742	1
21.9791	39.1228	1
48.0297	-122.077	2
46.1383	4.75048	1
-22.697	-46.8066	1
5.51292	103.047	5
36.2179	-81.728	2
43.9581	7.81506	1
39.8702	-75.0111	3
-20.4274	-40.3758	8
40.4458	-8.75384	2
20.6767	-103.337	12
50.5301	2.64403	2
53.4066	23.5021	2
54.6744	-1.26564	3
49.156	2.44043	3
32.8402	-79.8531	1
36.7967	-4.68937	1
45.4126	-71.9555	1
-35.4478	147.612	1
-33.0535	-70.8753	1
-3.13832	-60.0125	28
43.7807	11.2448	5
52.0769	4.3064	20
54.1479	45.2109	5
52.958	-6.39532	1
-29.9437	-50.9801	3
45.4323	12.333	1
38.7852	30.534	1
51.569	5.4718	11
21.8495	-102.327	3
33.2326	-97.2286	3
47.913	33.426	1
37.8958	-85.2329	1
52.981	-0.0211293	2
22.2925	-97.841	4
30.0026	-81.7187	1
10.3926	-75.5058	1
33.8933	35.4818	12
41.938	15.0664	1
39.2801	-7.42612	1
5.49076	100.436	6
39.5469	-85.7753	1
52.1255	1.40801	4
2.83755	102.203	1
52.9675	5.78885	6
-3.34969	114.619	6
49.1177	6.71294	1
36.1046	35.9353	1
56.1308	47.2532	1
31.7897	-115.229	3
33.0826	-83.2252	2
34.1539	-99.2509	1
51.2385	6.0479	2
33.5757	-86.3769	1
43.1168	-79.3299	2
48.8138	3.07337	2
57.7372	12.3094	2
22.3111	-100.956	2
41.1774	-112.023	2
34.9417	-81.928	2
54.6851	-1.79769	7
-19.6295	-44.0563	2
43.6278	-89.7758	1
52.3898	6.30199	4
20.5844	-101.196	1
43.9481	4.53834	1
34.6832	-88.5927	1
48.2839	6.95056	5
-23.7363	-52.5974	1
48.2933	8.21575	1
41.5975	-87.0718	1
52.3461	5.4624	5
36.9339	-82.6324	1
3.75422	101.949	1
38.8766	-121.301	1
39.9323	-89.5681	2
51.1477	-2.72409	3
36.1704	-86.7022	5
49.1079	6.16581	15
35.5279	-108.691	2
43.2258	76.9276	3
36.5982	-88.3264	1
-36.7922	-73.0835	4
39.4622	-77.9679	2
57.7466	-4.68754	1
33.6378	-84.4392	2
42.3456	-7.85957	1
37.067	-82.5289	1
-14.2393	-53.1848	25
-26.9406	29.2329	1
47.352	-122.13	2
1.73221	103.887	2
40.7889	-72.9585	3
54.8293	37.6089	1
29.8534	-95.2502	1
-20.2664	-50.9477	1
56.5222	84.982	4
34.9388	-81.0267	3
4.17777	73.5125	5
40.1525	-91.2029	1
39.3259	-8.72121	18
41.594	-70.9703	4
47.8553	-4.05202	1
27.27	-82.5524	1
55.9229	37.8668	6
40.9667	27.4966	1
-22.7241	-47.2901	6
47.7402	-3.42665	1
42.8657	-94.9738	1
40.9126	-73.8294	5
-7.02496	-37.2716	8
-14.5329	-49.1422	1
-1.71186	113.698	3
0.737806	124.312	1
38.9152	-77.0471	24
56.5777	-4.08247	1
51.7487	18.0776	1
58.5905	49.6388	3
42.2364	-84.4542	2
59.1333	9.08252	3
39.202	-96.5142	6
44.805	-91.4403	1
53.7766	20.4672	2
36.9419	-120.056	2
31.6125	-106.275	6
54.2834	-1.59551	1
51.5563	3.59027	3
38.4642	-94.342	1
43.3693	-1.4446	1
-26.7265	-48.9141	1
34.6902	-118.281	2
39.897	15.8084	1
39.7742	-105.082	7
38.5889	-90.5507	5
51.8872	6.30371	6
50.6545	12.194	1
-5.20481	-37.3375	3
32.3558	-86.0821	1
53.2218	6.56477	12
51.2823	1.07683	3
50.362	3.51425	6
14.6487	-61.0	4
36.4998	-121.431	2
52.4389	6.58283	8
52.8471	-2.29813	4
51.7452	4.18774	14
42.7118	-80.0441	1
-2.63781	-56.75	1
35.2003	-111.647	2
9.75508	118.761	1
-17.8274	31.054	1
33.5036	-112.063	9
51.7356	11.9592	1
40.3985	-76.8827	1
59.223	18.1502	1
37.9622	-87.3738	4
4.30895	113.991	4
40.7935	16.9188	1
47.2604	6.01206	1
56.2926	44.0445	1
43.852	-91.2625	2
33.5515	-84.3217	1
32.9242	-97.1928	2
53.528	-2.48635	6
49.0924	6.86888	1
49.4557	-120.137	1
-9.93729	-67.8167	3
37.8218	-25.7208	1
27.8514	-97.6268	1
8.57362	-71.174	1
-7.14941	-34.882	17
37.6744	-122.1	9
45.7868	3.11268	3
23.7676	90.371	1
42.0374	-71.8652	1
7.89368	98.3054	1
-23.3032	-48.0449	1
59.9383	30.4895	3
-20.3075	-40.4704	1
54.9389	-7.20699	1
39.7111	-105.352	1
51.2555	-0.848608	2
35.3037	-97.0539	2
4.79877	101.098	4
43.3919	-80.3072	2
54.685	25.3126	2
40.886	-8.60967	5
39.0718	-77.1247	11
5.54055	-73.3597	1
38.2964	26.2813	2
44.2333	8.32421	1
14.7762	120.936	8
32.9151	-97.7294	1
52.1736	-106.637	1
25.0322	121.478	1
36.7982	-5.14156	1
49.5431	0.955027	2
48.7198	44.523	2
34.1332	-118.03	7
54.89	-2.93273	2
35.0894	-80.7336	1
20.0715	-100.745	1
51.868	-8.43868	1
50.3305	3.01832	1
42.5936	-5.58254	2
51.6121	5.15499	21
-20.4347	-43.858	1
40.7756	-89.5412	1
59.5078	15.0036	1
51.6542	-1.45138	1
34.2455	-118.452	11
55.8686	48.9001	1
19.3927	-98.998	4
32.7246	-116.411	1
-8.9356	-36.4725	5
-6.74538	-38.2186	3
51.491	0.376761	2
31.2203	-96.7892	1
44.8743	4.88404	1
41.6226	-85.0454	1
-38.5392	-72.4473	1
48.355	-100.133	1
49.0244	7.90399	5
30.1517	-95.2129	2
33.9498	-117.399	7
-22.5918	-47.3616	1
43.7065	-80.4801	1
30.3953	-91.1832	2
27.7409	-15.6009	1
19.8902	-100.43	1
50.0463	20.0057	6
52.1455	-9.86933	1
-20.2804	-40.2928	17
-21.0995	-49.8254	1
29.6392	-95.4294	2
49.0225	7.03398	1
43.6008	1.4329	9
-3.2696	-79.9687	3
33.9375	35.6309	9
44.105	-79.4658	1
46.4803	4.8193	1
33.5991	130.224	1
52.3547	4.90405	21
36.0151	-95.8598	1
8.97322	-79.531	5
40.8979	-74.6482	1
50.2786	3.93692	2
41.1683	-86.0462	1
34.1583	-117.344	6
53.0441	-2.21166	2
-12.8563	-38.3285	2
-33.9152	150.959	2
62.5541	-150.221	1
58.2742	11.4355	1
53.2891	-3.7041	1
-4.91332	105.211	1
35.2995	136.716	2
43.0446	-88.3359	4
30.1565	-115.58	1
41.7056	-73.9359	1
52.0776	5.48088	8
52.4674	-7.88881	1
32.579	-117.128	2
-33.9422	151.241	9
46.6798	-110.045	1
53.1254	-0.812143	1
53.5484	-2.28272	1
-11.3034	-61.3982	1
7.07301	122.208	1
20.0847	-101.243	1
55.7615	9.40227	1
39.1186	-0.533723	1
28.1133	-80.6475	4
51.0019	5.77006	3
-22.9713	-53.0798	1
20.0698	-98.7896	3
36.9574	-91.1641	1
-7.66334	110.275	3
38.6518	-77.2759	8
51.4318	11.9605	1
62.7507	7.38507	1
45.1877	11.0956	1
53.8197	-2.40718	2
-19.2277	17.7296	1
35.8919	-5.32417	2
50.8774	5.96095	14
-30.0997	-51.1593	25
20.5071	-100.81	2
39.5782	-79.8737	11
55.2394	-4.84511	1
52.2812	6.43525	2
53.1	6.11467	2
30.9825	-96.6776	1
51.0768	13.7725	2
36.3008	-95.6104	1
35.8854	-90.1632	1
14.5572	121.064	57
54.661	39.7144	2
28.2072	-82.7484	1
3.02103	101.415	53
-21.2573	-48.5654	1
51.5184	-3.63421	1
44.2946	39.6733	1
41.6835	-72.7931	13
-21.708	-43.4227	7
35.401	-118.941	1
47.3754	19.8716	1
35.7782	-78.8294	5
36.1391	-81.1744	1
35.7718	-96.6173	1
45.5346	-73.4101	2
-33.9076	25.5553	1
43.8011	-84.5863	1
41.3746	-72.1605	1
51.5077	7.47031	4
44.4808	-81.1498	1
30.6745	-87.939	1
34.1876	-118.89	5
35.9987	-84.1934	1
54.3609	18.6908	2
52.2642	4.56128	2
40.0076	-3.69747	1
19.3515	-97.897	2
35.3343	-81.8737	1
49.8596	2.32407	2
-22.081	-48.7473	2
-2.7061	114.29	2
-7.88433	111.259	1
48.5693	7.76221	9
44.6805	-91.3271	1
41.3956	-82.0297	1
55.1309	14.9841	1
3.94473	103.356	3
54.9068	-5.89353	2
53.1634	7.61546	1
40.2411	-3.70063	2
32.6051	-86.0306	1
52.7066	-8.50756	1
22.6887	-102.484	1
4.88602	-52.3363	4
52.1562	5.3484	2
42.3617	-83.4248	1
48.8443	-67.1673	3
53.2135	10.3758	1
37.4963	-94.2668	1
3.94543	109.455	1
-6.08007	-37.476	1
20.59	-100.407	3
-23.086	-45.5067	9
-29.7528	-53.8242	1
-23.5293	-45.8514	1
53.1766	-2.91396	2
54.7016	-2.57186	1
60.9446	76.565	3
44.9008	-89.5695	3
27.5059	-82.7158	3
60.0261	30.2177	1
32.305	-93.9999	1
37.8395	-3.47247	1
41.6711	-81.2408	2
51.3528	-0.219263	11
38.8845	-77.4922	6
48.2201	16.3798	3
34.0308	-80.9948	3
45.552	-73.7359	15
4.92758	114.842	3
57.6485	-7.39845	1
17.6237	-94.3846	2
52.0483	4.72008	7
19.2363	-99.082	1
42.879	-77.0005	1
51.9171	-0.643504	1
50.6125	-3.65302	3
46.5121	-80.9853	1
40.1161	-88.2418	1
-0.587732	111.388	3
43.3389	3.22139	1
-6.48273	108.3	1
39.5146	-8.56205	2
6.91713	79.8489	3
-19.5891	-44.8814	1
42.9226	-75.9806	1
33.4791	-81.9749	1
31.2051	29.9095	1
59.1077	-2.52048	2
-28.2759	-52.8612	2
30.1405	-82.6482	1
-7.44638	-35.2849	1
48.5992	7.58657	1
13.3741	74.7262	1
35.584	-82.5261	1
44.6654	-76.3263	1
53.206	5.97229	8
-23.6397	-70.3872	2
55.8946	-3.49615	3
33.829	-116.493	1
33.4791	-112.251	4
16.684	121.545	1
-8.0436	-34.9394	40
-28.4795	24.6701	1
36.9969	35.327	3
44.3544	11.7259	1
39.5187	-100.617	1
32.5711	-89.8764	9
27.701	-97.4104	1
-36.7374	-71.0353	100
37.3836	126.643	1
39.3476	-75.0388	1
31.2703	34.7648	1
44.6472	-63.6	1
52.86	-6.24665	1
39.5789	-84.314	1
41.3183	-81.5597	2
51.527	-2.03276	1
51.8873	5.39853	7
30.9105	-83.0784	1
34.4399	35.8314	1
-15.4552	-55.8425	5
36.4199	-82.0676	2
48.6839	6.11844	7
51.7718	-104.54	1
47.0408	-122.893	2
10.4091	-67.2863	1
33.4237	-95.9494	1
-1.1904	116.84	4
50.3881	-4.11457	5
-26.2617	-48.9665	11
33.9394	-79.168	1
41.2801	13.1627	1
34.4853	-87.2829	1
25.8364	-98.3625	3
25.2442	-103.233	5
10.356	123.914	2
55.8988	37.6145	1
36.0975	-97.1291	1
35.2928	-2.94677	1
40.927	14.7283	1
30.2036	-85.6033	1
35.8671	-86.4539	1
43.8756	-79.316	1
42.3944	-72.5316	3
48.4084	-4.49955	7
44.8913	-0.734925	1
52.0266	5.02686	4
49.1599	-122.765	1
55.3498	-131.672	1
40.74	-122.314	2
37.7087	-85.8839	2
-15.4647	28.2412	1
-23.9773	-48.8715	1
37.3968	-94.6977	1
53.1638	-2.73732	1
52.0887	4.8695	1
-8.1851	-36.0151	2
13.1488	-61.1983	1
3.19845	113.067	1
34.441	-119.825	2
40.676	-80.146	3
-19.9558	-44.3549	3
9.35486	-79.9015	1
16.2639	-61.5044	4
52.1107	21.227	1
54.1125	-126.558	1
56.2771	44.7651	2
35.4562	139.626	1
10.6085	122.947	4
-4.23309	-44.7868	1
-23.7559	-46.3974	12
34.6692	-86.1646	1
54.782	31.9983	2
1.00764	102.707	1
-7.2771	112.717	114
-11.0019	-37.1007	7
25.3084	55.4902	3
41.3776	-73.4094	5
38.923	-75.4334	1
50.9529	3.12819	2
47.3094	1.40516	1
-13.997	-42.4764	1
48.9915	1.73697	1
0.893376	108.971	2
-1.4497	-48.4948	11
14.3207	-90.402	1
51.6793	39.236	7
-2.96616	-40.8077	2
51.719	-0.424606	2
36.1892	-115.064	1
51.2364	0.587282	7
49.5938	17.2149	4
59.3789	17.5768	1
40.3806	-79.8125	1
36.3123	-119.311	3
-4.83533	-38.1518	2
-21.1874	-45.4381	7
34.8298	-86.5102	1
38.6556	-75.5875	1
59.1567	15.4665	1
47.2611	39.628	3
51.3203	5.45743	5
33.0931	-96.9011	6
-35.017	138.543	2
53.2165	-4.10103	2
43.8718	-72.4515	1
-43.0376	-73.5347	3
34.0721	-117.786	17
52.4934	0.0618657	1
47.011	-120.556	1
36.0976	-119.57	1
33.5601	-116.076	2
45.8586	1.23198	5
42.2586	-72.5759	2
5.6574	100.524	1
41.5124	-95.3348	1
39.0184	-95.0512	1
-2.97932	104.738	16
33.2052	-92.6717	1
45.4434	8.61637	1
43.0906	-85.1141	2
55.1254	73.3788	2
42.1467	-77.0365	1
4.39977	115.232	2
42.6763	-88.2775	1
34.9871	-80.5972	1
-23.4495	-46.7896	28
3.14845	101.705	662
14.2898	121.095	2
-26.7642	-51.1084	1
34.821	-82.5788	1
55.8975	37.4498	2
18.1163	-66.1405	13
43.366	-95.1243	1
40.7464	-111.704	1
0.821831	103.627	1
-22.803	-47.4357	3
38.301	-85.9147	1
29.2471	-81.0636	1
16.8895	-99.8187	4
40.4655	-95.5882	1
41.7185	-93.5823	1
-5.6012	-44.708	1
-15.7763	-47.7966	37
52.7069	5.50797	3
55.4508	-4.29782	1
46.4884	0.195374	1
-22.8871	-45.4893	1
33.0787	-80.2026	1
33.5392	-101.922	1
45.1952	0.65529	1
-6.8651	109.144	1
52.1011	6.65484	1
-22.919	-43.2628	7
48.3779	2.79969	7
25.0819	55.1379	2
51.5265	45.9785	6
39.1546	-84.4656	5
46.9188	-98.0046	1
34.811	-86.7666	1
-6.88364	109.633	1
31.7861	-106.331	6
48.2503	7.45889	1
60.1595	25.0186	7
-25.7461	28.2407	2
52.0201	6.36332	1
35.3368	129.024	1
-27.6364	-52.2459	2
51.3698	-2.91307	3
35.7157	139.931	1
27.6986	-83.8046	2
0.247298	-51.0637	26
46.2475	-119.906	1
38.8584	-8.98005	3
35.4821	-97.2353	1
44.0603	-92.5093	1
-21.7554	-48.1719	6
43.7207	-81.6061	3
41.8984	12.5451	12
39.6381	-84.0847	1
43.7585	10.7745	2
-9.61394	-35.7408	7
13.7189	100.522	3
46.3907	-72.6521	1
1.4274	110.149	1
51.728	8.76856	1
-33.2266	151.546	1
-6.54949	-36.0482	1
38.9118	-90.0692	3
39.6936	-77.7215	1
40.5122	-111.395	1
-21.65	-41.4319	1
45.094	-93.3532	1
-27.4416	29.1397	1
-25.1839	-48.8404	1
38.0549	-121.0	1
39.9518	-82.2024	1
5.89232	116.047	3
-12.2001	-39.0645	1
40.0125	32.848	5
49.2664	0.840888	1
-37.7466	145.009	4
42.6904	-83.3853	2
48.7696	10.8131	1
-32.005	115.768	6
39.9085	-86.0325	4
60.2441	29.6049	1
59.425	24.7382	1
41.6799	-71.2574	1
19.3453	-98.8542	5
59.4624	10.6614	1
41.7858	-87.7975	4
41.8777	-73.0467	1
6.43274	100.422	8
52.2328	21.0607	17
4.99561	100.67	3
29.597	-97.9484	2
-30.553	-53.4955	1
-23.239	-47.5175	1
53.3187	6.84583	1
38.5586	-75.7152	1
2.46808	102.231	3
39.8722	-104.953	1
37.4242	-83.9608	1
3.48596	103.39	2
32.5065	-94.7552	1
53.8381	-1.62704	12
52.3402	5.63951	4
51.887	5.60544	1
55.6814	37.0903	1
2.32221	102.118	7
47.5732	7.55542	1
48.9499	2.92486	5
35.9278	-114.97	1
42.4282	-8.62728	1
-1.52772	110.452	2
48.6189	2.97564	2
57.9232	59.9781	1
1.00185	116.394	6
-1.27549	126.132	2
-22.3971	-47.613	1
45.2655	9.53376	1
4.62681	96.8455	1
52.0819	15.6121	1
29.3625	-100.944	1
47.6423	19.0988	1
47.97	0.223574	1
49.8455	3.25564	3
41.399	-72.875	5
-22.9332	14.5184	1
49.4379	2.08852	2
53.6499	-6.80205	2
35.9678	139.592	4
46.6481	32.6267	1
52.4172	-4.06028	2
51.0449	2.37427	1
-21.5638	-42.1819	1
2.82103	101.443	2
43.9449	0.652523	1
-21.0842	-43.7695	1
38.4962	43.3919	1
43.2851	-73.6847	1
34.0675	-79.6732	1
33.2205	-87.5447	2
44.6902	-73.4686	1
61.2734	73.4332	6
24.6625	-107.342	1
53.2962	18.6469	1
33.8111	-84.5636	4
51.4515	-0.990659	10
24.7119	46.6645	3
46.8131	8.22414	1
30.5418	-84.1069	1
56.0229	92.8965	9
38.961	-3.97836	1
-18.8141	-48.892	1
-6.69493	-35.5978	2
39.8995	-79.6792	1
35.9536	-119.289	1
14.5141	-90.5391	7
-22.442	-44.5232	5
4.10737	103.384	4
51.2871	-2.4583	1
-22.8177	-51.9611	1
49.3294	8.43412	1
33.9212	-117.192	1
14.3272	120.943	8
39.6646	-121.766	1
5.57514	95.3547	2
17.405	78.4115	1
48.9174	11.408	2
50.8252	-0.145944	9
51.9358	4.57833	5
10.564	7.4475	1
49.9032	10.4298	1
51.6688	-3.74911	2
5.24081	97.0072	2
42.564	-84.8243	1
44.4352	10.977	2
38.9979	-105.554	1
43.8082	4.49608	2
45.0402	41.9709	2
59.7548	18.6933	1
40.8115	-77.8891	7
46.6853	7.86279	1
41.3809	-83.6466	3
34.2633	-6.58892	4
30.5964	-96.2957	7
45.6095	0.107974	2
-2.54526	118.03	1
59.9394	30.0922	17
33.952	-83.9983	5
12.1348	-86.2425	3
-26.8549	-58.3088	1
34.1551	-118.342	10
-6.92454	-38.5345	1
50.6952	-3.18229	1
41.1023	-8.47804	2
25.6412	-100.294	27
34.774	-92.3612	4
-9.99977	-68.2655	3
54.9861	73.3373	2
53.994	-1.5548	2
38.8736	-78.5388	1
44.6387	10.8989	1
52.2531	-7.13194	1
40.849	-79.9807	2
-6.90761	106.92	3
9.86136	-84.331	2
38.4454	-81.4482	1
36.4488	-6.20538	1
39.0261	-86.9358	2
-24.1265	-52.366	1
14.4111	-89.7234	3
41.6136	21.7433	4
46.2295	39.3749	1
55.0816	-3.63209	1
47.3321	5.03236	3
-20.785	-49.3592	5
51.6723	-3.19907	1
62.0846	129.292	1
30.9373	-91.4009	2
42.9069	-8.51115	3
45.5822	5.90643	1
38.7629	-104.812	3
38.2771	27.1614	1
-25.3188	-49.2144	5
35.4008	139.376	3
39.0607	-75.6	2
52.9331	5.959	2
-6.12549	106.158	4
53.5345	-1.32259	3
1.42922	110.333	29
37.9567	-121.972	3
41.6781	-83.4384	1
56.1073	-3.16207	2
19.5676	-99.0445	13
51.7161	-3.45534	1
59.0838	17.5272	2
51.3507	6.54214	1
26.1921	-98.1305	2
52.4145	-1.78852	2
-24.4945	-53.3	2
49.0532	3.95574	1
38.5294	-82.8311	1
51.7734	19.4806	1
39.1875	-106.821	1
39.0834	-76.5704	2
33.9737	-78.4092	1
-11.8814	-55.5152	1
41.5142	-87.2688	1
5.31265	-3.99358	2
51.4946	-0.30307	8
-23.54	-46.3466	4
-2.57242	-59.9803	50
60.7164	17.3667	1
37.1223	-121.654	1
18.022	-76.7766	6
56.9715	24.1287	26
46.3214	4.82631	5
45.0914	11.4885	1
9.66741	123.848	2
51.054	-1.8008	3
33.6994	73.01	1
-27.6398	152.852	1
29.2444	47.9676	14
54.8478	-1.37302	1
5.3585	100.539	5
38.8048	-77.237	12
33.3748	-117.481	1
44.6611	-1.17538	1
42.8506	-2.69861	6
32.1774	-110.884	4
50.8705	-1.57705	4
49.1639	-123.143	2
-36.8512	174.867	3
32.8612	-96.9851	7
47.6855	11.7705	1
38.9563	-74.851	2
13.6885	100.753	1
47.7202	0.496987	1
2.9599	99.0701	3
27.9607	-82.775	1
27.8797	-82.2392	1
37.1326	-8.45089	1
42.5092	-7.58527	5
47.2721	11.4059	1
51.1192	4.57458	2
38.9929	-93.7043	1
40.7746	29.808	2
30.7079	-96.8611	1
37.5054	14.8045	1
39.8225	-84.9068	1
52.3995	16.9063	1
51.7134	0.161963	1
53.2216	-6.99709	1
34.7144	135.456	2
52.2855	8.91686	1
4.35427	100.953	7
45.5884	4.91038	1
38.7971	-97.6006	1
58.375	26.7326	1
52.95	7.11599	2
42.7491	-71.1339	2
-19.2761	146.803	1
34.9185	-89.9484	1
51.4764	3.95779	1
19.1377	-96.124	2
39.5068	-95.8586	1
-23.9139	29.4514	1
42.6234	-83.9129	3
60.9716	25.689	5
41.1703	-73.7552	1
52.4566	0.308198	1
52.1976	0.126573	7
40.1615	-95.2813	1
43.1009	-89.2296	1
-23.9506	-46.2257	25
-33.931	18.4399	4
-27.6165	153.034	1
31.3986	74.2937	1
35.575	-94.1665	1
35.0831	-85.2504	1
34.0071	-118.761	2
52.5685	-7.29381	2
51.0053	-0.102276	1
37.7946	-89.9423	1
13.7011	-89.2034	6
-0.06986	109.386	2
52.0369	1.08899	1
9.65798	6.52789	1
52.7277	6.51833	3
48.7903	-124.143	1
-34.9744	-71.2202	5
44.574	38.0395	1
43.6308	-1.42971	1
-21.2475	-43.7915	1
42.9841	-72.502	1
-7.36832	112.59	2
53.1689	5.44045	1
30.033	-89.8826	2
55.9373	12.3437	1
-21.9643	-51.3537	2
50.4945	30.5544	4
37.5526	-77.454	14
45.8446	-1.15365	1
40.1233	-75.3409	4
-29.0227	-51.2341	1
20.941	-89.6236	5
51.4513	6.027	2
30.924	-96.9988	1
40.396	-88.9901	1
32.3823	-106.817	2
56.716	-2.47122	1
35.619	-101.413	2
57.1658	24.3346	1
1.5254	103.838	33
41.5217	-5.39254	1
42.4899	-96.4025	5
-23.5594	-46.1857	3
52.7528	6.95947	5
48.5218	2.6433	7
30.2978	-97.7534	12
50.7887	-0.683757	6
56.3615	13.9664	2
29.8239	-95.4621	26
43.2902	3.51628	1
49.4252	7.74889	4
-3.0098	-55.195	3
-21.5006	-48.0286	2
29.5214	-81.2233	1
38.9993	-84.6634	7
5.94983	116.661	1
-29.656	-50.8626	4
42.9882	-85.6475	3
56.6583	12.7628	1
38.6575	-104.688	2
10.6677	-71.6063	1
38.925	-78.1848	2
33.6046	-117.697	2
-6.2671	107.171	3
42.1934	-122.683	1
35.5709	-80.573	1
46.4143	4.43399	1
30.0448	-93.8648	1
38.8355	-9.36057	20
41.2927	12.5735	6
-7.07575	107.578	9
-7.66976	112.899	1
35.3333	-89.8925	1
51.6813	-4.1382	2
-22.2387	-49.1125	6
36.7195	-4.47541	2
41.8575	-79.1358	6
4.50936	103.444	1
-23.491	-49.0234	1
15.4894	120.965	1
35.0253	-89.8447	1
32.3039	-107.048	1
52.2172	6.97155	3
47.4258	9.60941	1
8.48053	-13.2442	1
19.4679	-70.6636	2
41.8085	-87.6319	9
30.2593	-90.9902	1
46.8359	7.65833	1
35.3022	-120.664	1
40.5187	-79.8687	1
51.4107	-0.013853	5
12.9608	77.7166	2
37.4155	-77.6407	3
20.6278	-87.0712	1
43.0465	-78.8656	2
55.0811	36.6037	1
54.0061	-6.12124	1
41.3292	-74.3538	2
40.3574	-83.776	1
21.44	-158.187	2
44.447	-79.8013	3
39.0131	-95.7008	2
47.6864	7.30364	3
50.4425	-4.95569	1
-20.1663	57.5108	1
15.4003	73.8772	1
44.1481	11.2093	1
19.0322	-98.1543	16
36.4239	-82.5757	3
45.7529	1.33399	1
39.1919	-2.59048	1
59.2766	15.2106	2
53.1562	-1.46944	1
43.7111	10.4442	1
60.1833	24.675	1
38.0022	-79.1465	2
41.122	-75.9529	4
52.0781	21.0099	1
42.8435	74.5026	1
42.9181	-83.6834	2
42.6595	-8.11135	1
50.8287	12.9136	1
42.9778	-71.6856	1
-29.0983	26.1889	2
41.6611	-87.552	1
35.4526	136.741	1
52.5922	21.4473	1
33.5543	-83.9484	1
51.3869	5.78222	3
45.8984	1.3962	1
50.7928	-1.07745	7
38.4514	-81.8212	1
51.416	0.568141	6
-5.12689	119.503	76
51.8383	107.577	1
-20.0759	-43.8929	1
28.1031	-15.46	5
39.0705	-96.8363	1
54.32	-4.3771	1
55.0193	-1.65244	2
51.7648	-106.049	3
55.5919	13.0147	5
53.0004	-3.04979	1
-3.43925	114.822	2
19.1312	72.8354	5
-2.9856	-47.3559	1
-20.7352	-48.5892	1
64.1047	27.4529	1
-33.8906	18.6333	3
45.4533	4.7654	5
40.496	-3.36562	2
38.2521	-121.3	1
3.37075	101.82	1
-2.62921	-44.3026	12
20.9989	105.888	1
48.6406	32.3112	1
43.4802	13.2037	1
37.2375	-121.809	11
-21.2114	-45.2721	2
-9.51146	-36.9956	1
42.5066	-88.9857	1
42.6918	2.8521	1
-0.293113	100.389	2
43.0029	-84.1617	2
1.32034	124.808	3
41.7256	-85.69	2
-23.0558	-44.8942	1
39.4579	-76.8074	5
-26.3749	25.4619	1
44.9224	9.90457	1
-19.6047	-47.9692	3
63.1668	25.7494	1
44.7663	11.817	1
35.2035	-80.836	8
52.9147	-1.46997	2
18.0818	-96.1149	1
42.4364	-2.45449	2
68.954	33.1359	3
48.6107	1.74829	1
43.0579	-87.9671	11
-28.2628	-52.4442	1
-42.0015	-73.4497	1
-26.3075	27.9439	15
47.4901	19.0847	1
-23.0144	-46.7992	2
28.5748	-14.6268	2
48.9009	2.33475	196
38.9056	-94.3417	3
26.4439	-81.7771	1
3.56306	101.568	1
41.5252	-88.2054	4
31.6888	35.7069	1
35.8076	139.728	3
51.8714	0.862885	1
34.0113	-5.0104	12
-5.37637	105.242	6
51.487	3.7886	1
44.8475	9.63636	14
36.1523	-95.9091	2
38.942	-95.2922	9
52.2701	-0.747599	3
30.1739	-89.8331	1
-7.9725	112.629	80
61.4866	23.7838	1
57.4014	-3.20626	1
45.1724	-91.1389	1
5.3952	102.0	1
39.708	-75.1115	2
-7.34191	108.222	1
42.9318	44.6465	1
50.0265	4.79046	1
-36.4031	141.961	1
56.2246	101.664	2
-0.784903	100.629	1
47.2248	-1.63039	13
44.6017	-64.1486	1
5.53291	5.77993	1
41.4529	-82.1821	1
-22.8952	-47.0303	16
8.64224	-82.9607	1
-22.9365	-46.5619	3
-36.7103	144.306	1
69.3904	12.2745	2
4.57692	-74.1701	2
50.0911	8.6634	3
47.9527	-124.386	1
-6.53332	106.814	26
-27.6534	-51.0923	17
40.7406	-82.4551	1
31.0374	31.363	1
42.0448	-79.3441	2
40.6122	-74.3831	8
18.2837	-67.1229	1
-27.4688	153.023	9
37.9399	23.6505	2
39.3944	-107.094	1
40.8677	-75.8334	1
41.722	-85.3134	2
53.29	83.6478	3
56.0176	8.48088	2
42.3655	-89.0492	2
38.9178	-91.7462	1
42.3592	-71.865	1
41.6669	-86.6117	1
41.5405	-8.41078	3
41.8021	-88.1658	3
25.8524	-80.3047	10
43.9444	4.90677	2
46.6311	-1.48537	2
19.318	-99.2481	2
34.3791	-118.558	4
40.2659	-7.5764	1
30.0608	140.596	1
28.4501	-81.5203	4
22.1935	113.881	2
43.2519	-2.93316	6
-6.12029	106.912	320
58.4434	-3.09182	1
30.5803	-92.0893	1
30.6508	-89.905	1
-24.8055	-49.8727	1
42.9904	-7.57063	4
41.585	9.26626	4
48.2338	-122.329	2
48.9875	1.91135	8
19.4742	-99.3104	7
5.7464	101.863	2
41.3868	-74.5728	1
31.6464	-8.01268	17
9.71048	-63.2568	1
40.6758	14.7675	2
36.113	-115.302	2
41.1864	-104.821	1
51.0169	-0.450872	1
41.4923	-72.5282	1
-14.8821	-40.5663	1
44.642	41.9433	1
53.6586	-1.41183	4
32.9092	-111.738	2
-37.8718	144.598	2
6.01225	116.396	14
37.0757	-76.5037	4
53.6199	-2.65683	1
40.854	14.2435	3
-33.5678	151.197	2
2.04811	103.382	42
26.1261	-81.7601	1
10.6418	122.233	1
59.9341	30.3287	52
-2.19248	-79.9119	25
47.7005	2.63037	1
53.644	55.9553	1
52.4996	4.97251	3
39.3917	2.76997	2
47.3798	8.52503	3
47.6695	17.6587	1
26.741	-80.0524	1
52.1908	4.4131	3
40.7809	-73.9772	95
39.8589	-83.0708	1
55.6168	51.8704	1
43.4202	-83.9901	2
-33.4594	-70.6643	29
39.438	-84.2217	1
51.6522	16.0627	1
51.0589	-1.29596	4
38.4927	-8.85268	5
31.6288	-97.1063	1
48.4988	35.057	2
34.9076	-86.6339	1
40.5596	-105.068	1
37.5602	-89.6411	1
-31.9319	115.897	2
52.1345	6.23215	3
39.5984	-119.357	1
-23.4892	-51.7215	1
48.173	-122.149	4
51.1272	16.9913	4
55.9601	-3.19992	7
3.30508	103.121	1
38.2223	-121.1	1
-7.81722	112.034	2
6.05624	102.246	8
-6.23525	107.03	8
55.297	-2.07469	1
48.9206	2.18726	10
-2.53631	112.927	1
4.13934	-73.6458	1
51.0722	-4.06976	1
53.1875	-3.41098	1
50.7393	2.73147	2
-6.71585	111.32	2
35.6581	139.296	1
46.9459	18.9131	4
36.1305	-111.223	1
54.7765	-7.41124	1
33.6884	-117.893	3
42.4393	-79.3231	2
49.2283	2.14237	2
39.4007	-9.10914	1
-3.78965	-38.5199	18
41.3	-73.8136	2
29.7656	-81.2507	2
39.961	-84.1702	2
52.8734	5.60182	1
57.6959	-4.27587	1
57.0091	12.4425	1
59.3942	18.6174	4
43.8393	-93.2866	1
49.3849	2.42253	5
48.7044	2.08172	54
-24.6897	-53.3477	1
-35.7375	147.303	1
46.2914	11.4423	1
-5.53194	130.126	1
37.5962	-122.404	3
53.4879	-1.49369	7
39.1451	-75.3867	3
-2.87612	-40.496	1
49.3596	3.344	3
42.9446	-81.2053	1
48.09	-3.56512	1
-33.9865	151.103	4
36.9215	-3.37989	1
53.1039	-1.03427	1
44.6843	-1.00962	1
33.2743	-86.824	2
3.71975	103.077	2
-7.69184	108.995	1
40.4444	-99.8845	1
39.238	-77.2627	3
5.62847	-73.5289	1
51.7297	11.1164	1
-22.7319	-45.1205	1
36.643	-93.2381	1
42.8431	-82.8905	1
51.4263	-2.20161	2
38.6812	-121.789	3
51.4195	-0.852886	1
46.7892	1.70204	1
43.3545	132.178	1
33.7301	-116.225	8
4.72424	103.416	5
-22.4704	-41.9413	1
38.8944	-76.5242	1
51.6041	-2.90446	2
48.383	31.1814	75
-24.6742	-51.7844	1
-5.21541	-42.8028	7
55.0015	82.9557	6
19.6396	-155.993	1
42.7418	-84.626	1
51.4109	0.791967	2
43.7333	3.3124	1
39.1041	-94.583	1
39.2023	-0.380318	1
37.1346	-93.2692	2
47.916	3.34438	2
42.3786	-71.1122	16
40.6788	-4.09946	2
16.2586	-92.301	5
37.1816	-7.45005	1
19.0177	-101.127	1
39.5931	-9.07371	2
42.1584	-79.9604	1
-7.27568	-35.9777	14
37.9695	-7.85798	2
28.485	-16.3141	2
43.4509	5.26554	2
-17.3606	-40.2786	1
8.12923	-63.5409	2
41.2919	-96.0406	5
40.9018	-74.3607	3
39.6114	-119.768	4
-7.65283	112.717	2
51.9935	5.83908	3
-26.0711	28.0651	10
47.3079	-122.349	3
-4.77289	137.78	1
33.412	-86.7047	6
34.4009	-118.078	2
37.7094	140.486	1
-20.6488	-41.9102	1
32.4839	-99.7454	2
48.3477	-1.19172	3
51.2105	-1.48266	2
34.0927	-114.274	1
5.05505	-75.4839	3
-6.35789	106.495	4
38.3432	-75.5897	1
40.3077	-86.8849	1
53.0743	-7.91508	2
-34.015	23.4032	1
14.6648	-90.5819	2
45.7404	9.61558	6
28.552	77.2303	4
55.9104	-123.87	4
39.7335	-79.8125	1
46.9853	3.15922	4
-5.62487	-37.8663	1
-6.10518	105.981	1
47.3327	0.720489	1
39.1699	-86.5354	2
31.1098	-83.4252	1
41.647	-91.5361	2
44.1202	9.80583	1
39.818	-75.7068	1
43.1862	-77.6164	6
-6.27976	106.851	207
52.6535	-2.0193	1
-27.2072	25.2861	1
38.8759	-94.5258	1
44.5019	-88.3351	1
32.8224	-84.0671	1
36.115	-80.6639	1
43.0569	141.354	1
52.4039	-1.97703	1
53.6358	-3.02233	1
45.9293	-73.4988	1
32.6785	-97.4162	3
4.90503	6.91382	1
4.45482	-74.6369	2
52.4914	4.81537	1
-2.86651	103.312	1
33.0607	-96.7365	1
6.44655	100.28	8
53.7172	27.9867	54
-26.5338	153.093	1
42.2253	-5.59657	1
37.356	-84.3477	1
-7.61955	111.0	1
-0.574198	34.9412	1
33.6163	-7.39152	1
41.3435	-72.6078	1
45.615	-95.7377	3
40.8854	-80.6518	1
55.1872	34.3036	1
62.0022	129.69	7
37.8319	27.8464	1
43.8914	-70.2791	1
-22.3352	-47.3295	1
-8.27812	114.217	1
39.5922	-8.37447	1
35.3996	-94.3743	1
51.968	6.73115	3
-6.6801	108.533	4
-20.8756	-54.2619	6
38.4202	-121.22	2
2.9463	101.781	41
-23.1707	-45.8121	1
25.6909	-80.2464	3
-21.4377	-48.5185	1
36.8634	-121.407	1
55.9428	-4.11979	4
53.3939	-2.63219	8
49.469	5.81879	1
52.6363	-1.13109	6
51.388	7.03443	1
51.737	0.490645	1
61.3081	21.1842	1
35.9418	139.856	1
39.7551	-86.1367	11
13.9705	-89.5716	1
43.4509	1.56896	1
49.4181	32.0296	1
50.6998	3.21144	10
-5.04263	-37.0174	1
43.3215	-0.343157	2
41.3785	-8.31004	3
53.3941	-114.226	2
39.2698	-84.2718	5
5.66931	116.364	2
-25.1476	-50.071	6
-33.3964	-70.7944	1
-32.9727	-71.5433	1
39.2847	-76.6205	15
38.9655	-92.3011	5
44.68	-88.9133	2
51.7332	-2.27251	2
52.8095	-9.42516	2
52.7207	6.20378	2
32.602	-94.636	1
-22.2557	-46.1695	1
41.5449	-90.5699	1
50.2912	4.10544	3
54.1411	12.0726	1
34.1829	-86.0976	1
28.0598	-82.4124	7
37.5425	-6.05684	1
38.6531	-90.2435	4
-2.60515	121.104	1
41.1073	30.6969	1
44.9944	-0.437851	1
38.9637	35.2433	142
59.3878	13.4901	1
-23.0537	-47.7053	1
53.1899	8.75774	2
40.7507	-73.5955	7
36.0828	140.084	2
-23.513	-51.0998	14
3.05122	101.559	69
42.6681	21.172	2
43.1872	-78.9302	2
41.9607	-71.18	3
40.7696	-73.7404	2
52.9061	-4.12244	1
-21.4064	-45.4872	1
-22.8213	-50.2294	1
34.775	135.307	3
37.2735	-89.6075	1
36.0154	-83.457	1
34.0484	-81.1503	1
-7.42936	111.008	1
41.3657	-93.5765	1
38.8432	-6.97878	3
-6.39289	106.762	11
51.1201	20.8762	1
-24.4958	-47.8553	1
50.3895	-4.64695	1
55.7411	38.0491	2
38.7991	-90.3767	1
59.85	17.5882	5
41.2503	-81.8734	1
-2.33406	104.539	1
1.54019	124.807	12
50.871	15.7373	1
45.4613	9.15934	4
24.988	102.695	1
51.9457	-7.86144	1
-0.363503	103.102	1
16.7419	-93.1397	12
-3.14096	-58.4456	2
45.8773	12.9142	1
40.852	-89.9384	1
-20.2601	-43.7965	1
44.2263	8.7832	1
-25.4951	-49.2884	67
53.3961	-7.71379	3
44.8183	20.4544	2
50.1013	10.2073	1
47.0232	-103.857	2
36.7857	31.4529	2
31.1087	-97.3858	1
43.1259	-93.5066	1
36.5871	-119.446	1
36.0609	-115.134	17
9.96981	-84.0357	1
18.374	-65.8689	1
8.25792	98.3073	1
33.7596	-118.077	11
51.6631	5.65647	4
56.5629	-2.58371	2
5.30095	-0.740319	2
4.49871	114.029	1
32.7738	130.714	10
-22.7537	-42.8823	1
51.3401	12.3799	2
41.7581	2.06928	1
35.8813	-77.8812	2
51.0963	4.22837	1
35.0083	137.024	1
2.57346	102.041	1
52.7597	7.20285	1
35.0451	-85.0448	3
40.8136	-96.6979	1
34.1495	-84.9497	1
46.0279	8.93773	1
36.1905	-119.824	3
-7.7957	-34.9709	1
41.5459	-74.047	1
-29.0686	-51.0353	8
51.9141	6.56713	1
-25.9616	32.565	3
5.32964	103.141	11
56.0727	-3.44464	5
51.75	-1.27108	9
-20.595	-47.3472	2
56.0848	9.86302	1
-7.38874	109.964	1
-32.1839	-52.168	1
37.0899	-8.21997	1
51.8282	-0.79218	3
44.2151	20.9238	7
51.6248	-3.9459	6
43.1841	5.61739	2
18.1013	-15.9963	1
49.0207	0.609858	1
-1.39135	-48.3188	1
41.0776	-123.684	1
51.5739	4.78715	1
-15.0709	-40.868	1
51.5056	5.03394	2
38.8792	-82.3801	1
37.6713	-121.03	3
53.8089	10.1615	1
48.4479	1.50475	3
55.6454	-4.7373	1
49.7672	4.72723	1
52.8042	6.06252	1
-27.7658	-51.5708	2
4.19001	100.948	1
7.52094	4.57393	4
32.1715	-4.77038	2
35.903	-79.0784	1
41.8465	-79.3389	1
43.8527	1.37204	2
55.8554	-4.23242	14
7.06265	-73.8613	1
40.9916	28.8446	1
57.1506	65.5568	10
-22.7664	-43.3148	3
55.9906	-2.51754	1
42.2613	-96.1538	3
41.4011	-82.5594	4
68.3587	-133.72	1
-37.743	142.026	1
45.0271	23.5334	1
30.4958	-86.4698	2
34.2087	-118.602	3
32.7672	-96.8648	6
34.7791	32.4336	1
37.8708	-122.301	10
-7.85961	113.277	2
35.1113	-80.9663	1
50.6272	3.0614	13
-23.1117	-47.1947	1
52.6316	5.07012	6
33.4595	-88.831	4
48.7566	2.69463	5
50.6729	4.57014	2
52.5663	-2.16616	10
35.1684	129.176	1
-3.97807	-79.2015	1
48.7965	2.52743	35
38.6815	-0.53121	1
53.1548	-6.81533	1
31.2265	121.526	1
46.7899	4.85034	1
45.5432	-122.655	19
40.6521	-74.5213	1
-5.84414	-36.8748	1
46.1793	6.09885	6
8.89735	-79.7708	1
-7.4791	110.215	1
53.871	-6.39564	5
45.1207	-84.6691	1
-5.15527	-44.1652	3
-7.29972	108.758	1
53.3433	-9.10639	5
-29.4661	-51.7702	1
34.7189	-85.9645	1
48.4852	-122.617	1
-3.1107	-41.4845	10
48.8447	2.82594	7
58.0225	56.1443	6
38.6287	-85.1458	1
39.7966	-84.1958	1
52.0939	-7.55698	2
33.9705	-118.418	20
30.0744	31.4287	2
41.5919	-88.0693	1
32.7018	-97.1355	3
-19.9551	-44.1962	4
56.2315	93.5493	1
48.3463	3.97261	9
-34.5762	-58.7301	3
-2.78878	-56.9094	3
-25.5223	-54.6358	1
39.5574	-86.1685	1
51.2013	3.21495	1
48.9955	8.39817	1
52.1884	-0.894534	2
-15.7881	-47.9421	5
35.7141	-6.91635	1
41.3972	-7.88492	1
51.1613	-0.171976	3
41.7364	-122.626	1
47.577	-122.652	2
29.6921	-82.3198	3
-22.1994	-55.544	1
8.7348	98.2401	1
40.7633	-74.3055	1
40.5788	-86.1271	1
-27.5918	-48.6165	1
-21.3973	-48.2252	1
43.6104	3.87434	9
43.1151	12.38	3
52.1794	5.90278	3
44.37	12.0472	1
-16.3051	-48.9725	1
41.1848	-73.199	2
33.0846	-97.2982	1
5.85636	118.074	1
-25.7853	28.3856	1
-15.5698	-49.9311	1
27.1175	-82.4547	1
40.5668	15.0018	1
35.1203	138.325	1
23.715	92.7192	2
30.0387	-90.3459	2
45.7612	4.89411	26
0.41585	9.44656	1
6.66099	100.324	2
46.3067	6.43634	1
5.20282	96.7113	1
-38.0677	145.47	2
-17.5739	-52.5392	1
60.2261	17.7097	1
47.0148	142.67	1
44.6611	-74.9723	2
36.9488	-79.1544	1
44.443	-88.092	1
52.0281	4.17252	2
41.9047	-8.36136	1
46.3186	0.235241	2
-21.2642	-45.0228	2
32.4815	-7.90601	1
-23.0614	-45.9175	18
-6.84907	107.924	3
50.9805	3.73697	3
37.5295	-122.009	3
42.3625	21.1455	1
42.6892	-73.8246	2
32.3849	-97.3381	2
5.12258	100.481	2
61.3081	0.3143	1
2.20133	102.248	26
57.0085	40.9942	2
39.7393	-89.2665	5
48.1278	-96.2143	1
32.5483	-95.3229	1
-9.75808	-36.6473	2
43.5236	-96.8209	1
42.5647	-6.86053	1
38.0845	-78.91	1
30.2234	-92.06	2
40.6153	-3.14753	4
-2.03759	-79.8913	1
42.6329	-70.6627	1
38.0881	-3.63952	2
53.9657	-1.07169	4
38.3356	-121.991	8
-29.081	-49.6544	1
-26.9981	-49.2271	3
52.6043	1.7333	2
32.8549	-83.6755	2
42.0503	-97.3979	1
10.0801	-84.4245	1
-6.7643	-38.9888	1
1.13002	104.015	4
-32.8284	115.775	1
5.65212	-0.067742	2
-18.1089	178.394	4
30.32	-89.3385	1
36.8504	-75.9748	3
40.651	-73.8712	14
34.0024	-5.5429	13
51.1252	-114.185	4
42.4857	-83.1429	17
50.8234	15.592	1
54.7305	56.0378	3
38.4981	-98.3201	2
39.0538	-77.4537	1
35.8386	-78.5571	13
-19.0045	-48.3585	9
-34.1791	-70.6815	2
42.3522	-83.0692	6
35.999	-79.9843	2
45.4846	-122.805	7
-12.0507	-77.095	4
56.1498	10.1588	1
43.6799	-79.6171	2
14.0769	121.195	3
54.9182	-1.75836	2
52.6373	4.75451	8
43.0932	-70.7419	2
43.1534	-8.48066	4
51.8814	-0.189402	3
8.85141	-76.4247	1
45.9262	9.31269	3
46.0588	11.1244	1
42.2997	-71.4369	2
54.5679	-0.994913	3
40.628	-8.63966	3
52.2639	-8.37164	1
51.3731	7.78911	1
53.0927	6.90873	7
1.86117	104.63	6
41.0927	16.875	2
-23.47	-47.4366	4
33.8324	-118.348	1
41.1179	-77.6047	3
6.48536	3.18438	1
26.5276	-80.0625	1
53.7212	-1.85443	22
23.1066	113.325	1
36.2624	-94.1501	1
35.7593	-5.86816	8
42.7276	-73.6736	1
50.0665	18.4208	1
52.2801	-0.258967	2
-0.194021	-78.4833	2
54.0082	86.6309	1
-23.932	-48.0101	2
-29.2155	-51.9275	1
41.3031	-8.57058	3
45.4443	11.0005	4
43.4072	6.45987	1
52.1965	-2.21012	1
41.2637	-84.2939	1
46.7805	-67.718	1
43.3615	-80.9924	1
-21.2134	-47.818	20
-8.27649	-35.0925	1
-6.18622	106.637	48
38.1824	-83.433	2
14.6331	-89.4435	2
45.0619	5.85954	2
50.1548	4.62511	4
34.035	-86.0093	2
55.4312	9.87595	1
37.7988	-97.2829	2
39.9423	-82.7631	2
38.7435	-9.15999	37
42.5813	-83.0305	2
-30.3331	-54.374	2
46.9454	-122.391	1
19.6563	-99.2336	3
55.1559	61.3679	4
49.183	-2.10175	1
42.5978	-88.6168	1
50.8541	-1.21221	2
8.01164	-62.4066	1
38.7621	-84.7916	1
36.4423	-78.1996	1
18.9253	-96.937	1
26.0147	-80.4285	5
32.5788	-85.4904	4
31.3643	-110.933	1
29.5706	-95.2301	5
37.5562	-97.2631	3
33.202	-117.368	5
43.6223	-116.219	1
46.8484	-96.8283	6
35.3209	-97.5965	1
25.2441	86.9788	1
