Latitude 	 Longitude 	 Weight
50.0645	5.76072	5
53.4039	-1.56304	4
52.5126	13.2741	1
49.9283	2.84833	1
49.0322	7.92956	7
47.5308	21.6603	1
43.9291	2.13251	6
45.5647	10.2314	1
55.5715	38.2275	1
34.6809	135.163	3
52.9908	6.25643	1
35.4589	136.731	1
-34.0513	151.139	2
48.9683	2.89273	42
48.8534	2.64746	772
62.0317	129.722	4
49.6479	3.24741	2
55.9607	-3.20036	3
47.7906	1.03705	1
46.4445	7.56682	1
49.055	7.41731	1
44.9281	2.44146	2
38.502	-117.023	1
16.8422	-99.9052	1
-9.95786	-67.8066	1
41.3332	-81.6139	2
48.0242	0.3352	9
51.506	-1.12316	1
-37.4731	-73.3523	1
33.3555	-5.26877	2
43.7901	-0.922984	5
53.2592	-1.38378	4
29.868	-97.9399	1
51.9187	19.1348	1
40.579	-4.01259	1
32.3329	-116.929	1
18.4793	-69.9364	4
22.2703	-97.9168	1
50.656	5.21006	1
48.0795	-4.32464	3
50.3377	3.02159	17
45.5414	4.64655	5
51.6841	5.29002	1
45.4218	-73.9645	2
42.9427	-74.1917	1
48.5562	-3.17705	1
51.6661	-0.0830781	5
45.6446	-0.963396	2
42.7177	3.0288	5
45.7463	-0.644579	2
47.9974	2.55948	1
37.1195	27.393	6
46.3212	-0.461418	5
43.1496	3.03367	1
33.8139	-93.8821	1
36.2579	-109.178	1
48.1261	1.52292	3
38.4061	-0.430703	2
6.11277	100.374	3
40.6649	16.5702	1
41.8005	-88.1674	15
34.7829	134.849	1
3.22243	101.571	10
50.6274	3.02331	221
0.75398	124.313	1
43.6347	4.82084	4
48.2063	5.95524	2
43.3955	6.29457	8
45.9645	5.35165	1
56.0229	92.8964	2
56.8544	35.8997	1
33.6871	35.4295	1
52.5055	4.86152	3
56.8105	24.6057	1
53.1302	18.0379	1
50.4714	5.29501	1
28.9699	-111.498	1
49.201	3.76355	1
48.5198	-2.72505	3
48.3946	7.44362	4
50.6125	-3.65299	2
18.5442	-72.2854	1
51.5514	0.001423	8
43.0952	5.82912	11
47.4815	-0.563019	17
38.4052	-105.26	1
35.684	-81.991	1
54.5055	-105.685	1
48.2331	4.71679	1
49.2884	-123.073	1
29.9341	-90.0244	3
36.9748	-86.4302	1
47.9231	3.6532	1
-30.9286	-51.8289	1
58.163	55.8611	1
56.1459	8.81087	1
49.0714	2.10159	158
-0.31056	100.373	1
34.6881	-79.2023	1
40.3303	-76.7528	1
31.11	-83.4242	2
19.805	-98.4891	1
49.3904	5.9175	10
-23.4057	-51.9683	1
30.4454	-84.2453	1
40.6117	22.9808	3
51.8751	-8.4199	1
29.8437	-95.6437	1
49.7503	3.07061	1
43.4761	5.59677	7
43.5911	5.18289	2
53.3215	50.0679	2
-23.2969	-45.9737	8
49.6979	4.70922	4
49.0805	2.67006	26
-24.7871	-65.4129	1
54.1937	49.5073	1
51.046	2.84731	1
30.0277	-95.5155	1
35.93	14.4907	1
47.2864	-2.20729	3
1.34501	103.955	5
50.3394	30.2901	1
-6.28588	107.363	1
31.8192	34.7282	1
39.8015	-83.212	1
43.6111	3.16391	2
50.1212	8.63661	1
-16.6428	-49.2612	2
40.2076	-74.7494	3
29.5901	-98.6259	1
51.4296	6.82809	1
47.6113	-122.334	6
-6.11058	106.177	1
50.74	-1.96696	1
-2.22017	-79.8961	1
35.9861	139.577	1
47.4708	-0.355243	1
45.0679	5.07284	3
49.3848	3.44006	4
46.7495	4.85601	1
37.5889	36.8742	1
42.473	2.75637	3
16.2345	-93.2764	1
53.3549	-6.2476	5
-29.7338	-51.0571	5
49.2816	-0.53532	1
20.0694	-98.7903	5
33.9819	-117.32	2
50.7183	7.12619	1
-1.00247	100.443	1
45.6926	3.83377	2
48.5992	7.58657	12
-29.753	-53.8242	1
13.3462	74.7965	2
-23.6211	-46.7853	3
14.8524	-91.5221	1
5.36184	100.462	1
10.6679	-71.6199	1
43.4987	2.36266	1
43.9766	4.79213	10
-6.89114	107.55	41
36.9647	-122.017	1
49.4321	0.817953	2
59.9301	10.8777	1
36.7894	34.5637	1
48.4561	135.099	4
43.0867	-87.9121	7
50.554	4.71611	1
-20.8953	55.4471	3
44.8377	-0.574654	119
55.1254	73.3788	1
36.6206	-121.827	1
33.9458	-117.486	5
51.4806	0.143678	6
43.719	1.58255	3
49.4555	-1.78797	5
48.7143	1.35211	11
-7.14941	-34.882	6
56.1385	40.4177	1
50.9026	4.61725	2
-23.6269	-51.6995	1
51.585	5.06361	2
46.8143	4.44374	1
40.4314	-79.9806	30
38.835	-76.8927	3
16.0626	-61.5694	1
54.6456	-5.71793	1
31.4322	-100.449	1
32.3037	-90.2241	1
47.1425	6.19758	1
40.7258	-74.2329	6
49.1474	0.223073	2
43.7065	6.21822	1
32.6782	-83.1783	1
42.9074	3.02504	1
-16.3856	-46.8307	1
28.8579	-13.8734	1
46.2528	5.65773	5
40.0118	-75.7174	1
45.7736	-0.188708	2
44.6741	4.92969	2
49.4889	1.14592	10
47.6324	6.15258	2
46.6352	1.09568	1
48.913	2.33418	1537
43.7313	7.12477	23
51.8924	4.46649	2
-8.83393	13.2198	1
52.0781	21.0099	1
43.1822	5.70935	3
48.7207	1.17068	2
50.8452	-0.130547	5
43.7027	-1.06341	5
43.9243	5.03853	4
37.2692	-119.307	4
-7.1952	108.182	1
32.8207	-96.7315	3
-18.7968	-40.0622	1
-27.1669	152.966	1
32.5762	-86.6807	1
50.2899	4.10235	5
42.7915	-70.9695	1
45.1088	-93.3403	2
36.5846	36.1711	1
43.9559	4.42351	3
50.423	2.71203	12
30.4223	-9.58203	8
32.8462	-97.0944	1
1.66329	103.551	1
41.5394	-87.546	1
-28.7189	-53.5192	1
45.0673	4.87145	1
45.7113	4.86358	188
35.1673	-106.585	7
44.4922	3.13334	1
41.3252	-74.1672	4
45.1004	-0.0379937	1
50.266	2.77236	2
52.6361	-1.13111	1
44.852	0.488328	1
-7.65408	111.35	4
39.9347	-91.3754	1
39.9312	-0.10139	1
56.2847	43.851	4
44.9332	-123.028	2
47.1973	5.38789	2
50.217	4.84421	3
36.7215	-4.48001	1
52.2701	-0.747587	1
52.9538	-1.1665	2
45.0538	39.0332	4
51.5207	-0.142822	1007
34.5778	-113.173	2
32.346	-86.2643	1
44.6104	4.39419	3
50.9457	-114.0	1
64.829	-147.669	1
48.5508	2.65604	185
53.3869	-117.435	1
55.7249	36.8488	1
-25.4951	-49.2884	7
44.5651	-0.415423	2
47.9305	0.191709	25
58.0084	56.3021	2
50.8114	-0.547624	1
45.2524	-0.850436	1
4.60293	101.092	5
59.1287	37.8988	1
46.3374	2.59701	1
42.0454	-87.6988	1
-7.01922	110.466	7
42.9035	0.359221	1
51.131	-113.945	1
46.3574	-72.5745	1
-37.7124	144.787	1
35.3292	25.2943	1
25.172	51.4217	1
45.6283	1.11431	1
26.0398	-80.1753	6
55.0767	61.5533	1
33.0227	-117.114	1
48.2046	6.51295	6
61.2027	-149.754	1
49.2365	2.90014	2
50.6114	2.8546	14
-6.26794	107.133	1
50.8478	4.3418	98
50.0593	2.95821	2
40.7764	-111.92	3
-32.7748	-70.9682	1
40.6795	-8.43651	1
57.1558	-2.20286	1
55.817	49.1144	8
38.5617	-121.461	5
46.3975	6.57885	4
51.2667	22.8865	3
50.9545	1.89583	7
43.3609	-8.41714	1
45.0619	5.85944	3
48.4115	4.50305	1
46.2459	6.97846	1
43.7646	7.48728	12
54.6516	-1.24111	1
49.2143	1.78396	6
49.2457	0.940518	10
43.893	-0.500742	2
48.7241	4.58354	4
44.0453	5.20293	1
5.39716	100.315	5
19.6328	-70.2838	3
47.2397	1.6263	1
41.0681	29.0063	8
46.7222	7.06125	1
49.3947	5.52196	1
45.9677	5.83159	2
52.1311	4.68895	1
32.5406	-85.8235	1
-1.27293	-48.4598	8
-4.01217	119.624	1
49.2918	-0.0986576	4
47.179	-122.536	2
38.9175	-77.5142	1
47.1109	9.24969	1
44.0645	3.92486	3
58.0502	12.8151	1
50.478	2.91287	3
-26.1208	-51.0906	1
-19.8174	-43.9477	6
41.1416	-81.5152	1
48.7216	0.83999	1
45.9712	-1.38773	1
32.6613	-117.091	3
32.7995	-97.2914	2
44.7214	4.59495	1
54.3179	48.4689	2
-41.2076	174.93	1
38.9684	-76.9553	3
45.0728	7.67575	1
35.762	-109.047	1
39.1713	-86.4991	1
45.7689	3.06458	6
2.81646	101.436	1
35.201	-90.2264	1
47.3893	4.36546	1
36.1075	-115.257	5
1.3533	103.756	2
41.5008	-99.6809	1
40.8028	-73.3371	1
51.8789	6.07713	2
35.1295	-90.0268	1
-18.9149	47.5162	1
50.3998	1.56618	3
45.8843	1.29411	47
33.6507	-116.002	2
51.7931	-0.655689	1
45.2482	-75.8001	5
61.5218	0.00022	4
30.5885	-87.0376	1
32.4453	-96.9926	1
7.78536	-72.219	1
49.1559	5.88534	4
46.6273	3.73657	1
6.38748	2.37097	6
30.8394	-89.532	1
47.0558	6.74292	4
42.8744	74.6067	1
41.7306	-7.40674	1
46.2316	7.35263	5
50.2133	19.007	1
49.9594	3.20027	2
18.022	-92.9165	1
40.4906	-112.057	1
48.571	16.5622	1
18.405	-66.0605	1
45.6235	0.0677579	10
48.5303	2.25007	54
18.4662	-97.4224	2
47.7829	-2.91644	2
26.6294	-80.212	1
52.3368	0.993579	1
40.0624	-8.59427	1
55.8832	-3.33702	1
42.3527	-83.0992	1
49.1048	6.19605	29
48.1114	7.39228	5
34.2613	-5.91812	2
48.4007	1.89249	2
51.2583	5.71529	1
-5.14383	119.426	5
44.2839	0.247698	3
14.7759	-61.1338	9
38.2753	24.508	2
33.5914	-101.888	2
19.3287	-99.4658	3
48.6892	-1.356	5
47.9827	-4.12806	13
60.9715	25.6661	1
52.4955	-2.07576	12
21.0981	-101.601	1
41.8338	-87.7319	18
51.3819	-0.282529	3
49.4989	0.477428	1
36.8883	10.3286	1
52.4165	-0.718361	1
14.5754	120.98	8
43.1365	6.35679	1
28.342	-81.365	3
53.3688	55.9144	1
46.5287	6.65208	10
47.5193	1.09435	1
34.0828	-117.908	12
48.7082	44.5221	5
33.5004	35.422	1
41.4988	-81.7058	1
48.924	2.02488	64
-27.0467	-48.5889	1
33.6674	-116.191	3
50.5977	36.5848	1
48.5971	6.50364	1
43.3176	6.63401	4
38.3303	-85.8279	1
-12.8753	-38.5026	1
33.647	-117.837	1
51.6656	35.6772	1
49.0944	1.46739	10
53.8224	-1.54536	3
43.1948	6.03633	3
53.0927	6.90846	1
43.1284	131.914	1
64.5245	39.7407	1
31.7538	-93.115	2
29.6917	-95.5161	2
47.6967	2.01912	4
48.9425	3.33123	3
39.7666	-86.4413	1
47.8661	2.21524	1
48.8387	7.82161	2
-23.3921	-46.4539	4
45.5274	4.87983	7
-1.27786	36.8781	3
47.4839	-2.31526	1
44.8484	4.34446	1
-33.4346	-70.6283	8
49.1654	5.36702	1
43.3531	-5.88123	3
46.2473	1.38375	1
3.49394	102.329	1
38.2631	-77.5619	1
50.8636	5.83196	1
42.2733	-83.7377	2
31.8111	-106.43	2
52.307	104.253	1
40.0691	45.0382	2
45.5966	5.43878	6
48.7646	2.31052	1578
10.2302	-67.2978	1
39.843	-76.8335	1
47.3811	0.692534	20
3.52709	98.6149	10
46.288	6.80184	2
-6.06237	105.9	1
48.2156	16.4711	1
34.3985	-119.75	22
43.4217	5.03748	15
47.2915	-2.53691	1
51.0552	2.45065	27
51.4263	-0.669796	3
45.5625	5.94552	1
32.2299	-110.957	2
48.4784	-2.50863	3
42.1388	-80.0183	1
47.8294	-3.14833	1
48.1316	-0.321264	1
43.6082	3.87769	63
43.0081	-83.742	1
44.734	-1.08901	4
52.1486	4.3985	4
36.0809	-80.2547	1
45.5701	9.01897	1
7.10602	125.615	2
33.3919	-86.69	1
46.8415	-71.3703	11
3.35359	101.253	2
48.4177	3.24566	2
0.830694	104.072	1
-22.7106	-47.7943	1
49.1038	-1.11192	3
49.2535	4.05493	6
49.8729	2.35878	7
14.3867	121.005	3
-6.23597	106.988	9
43.2607	-79.9135	1
55.0193	-1.65244	1
49.3342	6.06405	79
47.4228	18.875	1
32.005	-97.1193	1
49.5676	3.67427	2
48.2097	-2.79421	1
-25.4539	-54.4571	1
-6.56218	106.771	6
54.6138	39.8799	1
8.57522	-71.1803	1
-25.7004	28.2579	4
42.2958	-85.5723	1
33.8881	-84.541	1
38.0022	-79.1465	1
51.0364	3.7103	2
-7.4351	112.731	2
43.2923	6.19786	1
6.12676	1.2065	2
36.8687	-2.37369	1
44.5462	4.81226	3
3.89572	103.077	2
31.8992	35.0085	1
-36.6044	-72.1001	3
-5.79931	-35.2216	9
43.5315	5.38956	21
31.8536	-102.394	1
5.1846	97.1397	1
50.6163	37.3015	2
0.0	0.0	81
49.1502	2.27003	21
42.0058	9.36691	1
35.5279	-108.69	2
31.7745	-97.1039	1
56.6282	47.8837	3
29.5042	-95.5239	1
50.7037	4.39866	40
-6.23296	106.834	55
25.6719	-80.3369	6
12.1229	-86.2171	2
42.469	-82.8954	1
30.7143	76.8241	1
49.6538	2.82082	3
14.7374	-60.9618	29
43.6121	39.7117	1
43.388	6.07831	2
14.9732	102.081	1
45.2408	4.775	2
39.4207	26.8072	656
-3.75745	-38.7914	1
39.4745	-87.3993	1
7.06654	-73.0965	1
35.975	-78.8993	1
40.047	-76.4878	1
58.9165	5.72931	1
-22.5832	17.0928	1
34.0284	35.6399	1
49.0553	-1.44498	1
49.5425	5.68395	18
43.3113	3.48433	6
10.3164	123.906	1
45.8617	-1.18549	1
50.7518	2.2612	1
14.6961	-17.4671	79
53.0078	-2.18069	1
-8.70594	115.226	5
35.7755	-5.81654	1
34.2468	-118.446	2
2.27678	102.284	6
41.2903	-72.9394	2
45.319	5.60487	2
43.5646	4.06201	3
28.6211	-81.4564	4
53.908	27.5416	3
46.2048	6.14319	88
-26.1899	28.0134	7
54.976	73.3784	2
44.3436	6.3797	1
42.7466	-75.77	8
32.6848	-4.73837	1
35.7549	-78.5884	2
51.576	4.64267	1
43.4709	-1.55612	8
36.6866	-121.641	2
30.596	31.4762	1
48.4308	3.55807	6
48.2977	2.2877	3
64.5713	40.522	3
49.0951	-0.504802	1
41.1252	1.26876	3
34.5338	132.441	1
53.2791	34.3808	1
-0.0412653	-51.1726	3
19.4325	-99.1534	45
19.5865	-96.9416	2
33.241	-8.51061	1
55.4359	65.2991	1
41.6939	-73.9187	1
34.8333	-82.3691	1
51.8039	55.1908	3
46.4862	0.34964	14
55.7559	37.5483	62
41.8122	12.7385	1
24.8103	-48.7785	1
49.5007	0.14108	24
37.9304	-1.21808	3
36.1607	-77.6894	1
32.8246	-117.109	2
-20.8756	-54.2616	2
33.769	-117.969	1
64.0638	24.6625	4
48.9609	5.08433	1
32.4413	-87.0357	2
57.7686	40.942	2
42.3144	-70.9703	5
38.446	-122.726	1
36.1306	-111.223	1
46.2638	4.79476	4
43.6134	2.24476	1
33.8101	-117.824	1
45.5538	2.2941	1
-23.9555	-46.5075	1
43.2155	2.34975	4
48.9035	-1.51272	1
47.9945	1.85226	43
44.0655	5.04672	1
42.2607	9.5167	1
43.4546	4.89887	3
39.9448	32.8531	2
-22.9056	-43.11	1
49.3081	2.61529	28
-21.5452	-42.6605	1
43.5679	11.1332	1
39.9541	-75.2514	6
31.1689	-100.077	2
44.5447	6.06139	1
-6.43418	107.477	2
50.749	5.05229	1
40.3541	23.9505	1
49.7067	2.34525	1
-22.0668	-42.9237	3
33.6512	-112.137	1
47.0781	2.39819	4
51.2606	4.35816	4
54.7042	20.472	3
4.43242	101.218	1
41.3941	2.1393	3
53.5848	-2.17651	6
-20.9373	55.3044	4
41.4941	2.35881	1
40.9174	-96.4754	1
43.2072	76.6599	1
46.6043	0.459864	32
48.6451	-2.83042	1
45.2916	-73.2312	1
35.6215	-92.3073	1
42.2388	-84.4078	1
34.2585	-6.58228	3
-23.8041	-46.5307	10
33.9663	-6.83949	23
19.973	-99.1713	2
48.6209	6.36136	6
51.8426	5.83296	2
38.2326	-122.033	1
47.5328	2.85118	3
-26.7019	27.0827	1
34.5968	-83.7513	1
49.2295	7.00891	5
50.4823	3.19925	9
36.8594	10.1627	2
5.70857	-0.157848	5
44.2227	1.53152	1
2.06667	45.3667	1
2.68911	101.876	3
50.4594	4.85369	8
42.917	-78.8507	4
43.3243	-88.3804	1
48.9374	2.17431	79
37.5118	127.023	4
48.95	4.32781	5
45.9423	4.69819	7
4.08016	-76.1929	1
39.7236	-2.92845	1
39.9341	-75.1014	2
48.6455	4.96577	1
46.5278	6.82599	2
33.4968	-117.083	1
51.2091	6.00157	2
25.1917	55.2757	3
32.0323	35.7225	1
44.3322	5.06482	1
-33.0379	-71.4102	1
50.6712	3.18857	31
40.3653	-82.6694	3
40.9099	29.1546	4
4.36063	100.952	1
-35.0953	143.257	1
29.1627	-82.1681	1
48.5953	2.06271	27
45.9085	3.15373	8
44.3716	4.8991	2
12.6751	-7.92197	2
29.2863	48.064	2
52.2233	6.86858	3
15.9853	-61.7168	1
49.5571	2.93379	13
-15.8765	-47.9775	1
-30.2041	-50.8677	1
53.4424	-2.23348	8
35.8468	-86.4113	1
45.7455	4.71815	1
37.5195	-5.59482	1
56.8425	60.6157	6
48.5157	3.71545	1
52.3834	13.1196	422
33.44	-86.8398	2
42.6561	-71.3304	1
41.9184	-3.75218	1
49.0918	0.590506	1
30.0069	-90.2438	1
35.305	-80.7244	1
51.1702	-0.169152	1
28.5866	-81.202	2
44.1402	4.82685	1
47.8223	-4.2455	5
33.2376	-97.1451	1
19.1114	72.821	1
48.6648	3.12989	6
48.6818	2.18639	47
21.3255	-157.801	1
44.7036	-0.460157	1
50.1062	1.49476	1
48.0709	-0.771879	10
-4.83533	-38.1518	1
51.3415	12.3867	1
43.7595	1.99757	1
28.0205	-16.652	1
-1.74911	102.839	7
35.7169	-0.600038	4
37.1804	-3.59799	2
43.3734	-1.44071	1
35.4651	139.62	1
47.6576	-2.74818	2
52.5016	4.67481	3
-23.086	-45.5067	1
-22.916	-43.4473	21
3.07292	101.519	14
50.8178	3.27229	1
45.5525	3.2577	1
38.1167	-122.277	1
33.8882	-118.077	13
46.5662	3.38512	1
49.1994	-122.913	24
2.98969	9.9247	1
6.91545	79.876	1
42.5654	20.9269	2
30.0836	-95.9871	1
48.8202	1.72535	15
42.3433	-7.90485	2
39.8279	-86.2659	1
53.2975	-3.06875	1
27.9944	-82.4681	4
49.4001	11.2274	1
50.8749	2.48115	5
49.0532	3.95574	1
57.6508	39.8704	1
48.5829	1.58186	4
51.9585	6.28045	1
47.7938	3.58167	3
56.1107	-3.32511	2
46.5337	-0.7526	2
-22.3069	-42.4674	1
37.8264	29.7126	1
26.0017	-80.3619	3
49.8524	0.59461	2
29.656	30.9731	1
-29.3292	-51.5004	1
47.1372	2.20876	1
-3.3671	-39.5891	1
51.0073	5.58585	4
45.5958	5.27463	17
39.3234	-76.6233	7
33.9121	-6.97173	1
51.4736	5.6531	2
44.3992	-122.702	3
34.3098	-6.30308	1
13.4853	-16.6652	1
40.6447	-112.043	1
52.3323	-1.27439	2
-23.3458	-47.8242	1
51.9037	-9.03369	2
36.3606	36.219	1
45.8644	-0.83785	2
39.7299	-75.5295	1
45.9241	6.7018	1
20.6767	-103.337	2
37.7178	-122.442	17
43.2569	3.28616	6
47.3189	5.04711	22
48.0755	1.3298	2
48.1369	1.85469	1
51.527	4.47267	1
38.5877	-82.8528	1
5.04519	-75.5006	2
52.958	-6.39532	1
45.8196	3.76791	1
48.3909	1.04065	1
39.1024	-84.5155	2
21.8495	-102.327	1
52.2317	5.16051	1
45.4697	0.73008	1
-23.513	-51.0998	1
16.3555	-61.415	5
48.7488	1.92179	59
53.3146	-1.10336	1
33.662	-6.4168	2
47.6604	-2.0725	1
55.6179	37.6978	6
56.1308	47.2532	1
43.1168	-79.3299	5
54.6851	-1.79769	1
18.7701	98.968	1
48.9509	3.12943	6
35.1421	-79.0015	1
48.5723	-4.52442	1
48.05	0.4797	1
52.3707	4.61003	2
32.6072	-96.8102	1
45.573	-73.5801	9
19.5205	-98.8886	6
-14.2393	-53.1848	11
42.6061	2.93654	6
56.5222	84.982	1
38.5573	-76.5542	1
53.9006	30.3484	1
45.3201	6.54032	1
51.9295	5.41435	1
40.9667	27.4966	1
-5.57684	-37.0035	1
42.6818	9.30512	1
-7.02496	-37.2716	2
-1.71186	113.698	1
23.6254	-102.558	3
52.0231	5.55162	2
58.5905	49.6388	1
56.0393	37.9111	1
36.0937	136.297	1
48.1665	-53.9832	1
38.8151	-77.0909	9
53.2218	6.56477	2
19.6302	-99.1307	4
50.362	3.51425	16
-5.569	-50.0651	1
42.1087	140.576	1
37.0212	27.2513	1
49.3598	1.79644	7
19.4735	-70.6672	1
43.5965	5.00979	66
0.44526	9.42221	3
49.3845	2.40015	24
-23.5108	-46.8823	6
22.3111	-100.956	2
48.7803	5.29377	3
48.7734	2.07451	199
53.1958	45.0387	3
58.5534	31.2773	2
37.3282	-121.896	1
4.79877	101.098	1
45.5565	6.22871	1
53.2165	-4.10103	1
20.3296	-97.8959	1
48.7202	7.71643	16
49.5431	0.955027	3
40.5778	-111.91	3
4.54311	-75.6576	1
2.81636	-60.6765	2
46.812	1.83473	2
-7.606	110.785	2
49.7738	0.441958	1
-20.1646	-43.9547	1
46.667	-1.28332	1
51.4708	-2.617	5
-25.2871	-57.6438	1
-20.7497	-45.2854	1
42.907	-85.843	1
5.18586	-52.7115	1
44.4065	0.600842	1
46.8645	-1.0288	1
16.2552	-61.5252	45
35.1046	-120.574	1
43.6008	1.4329	77
46.9709	-122.508	1
52.6973	6.20252	1
50.3878	-4.17372	1
43.4766	1.56629	2
32.9241	-96.4354	1
6.17398	1.3579	3
49.6993	4.92646	1
18.1355	-94.4325	1
-33.7742	151.172	3
51.6035	4.31706	3
46.4071	0.730362	2
33.9599	-118.408	22
52.8323	-9.43962	1
48.4841	-2.96017	1
50.3991	30.6454	2
40.3654	-8.66365	1
50.0127	2.08635	2
-22.6052	-47.3609	2
4.73467	-6.6292	2
32.3795	-95.3224	1
47.6652	-0.245747	1
43.9889	3.60041	2
46.1153	7.06481	2
51.8139	-1.29479	1
34.1693	-80.8932	1
40.5646	-74.1468	2
-30.0997	-51.1593	8
47.8105	2.79348	1
40.1431	49.4523	1
11.6192	-70.2144	1
54.661	39.7144	8
42.4792	-90.7014	1
9.92362	-84.0648	1
39.9421	116.396	1
40.3537	-94.8858	1
16.3017	-61.6621	2
45.5346	-73.4101	1
-33.9076	25.5553	1
53.6483	55.736	2
47.0762	15.431	2
50.8706	-1.57773	9
41.0073	28.8745	8
35.3742	139.185	1
-0.19256	-78.4875	1
45.3126	1.80842	1
4.08487	9.67357	26
32.1715	-4.77038	1
52.3416	9.37696	1
34.9671	135.773	3
48.5693	7.76221	56
45.2126	1.49032	2
32.9733	-80.0056	2
21.7836	-72.2039	1
51.624	-3.95065	1
48.3477	-1.18796	2
2.42885	102.227	2
47.7174	-1.37461	1
40.5247	-3.81615	3
44.8267	-122.874	1
48.5498	-1.7553	1
-2.91891	-79.0031	1
1.58045	110.3	1
30.0608	140.596	1
48.6839	6.11844	27
46.6281	5.21404	2
-7.40325	109.251	2
48.019	6.58899	1
45.552	-73.7359	19
18.2582	-65.9755	1
48.0919	-1.68187	30
19.2363	-99.082	1
52.3311	4.92749	6
33.8291	-84.1811	5
-0.587732	111.388	2
52.5068	13.4246	4
46.6793	-1.43524	3
59.724	30.4085	5
32.9864	-96.8995	1
40.0675	-79.8931	1
43.451	6.79082	19
48.5973	-3.82258	2
43.4465	3.75877	1
8.76751	-75.8659	1
52.2888	5.62055	1
45.92	6.4245	2
-8.0436	-34.9394	10
37.0332	35.3138	1
-34.1898	-58.9458	1
-36.7374	-71.0353	23
48.7106	2.74153	9
38.8355	-9.36059	3
49.1776	1.33333	1
-15.4552	-55.8425	2
44.2093	4.0433	1
46.8942	6.77123	2
47.0857	2.04656	1
10.4091	-67.2863	1
51.2185	-0.324576	3
-26.2617	-48.9665	1
59.9935	30.6451	1
2.9254	101.76	4
45.3987	11.8908	1
49.0491	7.18387	2
34.0113	-5.0103	12
36.0286	-115.086	2
48.4227	2.15247	15
44.7011	-0.0728723	1
30.2036	-85.6033	1
48.0809	-3.07886	14
48.4084	-4.49955	6
46.3734	6.14645	3
38.6584	29.3952	1
44.9023	-93.2051	4
43.2621	5.57712	7
13.6831	-89.2349	1
37.3993	-5.9424	1
53.7602	-0.347884	1
50.4416	2.55532	10
6.41556	100.211	1
10.752	122.572	1
54.516	-5.89277	1
-41.4446	147.127	1
35.2257	-111.58	1
59.2268	39.8381	1
-7.2771	112.717	19
-11.0019	-37.1007	3
49.3103	7.33341	1
49.6735	-1.68533	5
48.9915	1.73697	108
14.7196	121.011	3
49.088	-0.088292	2
51.6793	39.236	5
47.7543	1.57233	1
45.1581	7.3865	4
45.692	6.39057	1
45.8357	4.99631	8
15.5186	-88.0159	1
29.893	-81.3163	1
45.4274	-122.826	1
47.2611	39.628	4
33.7678	-84.4181	4
48.6297	2.44188	507
45.8902	6.12665	4
14.5592	-90.7357	2
-25.0606	-53.398	2
48.3077	2.01196	1
50.3602	3.27176	3
42.0382	-74.1195	1
34.8614	5.71459	1
3.82953	103.304	3
35.6677	139.691	5
42.4219	9.0665	2
43.5926	3.36692	4
46.0377	4.07964	15
45.5731	-0.828329	1
3.14845	101.705	52
47.9981	2.73158	6
40.1889	29.0625	1
45.7433	3.27751	3
18.1163	-66.1405	1
-22.803	-47.4357	3
47.1533	4.34438	1
-15.7763	-47.7966	10
43.4679	-79.6999	1
37.7568	-100.031	1
45.1952	0.65529	2
52.0208	-0.734675	1
19.6014	-90.3361	4
37.3514	127.104	1
40.7328	-82.5203	1
34.4009	-118.078	1
-21.242	-51.5713	1
54.5135	-5.6262	1
49.5817	3.81818	1
53.5203	49.4315	1
45.6586	2.00509	1
-23.6404	-46.6005	38
35.3368	129.024	1
-27.6364	-52.2459	1
26.226	-98.2567	1
33.6908	-84.147	1
46.7916	-2.04792	2
51.4584	-0.964444	2
27.6986	-83.8046	1
0.247298	-51.0637	9
13.9603	121.146	1
44.3826	2.5617	2
49.7863	73.1434	1
41.8984	12.5451	4
-6.94136	106.924	2
37.8448	-92.1463	1
49.4181	2.0694	21
49.3798	8.68287	1
53.2285	-0.546794	1
19.184	-96.2312	1
36.7061	-85.1396	1
41.5222	-5.39421	1
14.6268	-61.0749	75
47.393	-0.0511147	9
49.2567	2.47009	42
52.2328	21.0607	5
34.4816	-117.394	1
4.93546	-52.3235	13
48.2208	0.75615	1
48.6224	0.0485235	2
7.35496	-2.33846	1
32.8084	-79.9512	1
-37.8173	144.962	2
48.149	2.7711	2
51.0026	-0.385167	1
53.4309	-2.96087	1
48.6189	2.97564	28
48.4235	2.75875	9
46.1151	6.36895	5
49.2058	3.5421	2
45.184	5.71568	27
51.5751	-0.551845	3
44.8775	-0.935254	1
46.4156	4.9503	1
41.7625	-72.757	2
31.6288	-7.99679	20
49.6236	6.11624	9
-7.31187	110.362	1
4.01689	101.971	1
50.1324	1.83929	1
43.6293	-79.2725	21
-0.457265	117.152	1
49.5741	2.43971	12
48.1947	3.30397	9
55.7615	52.0397	1
61.2734	73.4332	3
24.6625	-107.342	3
47.483	-3.11984	2
43.7951	3.71192	6
37.9947	-0.704231	1
46.8089	-71.2188	2
39.1359	-76.8686	1
40.3596	0.402866	1
43.0349	-76.1348	2
49.3294	8.43412	1
52.5302	103.865	2
17.405	78.4115	1
48.9174	11.408	1
39.5868	-77.0263	1
37.9679	-121.289	2
53.5626	-0.10828	1
50.3762	3.72985	2
33.8108	35.8306	2
59.9394	30.0922	13
-29.9189	-51.0951	1
37.482	-122.226	1
38.2618	-76.4706	1
34.234	-119.193	3
25.6412	-100.294	6
47.001	6.91976	4
48.2966	4.07604	24
49.269	-122.756	2
49.2285	-0.304358	62
42.9347	-87.945	2
51.0565	31.8951	1
55.7514	38.7177	1
43.2489	0.106426	4
-24.1265	-52.366	1
48.3421	-122.671	1
47.7468	-2.26634	1
-20.785	-49.3592	2
19.3732	-99.0089	1
48.8496	2.8152	18
-3.06735	-60.0623	2
43.8455	7.23663	4
51.0042	2.29421	40
35.4008	139.376	3
40.4169	-3.7081	4
47.4866	0.94688	2
60.1074	30.269	1
41.5641	-71.4715	1
43.7401	5.07821	2
-26.259	27.8561	3
48.0046	-3.53329	1
37.7586	-121.954	1
-23.54	-46.3466	1
13.7552	-89.5769	1
-2.57242	-59.9803	7
48.3431	-3.47336	2
56.9715	24.1287	6
49.2714	6.23184	11
51.9245	4.27161	6
38.8048	-77.237	2
35.4763	-97.2794	1
42.8506	-2.69861	2
40.8314	-73.8681	29
46.0382	0.198972	3
52.1675	-2.40598	1
14.0904	-87.2129	1
-22.7442	-51.4132	1
39.8678	-3.99721	1
45.3231	9.36708	1
50.1843	5.5768	1
45.6897	5.01684	9
55.8197	37.8733	1
50.9984	2.09405	1
52.3995	16.9063	1
5.57537	-0.229013	2
47.0203	7.47973	1
-1.95172	30.0584	4
-6.12519	106.716	3
43.1487	-8.96735	1
-26.8815	-52.4157	1
43.7507	11.6039	1
59.7646	9.92338	1
52.1976	0.126573	1
-17.9317	145.933	1
46.1211	3.35142	1
-23.9506	-46.2257	5
33.893	-118.222	14
46.7738	0.494215	4
6.67857	-1.57586	1
-23.1902	-46.8715	1
30.4183	-81.7688	1
-3.3969	29.3535	1
-34.9744	-71.2202	2
51.9582	8.93749	1
40.6974	-73.9797	28
38.9104	-6.34315	1
37.531	126.872	1
43.6564	6.91498	11
43.6308	-1.42971	2
47.2907	7.03242	1
30.033	-89.8826	1
48.7493	-1.55548	2
50.9425	7.30428	1
12.9901	77.7241	1
20.941	-89.6236	5
-21.27	55.53	1
42.8158	-1.6496	1
43.8294	5.78964	2
1.5254	103.838	12
52.483	-1.89359	1
49.3758	3.27936	1
46.9393	2.52124	1
46.0024	5.17028	2
48.1107	-1.19703	3
29.8239	-95.4621	7
53.8603	-68.4259	1
48.4385	12.9548	1
51.6772	-2.01874	1
19.7531	-72.2156	2
1.45991	103.403	1
41.0016	28.5323	4
53.12	8.7361	3
41.2927	12.5735	9
27.7779	-82.6292	1
30.3157	-81.3852	1
32.3956	-84.9445	2
38.0034	-79.4209	1
39.6186	-75.6795	1
45.2662	9.50216	1
53.9987	26.9799	1
48.9569	1.54012	4
3.88967	11.5048	17
40.1988	-74.0358	2
55.0811	36.6037	2
11.0056	-63.8345	1
47.6864	7.30364	17
48.7784	7.45324	1
19.0322	-98.1543	4
29.4327	-98.6778	4
50.9471	4.07339	10
33.7666	-116.976	1
47.7174	2.66849	4
25.7824	-80.2295	44
41.122	-75.9529	1
-36.792	-73.0837	2
18.3197	-64.8824	1
-6.22744	106.604	4
8.44339	-82.4827	1
33.9216	-78.7576	1
-1.43301	-48.4518	4
46.8413	5.36309	1
54.9703	-1.44357	2
51.613	-1.25087	4
52.0232	5.03082	3
34.6982	135.493	1
45.0906	6.0636	1
-23.0614	-45.9175	5
-7.97656	112.628	14
39.0903	-77.0795	6
-2.62921	-44.3026	2
20.9989	105.888	1
55.705	37.3564	3
51.1869	-2.9631	1
49.3907	1.03238	74
51.2749	0.189141	1
33.1135	-96.672	3
29.6473	-95.6512	1
47.0937	-1.26503	1
50.8642	-103.333	1
-2.97897	104.771	2
47.2565	39.7904	1
43.2943	5.40513	148
53.1403	6.03009	1
50.6483	5.87979	2
48.7453	2.52516	640
41.817	-71.421	1
61.7359	34.4038	1
55.8946	37.269	4
34.7445	-87.697	1
37.1559	-76.5791	1
43.3987	-0.572838	1
46.5495	4.67403	1
36.2768	-6.07974	1
-6.36653	106.922	11
44.903	4.90627	2
40.7098	-83.8448	2
44.8475	9.63636	1
48.9005	2.48481	819
18.9742	-99.2332	1
45.8326	3.38886	1
-7.51799	110.591	1
54.3842	-3.00504	1
44.444	4.346	1
49.8155	6.1333	1
47.2248	-1.63039	312
-22.8952	-47.0303	12
44.1101	3.08632	2
50.7341	2.72776	3
57.8617	11.8964	1
-7.79722	110.369	15
39.9306	-74.9575	1
-27.6534	-51.0923	3
52.2775	8.05524	2
-20.1397	-40.3039	1
13.9823	-89.576	1
43.282	2.0893	6
10.3861	-75.4726	1
52.0166	5.18196	1
56.6696	23.758	1
36.1007	-79.839	1
49.1159	6.71335	7
-7.18116	-39.2756	1
4.76433	-74.0433	2
43.1755	-0.240416	3
40.2659	-7.5764	3
51.5906	0.471691	2
48.2853	6.94179	7
43.412	3.30164	7
46.1621	-1.17657	7
19.6806	-101.222	1
-23.7108	-46.4227	5
56.4373	23.5066	1
45.3311	3.36791	1
46.4157	-0.0451789	1
-21.831	-41.2711	1
46.6485	0.244562	7
51.0258	6.90652	1
53.3596	89.9062	1
21.2978	-98.3734	1
42.5459	-85.884	1
45.2295	6.40182	1
48.8604	1.34405	7
36.5971	-4.55233	1
45.3227	-75.6672	2
6.43955	3.36608	1
49.0102	1.90413	49
40.5954	-3.24754	1
40.4962	-3.36562	1
47.899	-1.94898	1
2.04811	103.382	4
36.7174	2.85039	3
47.0885	5.48798	3
59.9341	30.3287	18
14.5621	-90.5429	3
52.2796	43.7265	1
24.8112	-107.393	1
42.5091	1.54274	1
39.9123	-82.957	1
42.6809	2.79061	1
56.5904	59.9662	3
48.4345	3.92443	1
30.2052	-81.553	1
41.9399	8.75243	20
46.3456	-1.43336	2
52.1331	1.41994	3
47.2755	-1.42669	13
52.4598	-6.58001	1
45.4687	4.50826	7
39.4224	-0.352529	4
46.0908	-64.7703	1
48.068	2.05768	3
48.1461	0.133874	3
-3.78965	-38.5199	6
46.5039	-1.77833	1
-12.0963	-77.0067	2
41.7022	-87.6616	1
47.4892	4.13338	1
49.4015	2.85486	5
44.886	-0.782283	1
46.4386	6.28941	1
43.1378	-1.29342	3
43.2335	2.67152	1
45.3794	6.00529	1
48.3884	2.96241	22
58.6089	125.403	1
45.641	0.258407	10
34.0024	-5.5429	4
51.2433	-0.54822	2
42.997	-77.3945	1
42.9586	-85.072	1
20.5833	-100.378	3
41.4881	-73.0532	2
33.5804	-7.63887	22
1.10482	104.041	2
51.4375	5.46716	1
44.9256	-0.245861	3
50.4888	4.20175	1
47.4391	6.58419	1
30.5228	-97.6701	1
51.5163	3.83821	1
-9.64114	-35.7001	1
48.383	31.1814	33
-5.21541	-42.8028	2
55.0015	82.9557	1
6.31417	-75.5661	1
11.0098	-74.793	1
50.7079	1.57343	2
47.916	3.34438	4
16.2586	-92.301	3
41.9544	12.773	1
43.7087	4.63576	6
42.6996	-71.1623	1
-7.27568	-35.9777	2
-22.8513	-42.0344	1
43.4509	5.26554	9
41.0438	-85.1735	1
47.7452	-3.37891	1
43.5884	-84.7801	1
46.0623	6.57731	2
49.3555	0.528192	1
42.6959	0.93557	1
39.8028	-75.0442	2
49.8311	3.32357	4
43.365	21.8216	1
49.018	1.13818	12
43.7807	11.2448	2
50.4465	30.4413	2
47.9119	7.20955	2
51.5265	45.9785	10
49.1749	6.49648	2
38.9157	-94.6286	1
40.9139	-74.7129	1
46.6327	142.784	1
46.8934	-102.795	1
48.5629	3.28423	5
49.2214	1.15544	3
46.9853	3.15922	4
44.4566	1.49852	1
47.0358	-0.874798	2
6.01225	116.396	1
-21.1664	-47.8332	4
30.2978	-97.7533	5
-16.4831	145.465	1
3.91597	-76.2882	3
48.131	11.6067	1
53.7172	27.9867	27
29.6575	-95.1901	5
56.7836	60.4795	12
22.3737	114.177	2
33.6163	-7.39152	1
47.4824	19.1295	1
46.349	2.84211	2
44.1718	6.14636	1
4.61	-74.0731	2
49.053	-0.704878	1
43.8246	4.52058	2
40.1847	-3.68796	1
51.8349	4.70643	3
46.2267	2.20912	3
30.247	-7.75664	1
33.261	-7.58724	1
47.5991	7.49917	4
50.0761	19.9	1
-5.41805	105.258	1
52.118	-106.657	1
39.0919	-94.5755	1
-6.93751	107.766	1
47.0877	-122.32	1
29.9604	31.2502	1
42.3617	-83.425	2
34.0804	-118.178	36
43.3215	-0.343157	31
43.705	7.26631	35
52.7026	4.81103	1
14.4814	-61.0174	7
50.6246	5.59934	5
38.7933	-1.72707	2
46.2008	0.163321	1
38.6834	-121.386	1
32.8453	-79.7874	2
44.7539	37.7704	2
47.7634	-1.70932	1
36.8429	31.0876	13
26.4561	-80.0918	2
47.7137	7.06556	2
43.0997	-79.0086	2
25.267	51.5597	1
53.5732	-113.603	2
43.1447	2.87033	1
49.1256	-122.696	2
38.9637	35.2433	67
-23.0537	-47.7053	1
48.2197	-122.531	1
52.9061	-4.12244	1
-5.18745	-37.3473	1
-25.2963	-49.3218	1
39.868	-8.9741	1
53.3984	-2.58542	2
9.55403	-13.6725	1
52.0853	-9.80617	1
52.6028	39.5755	3
32.5393	-92.0767	1
44.2012	0.629433	3
33.5219	-84.2334	1
37.7048	-122.166	2
45.4613	9.15934	5
-22.8428	-43.2606	1
16.7419	-93.1397	4
-19.9784	-44.0336	6
49.0869	6.0485	1
5.38554	-3.98272	27
43.0247	1.42634	2
32.7738	130.714	1
47.3859	-122.313	1
38.1022	-86.2759	1
41.7581	2.06928	4
49.3534	0.0751004	3
45.3746	-74.1388	2
55.4372	37.5997	2
50.7782	5.97428	4
45.4507	7.01073	1
49.5779	2.23838	2
34.3395	36.4751	1
46.896	0.5826	9
5.32964	103.141	1
40.9956	-76.9252	1
-20.595	-47.3472	1
38.1876	-120.682	1
48.6933	5.84181	1
35.3328	33.2769	1
-34.5851	-58.4141	1
49.1003	4.94288	1
44.2151	20.9238	1
48.4392	1.49588	17
39.8905	-83.4345	1
33.3168	-117.483	1
49.0025	0.14212	1
45.8937	-0.518248	1
34.8522	-117.086	1
36.5075	-4.87291	2
48.9029	6.05928	2
40.8565	-91.4298	2
43.8527	1.37204	10
47.8523	1.92636	12
55.8554	-4.23242	11
33.5051	-111.928	1
57.1506	65.5568	5
50.2786	3.93707	2
19.8266	-90.5262	1
51.1098	3.03003	1
36.1146	-94.135	2
-34.0573	18.8374	1
36.2643	-115.233	1
48.4064	2.55664	8
25.0169	55.1383	2
31.5648	74.316	1
31.7976	-106.248	2
41.6962	-81.3024	2
37.8708	-122.301	2
-23.1117	-47.1947	2
52.6316	5.07012	1
36.7418	-119.76	1
50.471	5.69375	2
45.5432	-122.655	2
47.6724	6.84786	1
50.5265	9.00444	1
48.8987	-0.192645	2
-17.8586	-42.5919	1
42.035	11.868	1
-5.15527	-44.1652	1
32.7307	-117.231	1
42.4885	-83.148	1
57.3054	18.5194	1
-3.1107	-41.4845	2
58.0225	56.1443	3
-33.9134	18.4245	1
52.3729	0.0072265	1
30.3645	-81.562	1
32.7494	-96.8736	1
42.378	-83.2668	9
49.4611	1.64134	1
50.5669	4.04146	1
38.2627	-121.264	1
-2.78878	-56.9094	1
49.9639	5.50155	1
39.1842	-77.2274	4
35.7141	-6.91635	3
42.0618	-72.4988	1
-4.2522	15.2857	9
47.7258	-117.471	1
30.5008	-91.1334	4
52.1794	5.90278	2
-16.3051	-48.9725	1
55.7109	12.4771	4
48.8097	3.09159	17
44.9917	0.179534	3
44.0648	1.11257	1
47.031	8.1752	1
43.4745	6.56671	5
43.2063	0.44727	1
43.7831	4.30813	8
-22.985	-47.5033	1
42.2705	-88.0035	1
50.6462	4.26067	5
47.7202	0.496964	1
40.7524	29.8214	1
34.1744	-79.7849	1
-25.4516	-50.0507	1
37.5295	-122.009	2
42.3625	21.1455	1
38.7435	-9.15999	1
56.8631	53.2013	1
-8.50525	115.263	1
40.4147	-75.6109	1
14.4562	-60.8766	3
39.7393	-89.2665	1
42.4931	-83.3707	1
48.9988	7.01459	1
47.354	-1.92031	1
38.9366	-76.7722	2
46.8397	-0.49569	1
38.438	27.1421	2
46.8023	1.69033	2
59.4743	32.0514	9
50.0648	9.22963	1
41.312	69.275	1
52.1683	-0.456997	1
46.8961	-1.82148	1
46.8289	11.7764	1
-19.0045	-48.3585	2
50.4657	4.42306	1
50.7232	4.58798	11
45.7747	15.9467	1
-22.5461	-48.6355	2
-27.4554	153.007	2
42.4205	-73.8615	3
-30.4164	-53.6701	1
49.2457	2.12963	26
43.1534	-8.48066	1
36.8225	31.2775	2
53.2721	12.1137	1
31.2622	121.652	1
56.3975	8.55838	2
45.9539	8.95641	1
54.796	-1.60649	1
49.1002	2.52471	10
41.0927	16.875	1
-23.47	-47.4366	3
-25.6313	-49.4623	1
41.1179	-77.6047	1
39.7639	-89.661	3
44.4061	4.72932	2
43.5805	7.10001	22
36.1496	-86.8031	1
35.2035	-80.836	2
48.415	0.0925958	2
3.75431	101.949	1
50.1548	4.62511	3
52.39	6.46588	1
46.8514	-96.8507	1
-3.99681	39.7308	1
37.3495	-77.4401	1
51.6177	-0.278072	15
-6.34507	106.734	3
3.47156	99.0724	1
48.3022	1.21279	2
33.3942	-112.035	4
44.0635	1.47031	7
42.658	20.2843	1
59.3336	17.98	2
33.8579	35.5734	16
