Latitude 	 Longitude 	 Weight
34.9667	-81.9385	2
41.4799	-87.6792	4
-19.9187	-43.9598	10
-2.93492	115.152	1
40.3887	-75.2668	1
38.5615	-121.461	40
55.5715	38.2275	2
39.2272	-76.7608	13
39.9429	-0.0827677	1
42.5318	-92.4517	2
35.4275	-78.6225	2
33.9609	133.294	1
28.5797	-80.8192	1
38.0378	-84.501	7
41.1354	-85.0619	3
32.305	-93.9999	1
40.2298	-83.3489	2
32.6032	-83.5826	2
35.4918	139.443	6
30.5173	-99.7885	1
50.795	-2.61142	2
39.4395	-83.8203	3
36.0615	-115.083	17
6.48598	3.169	1
39.6321	-84.1588	1
38.502	-117.023	5
34.6992	135.492	7
54.4181	23.9992	1
42.2222	-84.9815	1
32.4761	-86.1582	3
41.0784	-8.56101	1
42.3937	-82.8628	4
60.1538	11.1885	1
4.33218	-74.3786	1
48.7093	2.38444	52
43.6814	-79.7831	5
43.3338	-83.5399	1
55.0563	-1.74735	2
38.8735	-92.0017	1
42.0712	-88.0453	8
51.9187	19.1348	1
-16.4024	-41.0586	1
51.4481	0.318977	1
28.5814	-81.3226	9
42.7782	132.872	2
35.4098	127.378	1
37.5267	-120.887	1
52.1789	-0.88267	3
40.6208	-74.0806	13
29.9616	-95.5708	6
59.9674	11.0659	1
34.7955	-85.003	1
34.94	-79.7629	1
42.9138	-85.7446	1
42.2391	-84.4079	1
-37.8185	144.967	4
31.4791	-110.259	2
30.5215	-87.0126	1
36.768	-108.159	3
46.7226	142.742	1
43.5252	0.1685	1
38.834	-76.7508	12
-7.26133	112.745	52
-31.5614	-52.3341	1
52.6003	39.6002	3
53.2195	6.55377	1
57.442	10.537	1
41.7794	-72.6859	2
-6.90558	107.626	76
39.2809	-81.5426	1
39.7594	-6.24756	2
10.0655	-69.3398	2
53.0195	-2.15902	2
30.0623	-94.9228	1
44.9397	-93.1061	1
40.9219	-76.9719	1
37.8223	-85.7682	4
41.8551	-80.7884	3
34.1146	-84.5184	1
27.4937	-99.493	2
38.8788	-77.407	7
18.352	-67.0021	1
45.0011	-86.2707	2
-22.2168	-54.8318	1
52.023	47.8386	1
52.9722	-2.67968	1
38.6463	-77.3461	5
52.9373	-1.45127	4
34.5417	135.454	1
21.4921	-158.075	3
47.8708	-122.223	2
51.4292	-0.35344	6
37.7602	-97.2833	5
52.2316	5.16053	4
-4.24558	15.2785	1
41.8951	-87.9438	8
42.6199	-83.9965	1
50.9576	6.96747	2
6.55806	3.5108	5
56.8544	35.8997	5
39.9821	-104.818	1
43.615	0.93753	1
42.7489	-84.4805	12
41.1307	-85.373	1
40.4466	-3.7997	3
-36.8288	-73.0439	2
55.9601	-3.19984	1
42.4928	-83.027	5
-21.1873	-45.4382	1
39.9674	-85.8915	2
60.238	24.9892	2
32.4406	-94.7298	2
39.4382	-74.6908	1
28.9699	-111.498	1
24.108	-110.855	1
40.6494	14.8843	1
39.7896	-8.95415	1
34.1682	-111.931	3
-7.14941	-34.8821	7
33.2311	-97.1168	6
37.5012	-77.3902	6
11.15	7.66914	2
42.6513	-73.7771	2
49.2884	-123.073	8
11.2442	-74.1931	1
32.4177	-81.7701	3
30.7943	-81.6578	4
45.5893	-95.8998	1
25.9219	-109.104	2
37.0777	-76.6947	1
-33.0225	27.8668	2
-2.63771	-56.7342	1
56.2911	44.0749	1
40.628	-8.63966	1
38.3434	-81.6437	1
32.7972	-116.941	5
50.7077	1.57415	1
47.0691	-122.931	1
37.7617	126.777	1
30.0508	-89.963	15
-36.3341	141.649	1
-12.1048	-76.9709	4
47.6968	2.01915	2
-23.4057	-51.9683	2
-33.5321	27.0454	1
44.3308	-94.4755	1
-25.6207	27.9922	1
32.7667	-96.5968	4
30.3644	-81.562	7
40.2173	-74.73	3
52.05	4.64519	1
51.4584	-0.970299	4
41.3879	1.66883	2
35.5382	-82.5655	1
37.666	-120.935	7
33.8976	35.5272	2
-25.6893	30.0365	1
3.58111	98.6676	5
39.2077	-120.797	1
35.1906	-101.759	1
33.2023	-96.7441	6
51.2799	1.09365	2
20.9201	-156.696	2
37.8135	-121.338	2
38.3491	-75.1161	1
41.4854	-82.6878	3
40.5961	-74.6	4
35.309	-98.7166	3
41.3672	-74.7	1
-23.3552	-47.9037	1
48.7068	2.54769	35
29.9588	-90.7012	1
39.1408	-84.4682	13
39.4581	-77.4161	1
37.6791	-122.134	21
43.1072	-71.5898	1
36.5559	-4.68427	1
39.6859	-83.9403	2
53.2637	-2.89194	2
38.0402	-78.4849	2
-19.8614	-44.5966	1
32.5254	-92.0619	1
6.68155	-1.60529	2
-25.8782	28.186	9
40.2628	-75.6091	1
-7.8326	112.713	1
40.8938	-73.83	10
14.5572	121.064	19
2.0483	102.584	1
-25.6522	28.2599	3
51.6205	-3.96441	1
55.9382	-4.12919	3
39.3599	-84.3629	2
34.7014	-86.6686	20
27.8773	-15.4801	1
-1.00247	100.443	1
40.6648	-111.861	9
48.9174	11.408	1
36.7362	34.5238	1
34.2002	-88.7169	1
38.3041	-76.5199	1
-27.6163	153.034	2
45.4927	10.8656	1
54.457	21.9704	1
33.6353	-83.9781	8
34.7048	132.612	2
40.629	-76.1729	1
50.6969	2.83246	3
36.6228	-121.84	1
41.3948	-73.4721	3
49.2147	1.79848	1
50.8577	5.70089	1
34.2175	-79.2579	2
37.3053	-6.11304	1
43.388	-1.68407	1
55.4383	37.7578	3
-26.8728	-49.1096	1
-7.59037	112.697	1
2.81675	-60.6768	1
28.485	-16.3141	1
53.3549	-6.2474	12
13.7245	100.536	2
33.5701	-7.63608	6
45.4895	-122.805	3
31.7561	-93.0914	1
34.4089	-118.501	4
45.7469	4.68005	1
45.9842	4.71268	1
34.8296	-86.5109	3
15.225	145.737	1
40.4314	-79.9806	13
5.19878	96.7023	1
34.5531	-88.6345	1
4.80132	101.057	1
35.515	-97.7688	2
44.7117	142.265	1
33.8837	-84.2037	4
35.8305	-85.9786	1
40.8445	-73.1475	2
34.9648	-116.643	1
40.9983	-80.6648	2
30.5803	-92.0893	1
32.6782	-83.1783	35
-7.16245	-47.8799	1
33.4844	-89.8647	1
38.2888	20.6228	1
36.301	-119.264	3
30.5945	-91.1628	16
4.70519	103.442	1
39.5919	-0.587357	1
-27.1649	-48.5994	1
39.9538	-105.063	3
34.2786	-80.5645	1
-30.0583	30.8467	2
-21.6793	-49.7808	1
53.0135	6.59921	2
42.4442	-85.6514	1
31.1336	-97.7256	1
39.2482	-119.962	1
43.4637	-85.9515	1
52.4056	10.777	1
51.6414	0.293931	5
52.0681	-0.772767	2
-28.432	21.2941	1
49.5806	0.468983	1
37.2692	-119.307	13
35.3992	-119.395	1
32.8207	-96.7315	14
30.0811	-94.1291	2
-26.3075	27.9439	37
32.5762	-86.6807	3
-29.816	30.86	8
41.5829	2.0064	2
38.4682	-90.3084	1
6.44473	100.241	1
-22.6446	-43.3052	3
33.9449	-118.028	32
51.8781	0.944645	1
18.995	-99.4767	1
1.66329	103.551	1
34.752	-95.0541	1
19.2708	-99.6499	6
30.2232	-93.1781	2
40.4599	-74.4173	4
41.7749	-87.6113	87
36.9284	-76.4086	1
36.6177	-87.4427	7
13.5377	-7.44189	1
56.2847	43.851	2
34.575	-83.3314	1
-29.1921	-51.3739	1
44.9332	-123.028	2
-36.9138	174.88	10
33.5659	-112.193	9
-2.51608	-44.2321	1
39.6404	-75.6658	5
-25.4591	-56.8903	1
-6.57611	106.762	34
51.5207	-0.142822	3933
37.0682	-88.6206	1
43.1624	-123.384	1
3.5538	103.431	2
35.5023	140.271	1
34.6999	-118.132	6
48.5508	2.65604	8
50.0959	18.5418	1
-19.2891	-41.9029	1
48.0093	3.40923	1
-25.4951	-49.2884	12
47.4118	0.53655	1
51.272	-0.395409	4
32.5889	-88.1966	1
43.8452	10.7301	2
34.2657	-118.73	2
36.9636	-86.4448	1
-34.6161	-58.4143	5
29.481	-98.4934	12
-41.4411	147.128	2
38.5305	-8.86894	15
-7.16446	112.631	2
35.0397	-85.1331	3
39.0094	-77.4645	1
43.6707	7.15032	5
26.1119	-80.1068	2
40.9104	-79.915	1
-21.2133	-47.818	1
44.2355	-123.211	1
-0.0525083	109.345	2
39.7798	-86.1329	14
23.4681	-106.272	1
40.9471	-72.6707	1
37.597	37.7542	1
53.5524	-0.651277	1
29.4933	-95.1128	5
34.1358	-117.901	12
43.9199	4.78718	5
40.3925	49.8207	1
51.6473	-0.773107	1
-7.80284	110.375	37
43.3955	6.29457	1
44.0358	-78.8645	1
30.651	-90.1994	1
39.7681	-86.3676	3
37.6476	-118.978	1
26.0467	-98.314	1
57.1558	-2.20286	2
41.0959	-73.4268	4
33.9615	-87.8814	2
32.6613	-117.091	7
48.2086	5.02872	1
46.2409	-119.22	1
48.0898	-122.192	1
51.2667	22.8865	3
21.356	-157.926	5
49.4962	0.131479	2
39.6468	27.896	1
48.1544	-122.49	1
43.8553	144.464	1
36.856	-120.452	1
5.93465	116.105	3
36.7957	-76.0126	1
41.313	-72.9332	3
54.1937	37.6289	3
38.8617	-77.7739	1
47.1922	-122.239	2
37.9388	140.597	1
36.626	-119.448	2
52.6288	4.74943	3
9.92877	76.3191	1
42.6757	-83.3257	9
50.4252	30.524	5
19.5807	-99.0583	4
38.0651	-75.5556	2
38.4509	-81.9164	1
33.4819	-86.9044	10
43.438	-83.9501	1
43.3168	-73.6454	1
53.459	6.62288	3
-1.27293	-48.4598	9
44.563	-123.284	1
36.3706	-93.5713	1
43.1725	-77.6479	5
52.2561	18.2626	2
48.2857	3.19909	1
48.6221	22.2912	1
36.8138	-119.917	4
-36.8547	174.746	2
34.6477	-120.462	1
48.5455	7.49881	1
43.7578	-0.86741	2
35.0797	-80.6562	18
47.613	-0.469043	1
26.8418	-80.1632	1
40.4844	-74.2752	1
54.3179	48.4689	1
30.1184	-82.6562	2
46.2307	7.35163	1
39.9701	-74.2381	1
45.9449	-73.7448	1
35.5074	139.762	4
41.7314	12.6617	1
-3.67999	128.19	1
47.36	-122.192	6
41.5008	-99.6809	1
34.3134	-89.5333	1
40.073	-74.7243	10
39.9107	-83.8062	1
42.006	-88.3255	1
36.7704	-76.2016	5
-7.40185	112.724	1
35.1295	-90.0268	24
-21.1386	-48.9727	1
45.6461	0.189517	2
40.0713	-82.4439	1
49.256	2.48404	3
41.3023	-72.688	3
-25.4193	28.2869	1
32.401	-86.9959	1
36.1866	-86.7851	9
35.0877	-106.255	1
61.5218	0.00022	1
35.1634	-115.9	4
52.6107	6.49524	1
37.9111	-85.9567	1
-23.2011	-46.9084	3
3.53943	101.971	1
47.0558	6.74292	3
52.4725	-2.0018	6
47.5928	-3.12399	1
41.6882	-85.9652	2
50.2133	19.007	1
-7.58011	110.804	2
18.022	-92.9165	1
-5.49304	-38.721	1
-53.1542	-70.9088	1
36.7392	138.221	2
-22.5845	-47.1688	1
19.6527	-101.276	2
-24.2162	-47.6402	1
37.4263	-77.5166	5
41.6374	-87.6933	2
18.405	-66.0605	4
4.81101	-75.7627	1
50.7782	5.97428	5
31.5131	-106.15	1
-8.12513	112.563	1
43.5442	11.3165	1
41.5623	-93.8169	1
37.7981	139.121	1
-23.6717	-46.757	8
32.6473	-111.392	1
51.9862	-0.21557	2
39.1376	-94.7725	3
44.0447	-91.6365	1
0.523525	101.404	2
45.294	-75.8721	2
14.1183	121.082	2
49.1048	6.19605	4
39.4334	-76.2692	2
4.18391	100.942	1
35.135	129.096	1
-5.14383	119.426	5
18.228	-65.9262	2
3.05115	101.56	16
59.2766	15.2101	1
38.2753	24.508	14
19.4299	-99.2116	21
44.5229	-88.0125	1
-22.8797	-42.012	1
1.91296	103.015	1
-27.1211	-48.9046	1
1.65912	125.108	5
38.249	140.327	5
28.4271	77.1074	1
45.5922	12.7261	1
35.458	139.625	2
49.3464	0.0951415	1
29.6687	-89.9818	1
53.8361	-1.82771	4
39.5999	-104.885	3
-7.60715	110.343	1
-23.54	-46.3466	2
56.5103	9.33072	1
43.4214	5.05077	3
35.9103	-94.961	1
-23.6246	-46.5649	29
35.8035	-78.1156	1
39.1163	-88.5538	1
42.3525	-2.13711	1
-22.3069	-42.4674	2
56.8096	61.324	1
43.0841	-89.4064	4
54.9068	-6.22617	1
51.1998	5.53502	1
53.9522	-1.04621	1
37.7245	-122.485	15
-34.0373	150.831	2
33.4317	-86.7258	2
32.7729	-103.184	1
24.6083	46.7329	1
27.0343	-82.1862	1
43.6934	5.53486	1
29.2721	47.9051	1
35.5771	-5.34233	1
53.8222	-2.71072	3
46.7968	4.44158	2
33.4337	-117.62	1
51.1341	6.00683	1
35.165	136.911	2
53.9019	27.6648	1
40.8612	-82.3027	3
41.443	22.0229	1
40.1023	-75.2475	12
35.8608	-86.378	2
35.3934	-94.3819	1
40.1949	-85.3876	3
39.6196	-77.7437	5
33.8431	-117.582	3
41.9912	-92.5835	4
52.0668	1.18468	2
32.6207	-85.4072	1
7.03735	116.742	1
33.5827	-85.101	3
45.9004	9.39232	2
43.3531	-5.88123	4
32.722	-97.6273	1
35.3343	-81.8737	1
44.1911	-75.2965	2
42.2733	-83.7377	8
42.2452	-71.752	2
36.2101	-81.6722	2
41.5895	-85.8603	1
52.4733	13.4408	5
43.1672	11.4455	1
18.0264	-76.8001	3
51.2384	6.81431	1
41.2428	-95.9624	5
49.0497	-122.34	1
-28.5519	16.4412	1
30.4076	-91.0633	27
45.8369	1.2233	1
39.0958	-76.5708	1
37.7006	-121.424	1
36.9759	-122.036	3
37.2236	-121.982	5
35.8359	-78.676	6
39.9541	-82.8669	6
-2.97757	104.752	3
42.0844	-71.0278	4
59.1972	17.6237	1
33.9476	-78.7291	1
53.5786	-6.12073	1
-21.3472	55.4952	2
30.217	-92.0386	3
30.1167	-93.7961	3
46.2033	6.20286	7
38.3553	-0.515521	1
1.30297	103.857	22
43.4782	-80.5283	2
-14.5043	-56.8506	5
45.5255	-94.1515	1
-31.6651	115.716	1
3.91097	11.5281	2
46.8415	-71.3703	5
-15.8207	-48.0641	1
38.2214	-85.5076	2
3.35359	101.253	2
39.9505	-75.8283	1
51.1689	7.65501	1
42.9659	-85.4539	1
33.3766	-112.101	1
40.2207	-111.669	3
57.726	11.9348	5
16.2486	-61.5427	1
36.4486	-77.0942	3
-23.5339	-47.0999	1
6.89258	79.9812	1
-34.1218	18.4889	2
36.4205	-121.315	1
43.9019	2.17705	1
43.0912	141.546	2
42.2494	-87.9926	1
33.8064	-85.7493	1
49.3342	6.06405	4
51.7729	-0.222842	10
50.8716	-1.57633	14
29.7889	-95.7093	3
44.8638	-0.586176	10
35.1814	-89.887	5
41.4031	-82.3314	1
46.5287	6.6419	3
31.8038	-81.4598	1
54.006	-0.461663	3
48.7652	2.04993	23
50.6118	-2.46198	2
59.9724	10.7215	3
52.1331	1.41993	10
41.5601	-71.5793	2
32.9733	-115.515	1
35.3072	-90.2508	1
-18.7389	-39.7518	1
43.3215	-0.343157	3
34.9928	135.546	2
-29.8568	-51.1578	4
29.2103	-81.0967	5
33.7661	-84.3491	65
30.0709	-95.3731	2
3.89572	103.077	1
-5.79931	-35.2216	10
59.3004	18.2476	1
45.3443	-93.8876	1
46.14	-100.674	1
7.23603	116.895	1
33.5786	-101.877	5
-33.8828	151.208	4
34.0787	-83.8811	3
0.0	0.0	28
28.2535	-80.6074	1
32.5905	-84.9558	3
5.60409	-0.0917443	2
51.8411	4.97677	3
-23.286	-45.952	1
32.3262	-86.2355	8
29.5775	-98.6318	7
-8.09494	-79.0054	1
43.3101	-87.9597	1
48.1158	-1.68833	3
51.7536	-1.22448	3
36.0128	-84.1302	2
31.524	-96.5561	1
-0.789275	113.921	2
51.6049	-2.97379	1
31.4131	-103.478	2
4.50667	-74.1107	2
54.0765	-1.58976	1
62.8239	27.772	1
48.463	12.5623	1
-8.72548	115.162	17
39.4207	26.8072	397
46.8763	-114.006	1
42.4809	-73.8081	1
32.3476	-96.1494	1
20.9516	-103.027	1
55.8574	37.4174	6
-38.3882	142.539	1
4.65744	-74.0538	6
52.573	-1.547	1
2.29916	102.912	1
3.61872	98.4804	1
41.0192	-73.9365	3
34.7406	137.763	1
36.315	-119.768	1
50.8452	-0.130547	5
40.7027	-112.025	6
38.7228	-75.2849	1
10.0009	-84.1977	1
44.0343	-116.976	1
-0.587732	111.388	1
47.3498	-123.076	1
51.9293	6.07707	5
33.3083	44.3739	2
-7.80004	110.94	1
42.7466	-75.77	8
38.9419	-95.2151	1
40.9722	-5.66075	1
51.576	4.64267	7
46.8284	-100.766	2
38.9023	-77.0121	103
35.1912	-80.7924	18
41.51	-87.3199	2
48.4308	3.55807	1
18.9178	-100.301	2
37.023	-76.2925	11
20.6554	-105.21	1
64.5713	40.522	3
29.8699	-97.6722	1
-34.944	138.643	1
54.2721	-2.79158	1
51.3213	6.08994	1
56.3385	9.88076	1
52.387	0.119397	1
46.8702	-96.7594	2
26.1266	-80.2639	18
1.86117	104.63	1
34.1414	-84.0528	1
37.6156	-77.615	2
57.6811	11.734	1
28.0661	-81.9758	1
26.7131	-80.2252	5
55.4359	65.2991	2
42.1906	-72.6091	3
-9.53333	-35.6871	2
29.9863	30.9838	1
40.2282	-75.044	1
-22.6068	17.0718	3
-16.3774	-71.5562	1
51.5588	-1.74292	1
20.7153	-100.441	5
-7.96039	110.239	2
48.9661	1.67944	3
39.073	-108.482	1
34.0209	-118.211	68
49.0266	2.46772	37
32.8246	-117.109	12
38.7017	-75.0818	1
-20.8756	-54.2616	3
40.5949	-73.6612	4
18.8352	-95.8132	1
57.7686	40.942	1
42.3144	-70.9703	12
31.5903	-84.1939	13
53.8584	-1.63206	2
39.7643	-104.855	5
33.1957	-117.357	6
35.3974	-79.1104	1
33.4453	-112.274	1
25.9582	-80.2096	4
-32.7848	26.8481	1
34.1997	-79.755	4
-23.9555	-46.5075	3
41.5672	-87.5539	9
-7.71265	109.012	2
48.762	1.8379	2
9.03368	-79.5239	5
35.0826	-106.678	5
6.1938	1.25608	1
52.267	-2.15763	1
39.1791	-75.5249	2
55.2915	11.9679	1
53.722	-0.515929	1
41.5008	-72.7575	2
19.3611	-98.9741	1
51.6343	5.95179	1
31.1689	-100.077	16
47.276	5.96228	2
68.9541	33.1359	1
-33.0388	-71.6277	2
31.3221	-85.8145	1
-22.0668	-42.9237	5
34.0537	-117.69	8
40.0422	-86.1177	1
53.1366	6.73306	1
45.5467	-122.439	5
54.7042	20.472	2
53.7857	-3.05088	2
43.0984	-75.228	2
41.3941	2.1393	7
56.3975	8.55838	1
35.9856	139.741	1
-33.9105	18.5686	4
51.5051	4.2956	2
-2.09034	-79.9031	7
18.008	-66.6063	1
32.2275	-111.219	1
33.6678	-80.251	1
31.5996	-93.0404	1
-6.39439	106.808	32
51.2823	-1.07541	1
54.9637	73.3856	1
40.9147	29.186	4
38.5989	-77.1541	2
43.0296	-83.7542	4
34.0164	-81.0185	13
47.4677	19.1579	1
48.6475	44.3981	1
-23.8041	-46.5307	84
40.4529	-109.549	1
50.535	2.50436	1
43.9748	-75.9528	1
55.2971	8.68565	1
-6.07925	-35.3013	1
51.8426	5.83296	2
19.3515	-97.897	1
33.6245	-80.9266	6
34.6504	-92.3587	9
38.2326	-122.033	6
33.6903	-84.5927	2
-26.9671	-48.7712	1
34.9961	-81.2224	1
60.9342	26.8318	1
38.8579	-9.15825	6
32.3761	-88.692	2
-7.37053	108.543	2
34.8318	-82.2941	2
2.06667	45.3667	1
-19.7786	-43.8739	2
7.37231	-72.6468	1
36.2659	-80.8257	1
50.4594	4.85369	2
48.5895	2.24626	4
-31.9272	115.8	6
52.5253	6.2707	1
-7.6323	111.375	3
34.8563	136.53	1
34.0203	-6.83744	8
33.611	-79.8779	1
35.7495	139.587	4
38.3362	-82.9306	2
-26.1923	28.0884	18
49.0714	2.10159	8
-23.3921	-46.4538	4
27.987	-80.6491	2
55.9897	-5.7842	1
44.0271	142.415	2
-34.986	-71.2382	5
52.0514	4.4786	9
14.4451	120.953	4
36.4017	-86.4574	1
36.9322	-77.3942	1
7.0894	125.606	2
-26.4174	30.0291	1
40.3653	-82.6694	7
45.4323	-122.555	5
39.6483	-79.9648	3
29.504	-95.4234	3
31.6614	-88.6365	2
-23.038	-46.9718	1
-24.5609	25.9881	2
38.4084	-121.433	2
45.7788	3.09058	5
50.3879	-4.1745	1
35.0342	135.737	11
53.5444	49.382	1
37.5068	-79.7414	1
10.4667	-68.0167	1
27.8378	-81.5313	1
29.9631	-90.2057	3
38.7066	-121.366	6
39.7561	-122.202	1
43.5972	-84.7703	2
-15.4473	28.3374	2
39.4815	-88.3667	1
45.323	-75.6687	1
-24.6529	25.8754	1
52.6849	-1.13083	11
8.95264	-75.4465	1
36.6031	137.852	1
34.243	-92.024	3
34.0837	-118.428	18
34.7698	-80.2264	1
42.6988	-71.1592	7
26.8107	-80.6591	2
48.2328	16.1244	1
51.4665	-3.20636	2
-22.8215	-43.0007	2
35.6934	-80.4691	1
49.4847	8.47672	2
-26.4504	31.9495	1
28.3598	-81.6358	2
54.96	-1.61996	5
37.2968	-121.817	10
33.6775	-114.117	1
38.7724	-92.3074	3
-25.3007	-57.5936	1
52.3745	9.76299	1
-32.1947	-52.8591	1
35.6915	-78.5771	2
40.5504	14.2475	1
49.368	6.20978	1
44.1454	-120.583	1
29.8233	-94.8805	1
47.2814	5.11534	4
-33.9241	18.4183	3
53.7142	48.024	1
45.6299	11.7068	1
35.4826	-97.4792	7
44.8334	-87.381	1
35.3042	-120.657	1
-1.74911	102.839	55
3.23187	101.386	2
35.6869	139.756	22
39.7578	-121.799	1
49.1846	-0.372109	6
54.5561	-5.97322	3
38.1167	-122.277	7
54.2853	-1.58657	1
49.1994	-122.913	472
-6.84372	-35.4927	1
32.4267	-85.7048	1
-6.32454	106.97	6
40.8255	-91.1574	1
42.5654	20.9269	1
30.0836	-95.9871	9
38.4567	-84.5741	1
38.9202	-80.1817	3
42.1007	-87.7716	4
1.12478	104.042	3
30.1751	-81.3782	2
27.9944	-82.4681	14
43.9889	143.326	1
28.2715	-97.9453	1
31.8766	-102.344	1
46.3675	2.74699	1
47.5596	7.58314	2
39.743	-89.6491	1
4.64713	101.203	4
33.9948	-81.228	1
42.3216	14.0902	1
26.6042	-81.6623	1
33.7299	-116.211	1
38.2983	-77.4899	2
10.6698	-71.6131	1
30.4716	-87.2289	1
35.6089	-97.5531	3
18.5323	73.8742	1
36.2114	-115.242	12
-23.6566	-49.7803	2
50.3411	3.27075	2
50.9665	-1.34228	2
55.4139	43.7994	1
40.8458	-74.5653	1
50.631	3.0472	13
38.2473	-86.3436	1
47.9843	-102.497	1
29.931	-95.3144	1
41.4988	-81.7058	9
35.6051	-77.3773	3
46.5847	0.371571	7
39.1945	-77.2723	6
40.265	-78.8356	1
48.0739	-0.77496	1
33.5735	-117.185	2
34.2981	-79.4625	1
57.2296	14.5806	1
32.8629	-96.9614	7
-1.44517	-48.6382	1
1.44161	125.13	1
39.1084	-93.2102	1
42.2198	-83.4838	4
42.6396	-8.5571	1
23.6914	-166.6	3
42.4322	-8.63831	1
41.366	-84.4369	1
51.9037	-9.03369	1
38.9182	-92.331	2
43.0422	-76.13	2
-32.8545	27.2561	1
5.69725	100.435	1
51.3314	0.739877	1
50.8246	0.252181	1
39.7299	-75.5295	6
25.81	-80.1401	14
33.9276	-84.505	7
33.5856	130.395	2
54.5985	-1.08022	1
54.9699	82.92	3
43.0817	-79.13	2
35.7815	-83.9781	1
20.6767	-103.337	3
40.0309	-74.8612	1
34.2076	-82.1771	1
53.8156	-1.48365	3
43.7807	11.2448	1
44.9709	-93.2615	25
52.0769	4.3064	10
37.1804	-3.59797	2
49.1736	6.93282	5
35.6026	-84.446	1
52.958	-6.39532	2
40.0904	-80.6822	1
38.8111	-90.2353	6
55.8607	-4.25403	4
42.29	-85.6664	5
58.5838	16.1959	1
32.1805	-82.6712	1
47.3774	8.53676	1
44.4375	11.3597	1
-1.25697	36.803	6
2.53002	101.812	1
22.2925	-97.841	1
32.7974	-97.3745	5
36.705	-6.13711	1
33.6885	-117.318	3
31.7747	-106.285	5
-23.513	-51.0998	5
40.0954	-85.6752	1
43.1169	-79.3299	2
43.5522	7.02605	1
0.227312	32.5495	7
41.6537	-74.6817	1
41.7004	-88.1682	74
30.7109	-95.5426	4
44.4158	6.3489	1
34.9667	-78.7415	1
52.4837	-1.7737	1
-12.8753	-38.5026	4
52.9539	-1.16654	2
56.1308	47.2532	2
-35.0935	138.589	1
37.3841	140.105	2
53.3879	-2.65932	4
48.8719	2.76973	4
-19.6295	-44.0563	1
-29.1349	26.2245	2
48.8827	2.54503	15
41.9349	-87.7338	19
39.4604	-77.994	1
35.3846	-118.925	3
-1.18829	36.934	2
31.877	-95.8197	1
-14.2393	-53.1848	4
42.9305	142.371	1
21.9231	-159.501	1
53.7429	-0.357887	3
56.5222	84.982	2
45.5517	8.94329	1
51.6772	-2.01893	2
34.6544	-98.397	1
1.50756	103.776	23
55.1559	61.3679	3
39.1581	-86.4982	3
26.4594	127.916	1
37.929	-121.74	4
40.6425	-74.2471	19
25.2318	55.3473	2
37.2847	-96.9296	1
35.8475	-90.6741	1
51.4542	-0.0179565	30
32.9707	-95.0986	1
33.1805	-94.7393	1
52.8471	-2.29813	6
54.9839	9.31811	1
-2.42086	-54.7414	2
51.1635	10.4541	1
46.448	7.56524	1
56.8778	60.6112	5
53.4424	-2.23348	17
42.288	-74.2643	2
10.4966	-66.8823	2
55.2914	-1.59933	1
52.4804	6.10746	2
38.983	-76.746	6
32.3111	-90.1888	12
29.8504	-90.0742	3
2.83119	117.364	1
-23.5108	-46.8823	13
22.3111	-100.956	3
28.6218	-81.1862	1
53.1958	45.0387	1
41.4318	-82.8931	1
58.5534	31.2773	2
41.275	-8.37381	1
39.8654	-75.0297	7
14.463	-60.8709	2
41.1598	-81.3543	3
41.0844	-81.513	7
40.1354	-83.0686	3
39.0718	-77.1247	6
27.4681	-82.5513	1
43.423	-123.299	1
34.2938	-80.9955	2
32.2352	-92.147	1
31.1087	-83.424	11
47.5543	-122.703	1
-23.1311	150.748	1
55.0811	36.6037	1
49.2644	-84.7477	1
40.0978	-88.2497	5
45.0585	-92.8411	1
41.6566	-83.5743	6
53.2196	50.2255	2
-22.6804	-47.0163	2
36.4064	-78.9691	1
51.0796	-1.82009	3
43.0813	-87.9164	71
37.7155	-89.2108	3
45.7012	4.88058	6
30.1221	-81.7624	4
31.2203	-96.7892	1
42.3518	-71.1218	26
30.0565	-90.8894	1
-16.122	-40.7097	1
33.9498	-117.399	13
-22.5918	-47.3616	1
40.8537	-73.2973	3
39.8905	-83.4345	1
-6.17056	106.82	180
42.4607	-83.6517	1
55.8832	12.4797	1
-20.2804	-40.2928	3
52.2415	13.441	1
2.7111	102.005	1
43.6008	1.4329	10
52.2113	4.89025	2
41.0443	-73.5656	1
52.6962	-1.77482	1
39.9952	-76.7044	4
2.23167	102.16	4
35.1024	-92.4418	1
-16.7041	-49.2745	4
42.4594	-96.4128	1
46.6807	7.83828	1
30.1565	-115.58	1
34.2629	-85.2051	1
-0.13749	-78.4928	2
38.6896	-87.5187	1
34.7519	-92.1312	5
37.9762	-87.6199	1
38.0908	140.677	1
35.4912	-78.8457	2
39.5267	2.49959	2
33.4697	-84.3641	8
-7.32762	109.588	1
44.3902	-68.207	1
-7.29068	108.004	4
40.0025	-75.118	48
50.5289	2.8929	4
-30.0997	-51.1593	8
37.9553	-122.343	4
6.26639	100.427	1
36.7124	-4.24047	1
18.2566	-93.2226	1
41.6804	-72.788	5
43.5658	-71.4825	1
54.661	39.7144	1
41.1252	1.26876	1
40.3537	-94.8858	3
45.6435	-73.5075	1
35.7782	-78.8294	3
41.49	-73.0409	3
35.1214	-120.589	1
53.1673	-2.36386	1
51.5077	7.47031	1
-6.2096	107.197	3
34.1876	-118.89	1
35.7738	-119.244	2
55.8276	49.1226	5
-25.4912	-50.8622	1
53.4084	-1.28625	1
35.9585	-83.9251	2
55.8632	37.5845	40
47.4841	8.28783	1
-29.6885	-51.1376	2
37.1321	-76.5637	2
38.1909	140.885	1
33.6147	-85.7446	1
7.355	-2.33855	1
-1.41829	36.9632	1
33.6956	-117.829	14
42.6667	-83.1526	4
34.9579	-90.0477	1
28.673	77.2505	1
26.3618	-81.7963	1
34.5727	-92.5893	1
53.2135	10.3758	6
27.3491	-80.414	2
51.8926	6.38642	2
48.1549	11.5418	1
39.6585	-88.0224	1
-2.88587	103.845	1
47.4029	-101.533	1
41.9287	-88.7751	1
-29.7528	-53.8242	1
52.0508	113.401	1
39.3904	-76.4369	4
54.7016	-2.57186	1
44.9008	-89.5695	3
-28.6815	27.0658	4
-11.9434	-77.0519	1
5.46579	100.284	2
44.6459	10.9235	5
58.1447	7.99821	1
45.552	-73.7359	13
54.3995	9.98449	1
26.2701	-80.25	10
49.8988	2.28468	1
59.724	30.4085	1
38.9103	1.42366	1
47.1689	-122.458	18
14.9304	120.886	1
-8.0436	-34.9394	15
-28.4795	24.6701	4
43.2899	5.35726	11
31.9133	-106.439	12
-36.7374	-71.0353	50
38.8355	-9.36059	1
25.5821	-103.404	1
41.3183	-81.5597	2
39.1939	-96.5973	2
42.1159	-96.3675	3
29.3654	-94.8932	2
30.6765	-88.2274	3
48.5606	2.4929	2
38.181	-81.3198	1
41.4923	-72.5282	1
32.8482	-79.816	1
-18.1475	178.447	1
35.0929	-81.6867	1
38.4135	-82.4434	2
13.708	-89.2227	4
37.5211	-122.03	9
-26.2617	-48.9665	1
-3.27035	-79.9658	2
33.9616	-116.545	2
0.0424994	-51.0683	9
51.7876	-4.16779	2
30.2036	-85.6033	2
-29.9856	-71.3428	1
48.7545	5.1221	1
48.4084	-4.49955	16
41.4648	-82.0415	1
38.5662	-92.1615	1
56.4756	-2.94225	3
34.5056	-90.1939	2
29.0246	-82.1873	1
46.7083	6.95181	2
52.3571	4.83378	5
38.207	-84.2591	1
19.1951	72.809	1
33.4875	-80.8655	1
18.4977	-69.8265	4
-33.5929	-70.5742	1
33.7855	-118.186	16
31.8734	-91.1438	3
14.6655	-90.4987	1
41.3431	-81.1868	1
33.8817	-117.851	3
-27.0414	-49.7131	1
1.00185	116.394	3
-11.0019	-37.1007	5
35.7919	-80.8686	1
40.4617	-90.6514	4
47.6582	-117.436	1
53.5699	-2.42179	1
-12.9679	28.6391	1
-33.2983	26.5197	1
42.0429	-91.6443	1
51.6793	39.236	3
30.4091	-84.2824	6
-26.0384	28.0668	2
-2.96616	-40.8077	1
41.2896	-96.1054	2
44.9295	4.9058	3
35.0868	-116.351	1
45.9496	-73.5705	2
30.9373	-91.4009	2
-6.74538	-38.2186	1
36.0029	-115.247	2
30.4266	-88.9256	1
34.9849	-101.915	1
20.6201	-100.175	1
47.9306	-2.80003	1
4.22858	103.418	1
49.2113	5.93493	1
55.8899	37.2581	1
34.9805	135.954	1
42.9869	141.329	1
38.4054	-79.994	1
45.5878	5.34804	1
-25.0606	-53.398	2
35.7422	-109.061	1
54.3417	10.1258	1
60.6683	17.1485	1
50.8184	3.27128	1
34.8122	-86.9918	1
55.1254	73.3788	2
47.074	5.50228	1
4.39977	115.232	2
-23.3804	-46.3128	1
37.3397	-79.8806	1
32.467	-95.3424	5
28.3746	-81.3482	6
-5.41647	105.264	2
3.14845	101.705	82
48.5239	9.05368	1
47.4701	-0.547968	1
41.0807	28.2435	2
-1.5942	103.619	1
41.0138	-78.2891	1
-22.803	-47.4357	6
50.724	-1.90779	3
33.9421	-84.743	1
35.1705	-79.861	8
30.472	-83.8838	1
-15.7763	-47.7966	11
52.7069	5.50797	1
-26.1413	28.4249	1
33.6049	-117.697	2
41.6988	-81.3409	2
52.9765	6.04419	1
39.2867	-84.5314	2
33.6939	-84.1577	9
30.4446	-97.6669	6
52.4861	6.42529	2
-27.5924	-48.5176	2
36.3556	-119.07	1
35.0679	-78.8986	25
41.3975	-81.8414	1
46.8618	-75.2467	1
51.5265	45.9785	1
47.8993	1.85878	4
55.0122	-3.44687	4
-17.0237	145.736	1
47.7757	-3.41773	1
51.3503	-2.91306	3
29.9616	31.2781	5
51.5564	0.523938	1
27.6986	-83.8046	24
43.1526	131.909	1
44.6587	-63.5863	1
39.9847	-81.6872	1
38.8584	-8.98005	1
31.4523	-106.568	1
39.4396	-76.609	16
41.8984	12.5451	1
41.1339	-87.8707	1
40.0293	-105.24	2
56.5405	-3.88487	1
41.9587	-74.01	1
52.0571	5.08061	1
51.9018	-8.47155	4
51.9195	5.54299	2
34.4472	-78.9609	1
-15.8475	-47.92	1
40.8448	17.2978	4
50.7759	3.12579	2
59.4624	10.6614	1
37.6495	-80.8786	1
52.2328	21.0607	4
43.0108	-88.383	1
47.0148	142.67	2
1.69096	103.924	2
40.4772	-79.8338	1
38.5586	-75.7152	1
47.0561	-122.287	1
34.1662	-106.026	5
37.498	127.027	4
12.1285	-86.2639	2
-22.2759	-48.1277	1
45.0261	41.9357	1
21.1255	-86.7598	1
53.4309	-2.96087	7
52.3316	5.53366	1
51.917	-0.643188	1
53.5271	-2.57256	6
-22.8437	-47.2618	1
45.184	5.71568	8
17.934	-77.1779	1
38.5296	-82.7489	1
20.941	-89.6236	3
11.9608	8.59767	1
61.1089	-149.44	1
53.6499	-6.80205	1
20.6995	77.0064	1
19.5224	-96.9134	2
41.8163	-72.3702	1
33.5379	-84.4921	4
43.6293	-79.2725	29
33.4312	-82.0648	9
18.9656	72.8399	1
34.819	135.65	1
-22.916	-43.4474	31
34.7445	-87.6969	2
10.6524	122.956	1
56.0229	92.8965	4
60.3283	18.4596	1
3.32457	101.537	1
0.379196	32.6348	1
-39.5528	-72.9503	1
-7.74672	110.596	1
49.3294	8.43412	2
31.8738	-82.5938	1
19.6059	-99.2284	2
41.2415	-80.8172	2
32.7018	-97.1355	11
44.8078	10.3338	1
-15.6511	35.1145	1
37.9679	-121.289	3
33.9494	-80.096	1
38.6054	-76.926	11
38.9979	-105.554	2
30.0821	-90.4191	1
53.1133	48.4677	1
52.3871	13.1165	1071
39.0268	-96.8308	1
43.536	5.3879	1
30.5964	-96.2957	2
49.6215	-1.62211	2
-2.54526	118.03	2
59.9394	30.0922	1
52.1459	-0.430843	2
39.9833	-83.0158	2
38.6357	-90.199	12
39.1758	-78.1416	2
37.6716	-92.6609	1
51.5498	-3.38786	2
25.6412	-100.294	10
-25.849	25.6173	1
33.8146	-84.0081	8
39.1464	-78.3634	2
50.652	-4.03372	1
38.4746	-78.0051	1
29.6489	-95.1086	2
42.676	9.43344	1
53.0935	49.9342	1
-24.1265	-52.366	2
36.2641	-115.606	1
34.4506	-119.832	1
40.9521	-74.2257	6
-20.785	-49.3592	1
62.0846	129.292	1
-7.40207	109.245	1
34.2223	-119.051	3
49.2535	4.05493	4
53.3536	-1.50901	6
35.1481	-81.8267	1
21.6435	-157.921	1
53.253	-7.51021	1
37.8168	-122.372	30
49.44	11.1354	1
1.42922	110.333	5
3.20008	113.052	1
40.0715	-82.6547	1
59.0838	17.5272	1
33.6136	-86.6782	6
40.2906	-79.4151	1
34.1362	-118.663	1
-17.7853	31.0323	1
36.0349	-80.1999	9
19.3149	-99.1221	12
47.0163	8.25806	1
42.1255	-80.044	1
0.247298	-51.0638	25
-2.57242	-59.9803	9
-34.0446	23.0491	1
5.51651	-73.3678	1
32.5802	-89.1204	1
56.9715	24.1287	6
43.1619	-86.2632	10
49.1961	11.0286	1
51.9245	4.27161	3
38.8048	-77.237	14
49.8059	73.0929	1
11.0236	-74.8051	3
9.10232	7.42163	1
-33.8598	150.983	2
31.0446	-93.2348	1
38.0211	-121.88	1
38.522	-90.0148	2
56.809	-5.11335	1
51.6121	-1.24719	2
40.9561	-74.0684	2
45.5455	5.59424	1
3.5318	-76.6275	1
52.2403	6.21434	3
47.2611	39.628	2
44.5446	6.06132	1
34.1493	-81.1942	1
52.3995	16.9063	3
-39.8153	-73.2263	1
30.2593	-90.9902	1
42.6988	2.90468	1
31.7166	-95.5936	1
60.9716	25.689	4
44.1387	12.0598	1
33.2583	-111.881	2
-23.9506	-46.2257	4
20.5227	-100.772	1
34.0071	-118.761	1
37.0757	-79.6515	1
48.6794	5.89821	1
40.5242	-75.7467	1
44.574	38.0395	1
27.6882	-97.3654	1
16.1794	75.6645	1
42.5295	14.0704	1
51.998	-0.423065	4
43.7005	-85.4731	1
39.6594	-86.2626	1
48.2097	-2.79421	1
51.4485	5.453	2
35.838	-83.5708	1
10.3487	123.923	5
39.3384	-77.2633	2
35.4478	133.36	1
36.0233	-86.7875	1
39.8285	-85.9768	1
-23.3088	-51.1702	1
58.8259	125.525	1
4.48678	103.436	1
25.6752	-80.4276	7
38.3047	-92.4371	1
35.9886	-77.8162	5
44.4805	-73.207	1
-22.7405	-45.1143	2
-23.5594	-46.1857	3
42.3027	-85.215	1
3.8018	103.322	1
-0.308273	100.371	1
49.4252	7.74889	9
19.4726	-102.073	1
38.4501	-78.8911	1
42.0375	-87.9049	1
37.0953	-94.5084	2
48.8027	9.21166	1
45.7821	-64.8824	2
21.4777	39.2136	3
30.4504	-91.2579	4
38.6891	-121.79	1
41.2927	12.5735	1
14.7041	-17.4457	1
43.081	-78.388	1
45.9125	6.13606	4
41.4162	-87.1924	1
38.0931	-122.553	2
38.0034	-79.4209	1
5.37484	100.433	7
39.061	-76.9451	34
38.982	-78.4184	1
52.4073	4.63979	9
37.8646	-122.068	5
35.2253	-80.9478	2
58.6047	99.1873	1
49.548	2.48512	4
34.1459	-118.12	20
40.3111	-79.8877	3
40.8008	-96.6948	1
-26.6057	27.8497	4
49.0278	1.16653	1
42.6217	-87.8793	2
25.9679	-80.3908	2
48.2139	4.12231	7
19.0322	-98.1543	9
28.7452	-81.9278	1
51.9447	-8.80831	1
48.8629	2.21456	110
43.6663	-70.2115	1
38.8644	-94.6671	3
52.5695	-2.1344	4
55.6279	37.8431	5
53.527	8.10982	1
47.594	1.33466	2
43.4066	-84.6229	1
34.4035	-81.9307	2
38.2039	-75.6963	1
51.416	0.568141	1
-33.945	25.5699	5
32.5711	-89.8764	7
-20.0759	-43.8929	1
33.8713	-5.53471	1
36.0632	138.574	1
35.3549	139.321	1
42.3147	-87.8633	3
-20.7352	-48.5892	10
-2.99394	-60.0177	6
45.4533	4.7654	1
52.9704	36.0825	1
34.2133	-119.207	7
48.7402	1.33742	4
37.3483	-122.061	7
49.0605	142.061	1
29.8239	-95.4622	55
36.607	-79.3905	1
49.4434	2.08819	2
41.7607	-87.8947	3
19.8005	-70.7222	1
39.9099	-75.3199	23
42.3152	-83.2172	38
-26.3749	25.4619	4
-19.6047	-47.9692	2
33.1422	-81.7753	1
-23.3771	-46.7393	2
33.9298	-84.358	16
45.3624	1.9424	1
30.4226	-90.0574	1
-41.1128	174.904	2
31.5419	-87.7884	1
45.9677	5.83158	2
35.4809	-99.0244	1
-42.9014	147.322	5
42.4531	-83.3151	21
51.4736	5.6531	10
45.5062	-123.062	1
32.8327	-83.6442	3
32.3908	-111.119	1
54.8478	-1.37302	2
35.227	-81.3447	1
36.1523	-95.9091	2
35.9429	-78.9123	8
-7.9725	112.629	35
50.8333	4.0	2
19.1995	-99.2084	3
43.0248	-108.773	1
41.6693	-4.77951	1
51.6366	-1.08016	1
43.3804	0.839975	1
29.6904	-95.5291	11
39.6154	-86.474	1
51.2517	-0.198239	3
52.9462	4.77882	1
-22.8952	-47.0303	5
40.6939	141.361	1
42.5863	-83.5129	2
32.0389	-81.1685	8
-6.17241	106.988	11
47.9527	-124.386	3
-27.6534	-51.0923	3
51.0193	2.38601	6
-29.3292	-49.8051	1
31.2081	29.9625	2
51.719	-0.424606	4
39.9139	-88.2904	2
36.1007	-79.839	13
49.6323	8.29195	1
40.2659	-7.5764	3
47.613	-122.342	15
51.5736	0.07986	5
51.2841	5.75286	1
48.609	2.88396	1
-23.7108	-46.4227	2
43.2519	-2.93316	4
45.2649	5.92164	1
19.1034	-104.303	1
38.8752	-104.757	4
41.4751	-81.5504	15
59.3942	18.6174	1
27.775	-82.778	6
45.2566	-96.5421	1
39.7816	-84.1298	3
56.3431	36.7211	1
37.4002	-121.918	4
40.6296	22.9418	1
28.5007	-81.5307	1
36.0822	-83.2435	1
46.3239	-120.023	2
41.2419	-83.6521	2
33.8651	-118.335	22
32.335	-95.2833	6
44.642	41.9433	1
52.2359	30.9396	1
6.43955	3.36608	1
40.854	14.2435	2
2.04811	103.382	8
59.9341	30.3287	23
31.3301	-89.3482	1
51.0849	1.13606	1
53.644	55.9553	1
36.3401	-88.855	2
38.8925	-75.8191	1
52.4579	-7.21803	1
40.7809	-73.9772	94
35.2889	-93.1341	1
7.8496	3.92876	1
56.5904	59.9662	1
21.155	-101.729	1
-40.9401	175.669	1
53.9676	27.0887	1
37.5989	-122.375	12
48.7639	7.41601	1
51.4546	46.1045	1
34.6847	-79.1998	2
2.17039	102.426	4
41.0019	29.0331	5
3.01112	101.781	7
5.64048	-0.247923	8
38.5398	-0.117192	1
2.72569	101.835	9
26.1839	-98.0511	2
55.7892	10.0246	1
56.9813	23.872	1
-3.78965	-38.5199	16
51.6664	-0.0844418	4
31.6571	-89.1716	1
36.8736	-87.4803	1
-33.5562	-70.7887	2
43.1378	-1.29342	1
40.2333	-76.8217	6
48.6115	7.73992	8
26.9096	-101.412	1
40.7011	-80.1014	1
48.3884	2.96241	1
60.2676	24.4357	1
42.3375	-122.879	1
52.1973	0.146528	5
42.9742	-73.7814	1
52.8046	6.89366	3
31.5229	130.556	1
39.6872	-8.56267	1
40.7521	-73.6115	1
-22.6965	-43.5244	2
20.0967	-98.7092	1
29.6991	-95.3756	10
43.4625	-70.3973	1
-37.068	-12.3113	1
51.5163	3.83821	2
42.4662	-71.2081	2
-6.11872	106.188	1
4.42625	114.006	1
14.6241	-61.0927	2
48.383	31.1814	47
-24.6742	-51.7844	1
52.6442	5.04313	2
42.7418	-84.626	2
39.5303	-119.732	3
9.89718	-83.6511	1
33.5114	-90.3459	2
29.8049	-95.1555	7
-19.9422	-44.1928	1
33.6681	-84.7579	1
42.114	-79.221	1
34.1202	-117.509	5
50.9988	2.12251	1
16.2586	-92.301	8
34.719	-82.1933	1
41.7472	-70.5131	1
-12.6734	-38.539	3
-5.36505	119.462	1
-7.27568	-35.9777	5
26.2962	127.78	7
52.3015	-1.59313	2
32.8247	-79.9705	3
46.1548	-1.15113	2
35.0349	-85.3165	1
8.12923	-63.5409	2
43.0958	6.13325	1
10.387	-75.4898	1
33.3915	-111.674	2
33.3919	-111.928	8
51.4454	-2.59097	1
48.2843	6.9519	1
55.9104	-123.87	1
50.8335	4.44042	5
-22.3438	-49.0657	1
47.2382	-1.56074	7
19.1003	-103.657	2
41.647	-91.5361	1
49.4619	7.56346	2
57.6958	-4.27583	1
41.8623	-71.4272	8
38.3931	-84.3001	1
31.1088	-97.3857	2
6.01225	116.396	1
34.7238	135.791	1
31.7992	-85.9637	1
39.4959	-75.0115	1
35.7766	139.898	1
41.4683	-74.4175	4
43.4586	39.9021	3
41.6901	-71.5085	2
30.2978	-97.7533	6
45.9078	-91.3784	1
55.9763	92.6768	1
33.0607	-96.7365	5
53.7172	27.9867	15
63.2593	18.7748	1
41.4519	-75.6347	1
43.7651	142.358	1
54.5245	-1.56792	1
38.4605	-76.482	1
55.5799	12.9349	2
34.9326	-91.0873	1
29.2533	-82.2162	2
44.8526	10.7598	1
-6.6801	108.533	1
5.14352	-1.41375	1
-37.7264	144.818	1
45.8658	0.707816	1
62.0265	129.708	5
25.9219	-97.4746	1
35.6551	136.139	1
49.8312	10.2083	1
1.34444	103.721	2
35.595	-81.2547	1
41.7113	-86.2544	1
36.2448	-115.054	1
-22.8944	-43.2132	6
44.3323	5.0648	1
49.5091	6.02297	1
48.3175	-102.392	1
38.2166	-104.657	1
50.6246	5.59934	1
40.6303	27.1736	1
51.8906	4.46557	2
42.0966	-70.7238	1
32.999	-80.6704	1
47.0902	-122.586	1
43.1447	2.87033	2
40.9865	28.7934	1
38.9637	35.2433	16
26.7119	-80.079	3
5.20699	100.615	1
31.6588	-8.00354	3
45.3438	-72.5248	1
51.6509	5.38042	1
41.5382	-93.6248	2
-6.23368	107.361	3
26.3731	-80.1174	2
44.8884	-68.6689	1
29.6945	-91.1957	1
38.1933	-85.7953	10
38.2212	-84.8296	1
43.7333	3.3124	1
42.6594	-8.11142	1
46.5596	11.7169	1
39.4771	-87.295	2
32.4656	-80.9727	1
36.9421	-80.9608	1
34.2287	-118.406	1
33.7531	-112.317	2
42.1202	-88.2043	1
16.7419	-93.1397	3
27.3126	-82.4745	3
52.5511	5.90541	1
51.2403	4.43694	1
5.5222	100.435	1
40.4867	-89.0124	1
41.5847	-72.9227	3
39.0528	-95.695	1
42.2737	-89.0663	1
33.8382	-117.189	3
48.9291	2.0389	4
40.8043	29.9289	2
40.3683	-80.6525	2
-6.86278	107.922	3
36.7172	-119.798	1
41.8074	-73.9024	1
-20.7279	-46.6212	1
42.9269	-78.8693	6
36.5632	-82.6505	1
41.7581	2.06928	1
43.7311	-79.4041	9
42.665	-86.192	1
33.7801	-79.0155	2
44.8387	-93.3979	2
42.4512	-83.1706	6
42.4643	-2.43986	2
36.5398	-119.292	1
51.8722	4.65212	2
2.54452	102.798	1
37.6679	-77.4651	3
-35.0295	117.886	1
51.6143	-0.275816	5
33.5325	-115.934	1
44.2151	20.9238	4
36.1623	-109.578	1
-7.76343	112.194	1
39.5291	-87.1249	1
35.022	-89.6873	1
51.5056	5.03394	2
38.8792	-82.3801	2
-34.0086	150.989	1
36.5916	-119.604	1
32.6202	-96.904	6
59.1287	37.8988	1
36.5075	-4.87291	1
33.7456	-116.367	1
35.903	-79.0784	1
38.2477	-121.315	2
40.3199	-3.89323	2
28.7518	-81.3643	2
-33.4354	-70.6522	8
37.4834	-122.229	6
35.6308	-88.8046	3
40.8741	-111.915	1
-6.8825	109.681	1
51.4896	-116.772	1
44.4764	11.9117	1
-23.1117	-47.1947	2
33.4595	-88.831	3
18.2391	-66.0736	4
51.5224	-0.480606	2
52.0748	23.7265	1
40.8157	-81.375	1
46.7899	4.85034	1
45.5432	-122.655	13
40.7899	-74.3724	3
2.91566	101.65	2
31.2434	-90.4729	1
39.8655	32.8181	1
30.4159	-81.7531	1
-5.15527	-44.1652	3
14.5185	-90.5598	3
31.9563	-106.596	1
-26.1167	27.8889	1
55.6825	37.6236	8
37.5075	126.75	2
-7.04778	110.458	12
40.3633	-3.26127	1
50.387	-4.8828	1
25.7558	-80.2957	23
6.09561	102.277	1
45.5895	9.27757	2
46.0258	-73.4365	1
15.1472	120.589	1
41.5694	-8.31102	1
34.1322	-117.3	4
40.1595	-8.80848	1
39.4074	-76.7801	3
32.447	-93.8455	4
33.0426	-96.9552	2
38.6209	-9.19482	5
29.6921	-82.3198	3
14.7443	120.973	2
10.15	-64.6753	1
39.0587	-94.5794	1
43.6104	3.87434	6
34.3742	132.466	3
52.1794	5.90278	1
38.5856	-81.1919	1
45.4025	9.12875	4
34.0329	35.6513	1
41.7688	-88.2967	2
52.6401	1.27308	1
38.6428	-79.3476	1
34.8935	-98.2049	1
35.0275	-80.7973	2
38.9637	-121.362	1
35.4499	-95.6559	1
50.8553	0.574419	1
31.8729	131.442	1
2.30495	102.31	1
-23.0614	-45.9175	3
33.7469	-117.994	2
6.31362	-75.5669	1
34.3659	-52.6994	1
39.7393	-89.2665	10
61.2073	-149.816	3
40.8124	-74.1914	1
34.2922	-81.6055	1
54.0788	-2.72119	1
-6.9218	110.209	5
30.335	-81.4092	1
17.0915	-96.725	2
48.937	2.34631	29
-16.4838	-54.6274	1
29.8755	-97.9528	3
-6.37405	107.458	1
13.93	100.656	1
35.6361	139.5	1
47.0159	0.572978	1
47.3942	0.695126	2
37.8257	-93.9901	1
40.651	-73.8712	20
51.1252	-114.185	1
51.2524	-0.567708	2
36.0404	-79.4199	1
41.4738	-74.0284	3
54.7305	56.0378	1
46.734	16.4094	1
30.8698	-83.2695	2
-19.0045	-48.3585	5
39.2847	-76.6206	8
-3.00864	120.209	1
35.999	-79.9843	1
-22.5461	-48.6355	1
29.6258	-98.4938	1
31.3026	-92.468	1
39.1871	-84.6578	1
47.569	-121.996	1
48.0796	-4.32464	2
44.2005	43.1291	3
-28.4342	32.1836	1
41.4557	-72.1604	2
37.2216	-80.0019	1
-37.8786	144.729	1
24.4812	54.3636	1
42.9668	1.16047	1
39.7396	-105.025	8
29.4401	-98.6727	2
57.9667	56.1873	10
47.9854	-99.0024	1
37.2462	-77.4075	1
39.9621	-84.1872	1
-23.47	-47.4366	3
35.9278	-114.97	3
4.46554	101.135	2
48.6842	6.15891	4
-38.2534	-72.6704	1
-7.88019	-34.8294	1
-6.18622	106.637	28
32.4771	-83.728	1
40.5561	-3.64256	4
44.8076	20.4789	1
42.5978	-88.6168	2
2.2685	102.54	1
49.2373	-2.21705	1
38.7495	-77.0034	9
38.6539	-75.6014	2
59.3336	17.98	7
-6.81808	107.138	2
