Latitude 	 Longitude 	 Weight
42.9906	-7.57063	1
-2.62929	-44.3026	1
51.5143	6.85387	8
-19.9187	-43.9598	17
1.25664	103.821	6
5.40103	-3.98776	1
51.4465	6.72802	1
45.0752	11.7644	1
35.4055	136.314	1
49.3111	6.74548	1
36.7301	31.5236	1
45.0398	38.9989	4
12.9751	77.6215	1
23.6254	-102.558	1
36.7452	-4.08939	4
-7.8183	112.025	1
30.5905	-96.3556	1
43.6579	10.6373	1
58.5905	49.6388	4
35.6696	139.922	3
55.0811	36.6037	5
40.0978	-88.2497	1
42.7466	-75.77	2
41.1662	29.574	1
51.5096	4.31975	2
47.4597	2.16314	1
50.362	3.51427	1
61.4977	23.7573	1
44.447	-79.8013	3
51.7688	4.75251	2
43.1478	131.915	5
16.959	-99.7356	1
3.46206	101.655	1
47.6227	8.22252	2
19.0322	-98.1543	8
51.6861	-0.38015	1
-17.4297	-39.8367	1
33.8843	-5.53533	1
50.8653	4.25405	3
51.7968	-0.664166	1
33.1627	-117.314	1
-6.81917	107.128	1
34.2693	135.363	1
58.2181	12.3573	1
51.5882	-3.7691	1
47.4394	18.9107	2
51.7452	4.18774	1
37.3487	-2.44246	1
29.3096	47.9832	1
52.1674	-2.40599	1
43.3531	-5.88123	2
1.20363	-77.2768	1
47.5357	21.6237	1
53.7205	-1.95008	1
37.3831	-5.92354	2
-6.21603	106.964	18
-12.0783	-77.0817	10
-27.595	-50.3811	1
52.307	104.253	4
40.0691	45.0382	1
35.6679	-86.8911	1
52.573	-1.547	1
9.72683	-63.1553	1
50.1212	8.63661	11
-31.8005	115.783	1
47.1623	16.1592	1
35.356	-118.938	1
-17.9039	-51.7309	1
-33.3401	-60.2203	1
33.6783	-117.784	1
48.6833	9.81444	1
39.9789	32.7006	1
4.42053	114.007	1
39.6122	-119.67	1
30.4017	-87.3022	1
50.6033	3.09304	4
50.5153	4.38191	1
41.3663	-8.75147	1
41.4215	-81.9045	1
-7.39136	109.191	1
43.1058	6.116	4
47.8092	12.3625	1
54.174	60.2421	1
-29.6926	-51.2448	6
51.917	4.59611	1
-7.14941	-34.882	2
22.3111	-100.956	7
44.0764	12.5588	1
-20.7352	-48.5892	1
51.9187	19.1348	3
49.2571	8.52054	12
43.3215	-0.343273	1
35.8305	-85.9786	1
58.5534	31.2773	15
-6.42476	106.868	6
39.5182	-0.560278	1
52.1481	5.06188	3
59.3501	17.0616	1
32.3329	-116.929	1
55.5467	34.9866	1
37.7914	-3.74254	1
42.7857	132.858	1
38.7019	-9.38798	1
49.0605	142.061	1
52.921	-4.14255	1
53.206	5.97229	3
52.3373	5.77992	1
29.8833	-90.118	1
50.6486	13.4525	1
51.9291	6.0842	2
55.8223	37.3343	4
52.2318	10.9964	7
56.3215	-3.01687	1
45.9126	6.13594	1
25.1148	55.1154	1
41.1928	1.60662	1
41.7032	-4.75181	1
25.5909	-80.3912	1
53.0099	6.07369	1
53.3934	-2.91859	6
48.9952	8.39819	19
53.423	59.0428	1
51.7215	36.1846	19
47.4858	2.42106	1
45.9685	-1.37709	1
34.928	136.441	2
50.6163	37.3015	1
43.2943	5.40513	2
55.5385	9.78057	1
43.9007	-78.876	2
39.9773	-104.706	1
50.4599	9.20064	1
53.0947	6.42258	3
-19.6047	-47.9692	1
49.476	1.12217	3
-26.8274	-48.7225	3
45.0235	7.63583	7
0.164371	32.5291	1
39.0525	-77.2423	1
29.6623	-95.5204	1
43.3997	10.8917	1
18.7276	-99.4001	3
43.0579	-87.9671	4
53.5269	-113.52	1
53.3436	-2.71857	1
-23.9507	-46.2257	8
-6.74538	-38.2186	1
46.6326	142.784	1
16.2531	-61.5245	1
43.8022	4.21735	1
53.9308	27.6432	5
-22.7314	-43.5787	1
52.6003	39.6002	5
34.2542	-6.58484	1
40.4044	-3.67864	1
51.4708	-2.617	4
-22.5918	-47.3616	2
51.8507	11.5935	1
-22.7106	-47.7943	1
46.1473	6.08639	3
51.7027	7.83884	2
53.3964	-0.78861	50
-23.5339	-47.0999	2
41.3156	-73.1349	1
6.89258	79.9812	6
50.0463	20.0057	1
51.183	9.46232	1
-6.90558	107.626	17
43.3751	-8.42823	1
43.2607	-79.9135	1
3.82881	103.217	1
53.2974	-3.06857	2
44.201	43.1431	2
-22.3076	-53.8466	1
44.105	-79.4658	1
54.4776	9.06543	8
36.7458	-5.16577	4
-7.9725	112.629	7
51.5234	12.3431	1
50.1355	8.94623	1
5.37875	100.553	1
49.6329	8.36943	3
26.2174	50.4725	1
18.412	-66.0569	2
-34.91	138.673	1
28.9375	-13.7881	2
37.9947	-0.704269	1
-25.4539	-54.4571	2
5.46385	-72.4339	1
-6.56218	106.771	3
45.1619	5.71016	1
52.3326	0.529435	1
49.4775	6.08475	2
48.0157	16.2865	1
55.9826	37.1778	1
39.3672	-74.4199	1
40.7062	-111.9	2
10.3527	-67.0393	2
31.2264	121.527	1
50.324	11.9524	1
14.7148	-60.9969	2
-22.1609	-54.8613	1
51.3364	0.808984	1
50.8585	11.9774	1
19.2433	-103.725	2
-22.8952	-47.0303	9
-26.9191	-48.9518	1
17.549	-92.9536	1
-22.9365	-46.5619	1
37.3918	140.37	1
51.0297	7.5742	5
69.3904	12.2745	1
33.7375	-117.973	2
54.0232	12.4926	1
48.8588	2.34701	26
9.99028	-84.1541	1
48.7156	9.67145	1
-30.377	-55.1591	2
42.1365	13.624	1
51.427	7.66398	12
-27.6534	-51.0923	34
38.3204	27.1381	2
26.8424	75.5645	1
53.1826	5.81839	1
55.5855	26.5068	1
-34.7366	-58.4242	2
49.6733	10.7287	1
51.2587	-1.21749	1
52.4685	4.76873	3
39.209	-0.430268	4
51.4272	7.33482	2
35.4669	-97.502	1
42.5092	-7.58527	2
42.3671	-87.9058	1
-2.97932	104.738	1
42.5647	-6.86053	1
56.8544	35.8997	3
53.8089	10.1614	5
54.741	55.966	8
24.1988	23.2886	1
50.8798	9.68468	3
44.228	42.0649	1
51.62	19.3657	1
48.5895	2.24626	7
-5.79931	-35.2216	11
18.4715	-69.9137	2
-21.2905	-49.923	1
44.9366	34.1337	1
51.0147	6.18124	1
5.83263	-73.0378	1
-30.0997	-51.1593	38
-7.54153	110.763	5
-23.7108	-46.4227	11
43.2519	-2.93316	5
49.4708	7.61784	1
61.6273	23.1618	11
36.1275	-111.251	1
31.8835	-106.44	1
42.0387	-8.64716	1
-25.9683	32.5762	2
53.4086	-1.42139	2
51.0768	13.7725	4
45.4444	11.0005	1
0.0	0.0	16
1.15887	104.017	1
34.0443	-118.026	5
54.661	39.7144	3
48.9875	1.91135	2
10.2065	-67.8993	1
52.4247	37.6026	1
53.5161	9.72591	1
51.4656	5.70569	1
42.7261	2.97705	1
53.5807	-2.52559	1
-21.708	-43.4227	7
53.3596	89.9062	2
42.6396	-8.5571	3
57.7466	-4.68754	1
47.8076	-0.985099	1
44.0358	42.8779	3
8.55103	-71.235	2
53.12	8.7361	1
-27.1211	-48.9046	2
56.6282	47.8837	6
51.1105	15.6055	1
31.0551	31.402	1
37.6158	-1.00365	24
48.4666	7.94736	4
6.01225	116.396	1
48.7336	2.45753	4
63.0866	21.6425	2
46.9653	142.745	4
51.5077	7.47031	9
40.461	17.2943	1
49.2884	-123.073	2
48.4088	7.45515	2
40.4962	-3.36562	1
45.973	8.4206	1
2.04811	103.382	10
51.9037	-9.03369	2
59.9341	30.3287	44
41.1032	16.867	1
43.5084	-5.69195	1
52.2744	9.2061	1
53.644	55.9553	1
-0.789275	113.921	1
51.0124	8.58789	3
61.2659	16.283	1
38.9961	-5.72435	1
54.7042	20.472	2
52.1908	4.4131	9
38.2367	-0.83591	3
46.9434	7.40364	2
-0.460334	117.17	2
34.9671	135.773	3
27.8635	34.297	1
25.0343	-101.167	1
46.0641	11.1078	1
53.8169	-3.03617	1
10.3421	-84.4342	1
47.1583	7.36004	2
49.8538	-97.2044	1
53.7038	10.0035	1
2.83962	101.748	3
21.0487	-87.0318	2
44.9557	-93.2783	1
34.4399	35.8314	1
52.6847	5.02582	1
51.3263	5.9879	1
35.846	-78.6572	1
48.6617	9.00354	1
39.4207	26.8072	19
56.0085	92.8723	6
35.6242	139.695	7
19.361	-99.3512	3
52.697	5.22681	1
40.5827	22.9518	1
50.2938	6.66253	3
-26.8143	-49.2703	2
47.471	16.0969	1
50.3759	18.9775	2
38.0643	-1.51597	3
54.1143	12.0646	3
51.1272	16.9913	4
47.326	5.05783	1
53.2135	10.3758	6
40.5876	-122.405	1
38.1377	13.3472	1
56.1242	47.2075	2
-33.9186	18.4806	2
20.1323	-98.3604	1
36.7078	28.0929	2
52.7142	-1.37119	2
48.1549	11.5418	11
-25.2789	-57.6382	1
-27.6097	-48.4789	2
52.8554	12.6413	1
40.5247	-3.81615	14
48.7412	1.34009	1
37.0338	-94.4947	1
53.3215	50.0679	6
-23.2969	-45.9737	1
52.0508	113.401	1
41.2898	-8.38489	1
-26.3964	-51.0271	1
30.0608	140.596	1
-27.4342	153.067	1
54.5986	-1.08026	3
-24.2057	-51.7481	1
42.9501	-81.3672	1
41.9041	-8.86167	6
34.8808	-86.6425	1
38.2711	-80.844	1
48.8703	8.81638	5
3.58111	98.6676	9
53.1329	8.21866	1
-3.78965	-38.5199	8
61.6319	23.8303	1
52.2854	8.91688	4
51.4385	0.152265	1
30.0782	31.0233	1
-25.2239	-50.6319	1
38.9954	-9.14118	1
58.3822	33.9008	1
59.3942	18.6174	1
48.3966	2.47701	1
-23.6004	-46.5445	114
50.8452	-0.130547	3
50.0276	8.44574	2
50.6125	-3.65302	1
36.8686	-76.3552	1
51.1264	8.09984	1
54.5941	-5.9363	1
48.5761	13.3673	1
49.172	8.64524	1
34.0651	-117.707	2
52.3948	6.26707	1
47.35	0.993492	1
52.9598	6.34543	1
-26.8818	-57.0137	1
14.5425	-90.4005	1
29.088	-110.994	1
56.2818	44.0375	3
53.0165	5.67313	3
51.0498	10.9843	2
40.8259	29.306	3
40.8366	-80.5454	1
2.81639	-60.6761	1
42.3786	-71.1122	1
31.2077	29.9628	1
43.451	6.79082	1
37.1109	-113.532	1
51.9714	4.93992	1
62.0424	129.741	2
60.1625	24.9427	3
47.6365	-122.074	1
40.7465	-73.6392	1
53.6424	-1.7902	2
52.9099	-1.53834	1
3.31878	-76.4991	1
46.7757	7.57776	1
-27.3636	-53.3957	1
50.0989	8.04676	1
64.5713	40.522	1
34.3448	134.022	1
40.5827	-75.3377	1
-23.5501	-47.8728	1
-8.0436	-34.9394	20
37.8775	27.2735	1
3.04231	101.447	9
54.2721	-2.79158	1
-33.5828	26.8875	1
52.0474	4.47811	2
37.4834	14.9671	1
45.7578	4.8351	5
56.1385	40.4177	2
33.8992	-118.166	15
14.4883	121.044	1
-36.7374	-71.0353	28
52.715	6.49009	4
49.3039	8.10471	1
53.3272	13.3846	1
57.8736	35.0021	1
0.631816	101.416	2
55.3593	86.0515	4
51.529	0.438357	4
51.0376	7.98684	1
53.3549	-6.2476	6
20.7153	-100.441	5
-0.0412653	-51.1726	8
33.5914	-101.888	1
50.8575	-1.62926	2
50.7493	7.15935	2
48.383	31.1814	84
-22.9195	-43.073	3
57.149	24.3423	1
43.3359	-4.97303	1
7.35499	-2.33852	1
-5.21541	-42.8028	1
55.0015	82.9557	4
55.4269	-4.61729	1
-22.7449	-42.2907	1
48.7791	9.17711	4
-15.4552	-55.8425	1
41.749	13.0036	1
5.39716	100.315	4
-5.18848	119.441	15
8.9757	38.7679	1
45.014	9.01539	1
44.0342	43.0377	4
55.4359	65.2991	1
48.6839	6.11844	1
50.2133	19.007	1
-27.6883	153.097	2
-9.53333	-35.6871	8
54.5957	52.458	1
43.6947	6.98042	1
37.7871	-122.39	3
-20.4466	-50.005	1
44.8214	-0.583221	1
38.9943	-94.5599	1
50.3881	-4.11457	1
51.8039	55.1908	2
47.0732	15.4419	3
-26.2617	-48.9665	5
48.9174	11.408	3
16.2586	-92.301	5
-31.5614	-52.3342	2
55.7559	37.5483	98
43.6067	3.87862	2
47.4476	9.75956	2
25.2442	-103.233	2
41.8122	12.7385	1
52.9704	36.0825	5
20.3296	-97.8959	1
47.4233	9.36993	2
42.0149	-4.52639	1
49.9305	6.86835	1
38.9637	35.2433	54
49.0266	2.46772	6
38.0939	27.7297	1
37.9168	-1.11781	1
51.7206	9.04076	1
19.1755	-96.1233	3
53.6464	9.7964	1
50.5524	137.013	1
-20.8756	-54.2616	3
52.4309	9.38932	2
51.654	7.06471	5
42.8731	131.087	1
8.12923	-63.5409	1
46.649	32.6375	1
-7.61651	111.947	1
51.6205	7.66767	1
55.9303	-3.20985	1
-7.27568	-35.9777	1
52.5801	21.4896	1
55.1254	73.3788	4
33.9814	-81.7812	1
37.2886	-5.79664	2
50.8577	5.70089	1
51.3184	12.3248	18
53.8811	10.7614	1
51.9685	5.66513	1
38.6364	-77.2584	1
-26.4426	-48.7768	1
-20.087	-40.8168	1
52.9539	-1.1665	1
52.1413	5.22837	2
48.0892	20.6757	6
50.6564	11.974	10
-26.8728	-49.1096	12
41.7614	12.3075	1
40.1971	-85.3842	1
51.1666	7.08455	6
-1.34752	36.7423	1
23.6125	58.4538	1
-6.93841	108.482	1
24.0753	91.1153	2
-27.628	-48.6381	1
50.5313	12.7696	3
54.3695	11.0645	1
51.3577	7.46432	1
42.9073	-78.7484	1
19.3284	-99.1525	60
54.1479	45.2109	1
41.7107	-88.2444	1
41.5739	14.6544	1
47.9614	11.7875	2
1.00185	116.394	1
49.1048	6.19605	2
-7.2771	112.717	23
-11.0019	-37.1007	4
51.585	5.06361	2
59.4039	13.5735	1
50.823	12.8918	2
40.4314	-79.9806	2
59.6093	16.5508	1
-31.7413	-60.4851	1
51.3806	0.563568	1
42.6526	-78.7555	4
42.6681	-73.8107	1
43.276	-8.2247	1
40.5618	-74.1014	2
52.1077	10.19	2
-23.5334	-46.7845	33
51.1889	58.6101	4
51.6793	39.236	8
54.3609	18.6908	1
2.71563	101.953	4
51.2309	6.59982	10
52.3871	13.1165	46412
35.2247	-90.0219	1
51.9285	8.8763	3
6.36958	2.51812	1
36.6366	-80.9714	1
59.3315	18.0292	1
42.1024	14.4313	1
39.2204	9.09584	1
40.854	14.2435	11
51.1352	4.3958	3
49.0034	1.21327	1
47.2611	39.628	12
-10.1991	-48.3122	1
53.2258	44.9293	2
14.9205	-92.3094	1
53.7172	27.9867	46
33.9998	-83.3858	1
63.41	10.366	1
-6.70495	110.85	1
51.0647	13.1817	1
24.7967	-107.395	1
33.0931	-96.9011	1
-1.27293	-48.4598	4
41.0394	28.8779	8
43.7307	10.8006	2
54.0199	38.2963	1
34.1792	-117.322	1
4.76376	-74.3135	2
47.4824	19.1295	3
-25.0606	-53.398	2
52.9449	12.8226	1
52.8483	5.71872	2
46.5023	-1.78038	1
18.0252	-66.6372	3
-25.3779	-57.5191	2
-31.2458	-54.0659	1
-23.194	-49.3852	1
6.08262	102.287	1
53.0785	8.91199	1
50.608	6.33267	1
51.0481	2.42683	1
45.1541	11.3051	1
52.5179	13.6497	12
3.75442	102.564	1
47.4092	2.92404	1
-3.32939	114.568	1
-23.1873	-47.756	1
41.3941	2.1393	5
-12.6901	-38.4864	1
49.0214	12.1103	1
18.768	-98.9826	1
56.4815	9.37645	5
52.0182	4.7085	2
53.1213	-131.414	1
36.5721	-79.3373	1
-28.739	-49.3605	1
47.1413	9.84739	2
37.2692	-119.307	2
-3.10333	-60.0097	2
28.4545	-16.2891	1
44.973	8.2275	2
22.2703	-97.9168	6
55.5803	13.0207	1
-29.5098	-50.7825	2
51.138	6.74008	7
41.7776	-2.3213	2
41.1523	16.4176	1
-13.3766	-41.358	1
52.9708	9.91209	1
57.8106	28.3618	2
42.3144	-70.9703	1
42.3541	13.3704	25
59.4743	32.0514	1
46.6659	-1.41626	1
3.14845	101.705	62
6.44473	100.241	1
47.7343	13.015	7
14.9602	-91.7695	2
-26.0693	-53.1264	1
48.6475	44.3981	1
-23.8041	-46.5307	6
40.2596	-74.5125	1
1.56761	103.613	1
54.068	-2.85385	1
49.8621	10.8501	1
52.6019	4.71134	3
39.7643	-104.855	1
-6.07925	-35.3013	17
-21.8793	-47.9053	3
-15.7763	-47.7966	25
49.5501	2.51287	2
-28.7189	-53.5192	9
53.3367	13.057	1
19.2708	-99.6499	7
28.6314	77.2192	3
17.9573	-92.9296	1
36.5056	-78.4161	1
55.7454	52.4375	1
42.8215	-1.63469	2
50.0729	8.24873	4
-33.4432	-70.7233	7
-7.70203	109.015	1
37.3074	13.651	2
48.895	2.10517	4
-24.018	-46.5015	8
-22.9199	-43.2334	1
19.6014	-90.3361	4
48.2201	16.3799	3
38.6531	-90.2435	1
60.7218	28.7527	6
37.5987	-122.019	1
53.4424	-2.23348	3
46.5171	39.0884	1
-7.45968	112.742	2
49.1836	-2.10397	1
56.2847	43.851	7
51.6814	-4.13826	1
-32.2122	-52.378	1
51.5318	7.21221	1
51.5265	45.9785	2
43.5602	-7.82595	2
-6.51005	110.766	24
14.4019	120.872	2
49.7204	9.20979	1
53.5203	49.4315	3
36.063	-115.051	1
-2.17618	-79.9085	4
51.5207	-0.142822	392
53.3694	8.10075	1
49.819	8.74589	3
-21.4064	-45.4872	23
-5.18745	-37.3473	13
-23.1919	-46.9635	1
39.2222	-84.5246	7
43.1169	-79.3299	1
2.28654	111.833	1
52.361	13.4192	6
-6.16896	106.827	38
47.4371	21.3802	5
51.2562	4.5044	1
51.6629	4.53624	2
47.3143	9.62021	21
51.6323	4.85779	3
34.0203	-6.83744	1
47.9873	7.79645	3
50.5102	7.29952	1
44.0181	-88.5619	1
49.5814	8.72012	3
49.9411	7.39768	1
-23.2569	-45.8312	1
61.7757	30.6886	1
48.3346	7.32573	3
6.50897	116.566	1
43.6165	-79.4972	3
55.7249	36.8488	3
52.3671	4.88943	5
-25.4951	-49.2884	48
52.9094	9.77683	1
50.8146	8.36254	1
-22.7782	-45.0475	1
53.5197	-2.04633	2
41.8984	12.5451	2
-23.3921	-46.4538	6
51.728	8.76856	1
44.5759	-1.08104	1
47.3671	8.54756	4
39.8865	32.876	1
45.4613	9.15934	6
40.9122	29.1339	13
16.7419	-93.1397	2
35.3359	137.122	3
55.7066	8.75917	1
54.2633	9.59957	3
56.9437	24.2014	8
-1.22525	36.9205	3
52.3668	7.98223	4
54.9915	73.4291	2
33.8572	35.5421	3
-29.7338	-51.0571	1
-21.7554	-48.172	12
-22.6211	-48.8039	1
56.1597	15.5807	1
33.27	-111.773	1
36.212	-115.261	3
48.4315	5.12683	1
-29.331	-50.7797	1
50.6547	12.1948	1
39.7629	-84.2888	3
39.5146	-8.56205	1
51.3785	-2.35831	1
50.7444	-1.83886	1
32.6818	-96.661	1
46.2249	7.34339	1
32.0637	-81.1107	1
48.3001	11.8925	1
40.6645	-74.5457	1
48.2751	12.1606	1
52.2328	21.0607	5
8.95332	-79.6559	2
1.69096	103.924	1
-17.8586	-42.5919	1
54.3995	9.98449	1
30.5215	-87.0126	1
41.7581	2.06928	1
44.7887	20.431	1
51.4773	-0.887794	3
43.2464	76.8623	3
35.486	-96.6973	3
51.0963	4.22837	1
40.539	-3.61933	1
55.0767	61.5533	1
43.5778	-79.7346	2
50.4182	30.6521	1
45.7248	9.65637	1
38.7633	-77.5004	1
35.0417	135.576	1
40.8751	-74.0303	6
51.9561	7.62691	3
40.2012	28.9816	1
1.34628	103.69	3
42.2855	-71.2446	2
51.4398	10.5717	1
54.782	31.9983	1
52.3261	-2.065	7
19.3412	-99.007	1
50.7782	5.97428	23
40.9168	38.3898	2
-15.7182	-43.4193	2
67.1987	19.4656	1
13.7979	100.771	1
34.7014	-86.6686	1
18.8	98.9545	1
50.9077	5.86011	6
48.4335	2.77632	2
-29.0686	-51.0353	3
59.242	15.0206	1
51.9413	10.1251	5
39.9166	-105.13	1
50.3148	18.7951	2
41.4995	2.35824	1
52.2523	6.77732	1
-20.345	-40.3472	4
13.6933	-89.1352	1
41.7625	-72.757	2
61.7359	34.4038	1
51.2822	9.6182	3
51.5252	30.7568	12
12.1371	-86.3016	4
60.2971	17.577	1
44.2151	20.9238	10
-27.7689	-48.6676	1
46.34	10.3707	1
51.1084	6.95177	1
35.5211	129.103	1
43.6293	-79.2725	2
-29.8977	-51.1704	2
-23.4057	-51.9683	1
30.3449	-81.6831	1
50.4574	4.10842	1
-8.67002	115.186	6
54.777	49.9181	1
-0.271349	100.372	1
47.9527	-124.386	1
68.954	33.1359	4
39.7481	30.6191	1
49.1845	6.91136	1
61.2734	73.4332	2
24.6625	-107.342	1
-26.9752	-52.5357	1
50.4653	30.5118	3
36.5075	-4.87291	1
11.028	-63.8449	1
50.6327	6.03773	2
38.5305	-8.86894	4
38.9959	-77.001	4
26.5614	-80.0527	1
19.5187	-99.1157	11
-23.1117	-47.1947	2
34.9522	138.383	1
54.1937	37.6289	4
42.3154	43.3569	1
48.3822	16.1834	1
55.8554	-4.23242	3
30.5915	31.4779	1
54.6287	-1.65155	28
-22.442	-44.5232	1
52.8759	6.00255	1
57.1506	65.5568	1
52.7529	6.95947	1
52.7775	13.2808	6
56.7337	37.5338	1
9.02552	-79.5272	8
30.4025	-88.9646	1
52.5142	6.10694	1
29.97	31.2491	1
-29.8907	-50.9563	1
53.1454	50.0276	8
46.1813	39.8343	1
36.8351	138.205	1
53.2007	50.1975	1
37.5245	-77.4932	1
33.9798	-117.89	1
-23.9773	-48.8715	1
-6.20948	106.596	6
34.0483	-117.248	1
47.0533	1.82483	1
54.319	13.0283	1
52.2544	4.543	1
50.8963	5.16828	1
40.0962	-122.643	1
39.3917	2.76997	4
54.1924	19.4337	1
19.3507	-90.7259	1
38.2382	-85.6821	1
53.9471	9.70656	2
44.7036	-0.460157	1
43.2491	-1.99139	1
38.9979	-105.554	1
49.3371	8.68611	2
37.1803	-3.59799	4
37.6434	-0.71539	5
47.4818	-0.563019	1
52.9778	-2.11201	1
53.459	6.62288	1
4.73857	-74.0649	8
-12.2001	-39.0645	1
23.9542	-104.838	3
45.6393	-122.619	2
49.9038	7.25035	1
56.8155	60.6136	9
-27.6698	-53.8305	1
40.6962	-74.2672	1
59.9394	30.0922	23
55.6812	36.7	1
-1.04903	-80.4492	1
59.0417	17.3006	1
50.5131	11.1304	1
-1.74911	102.839	4
50.5265	9.00444	1
1.84467	102.978	2
-30.1378	-50.283	2
34.1874	-118.452	16
52.4991	13.501	53
51.9585	6.28045	1
59.9527	10.7095	3
45.4702	6.45401	3
46.7006	12.6147	1
-5.15527	-44.1652	1
19.1739	72.8703	1
3.23187	101.386	1
34.4152	133.28	1
52.2561	18.2626	1
39.4224	-0.352529	8
-25.553	-48.4967	2
-27.3972	-51.5977	18
50.652	-4.03372	2
-23.086	-45.5067	6
55.6681	37.4283	1
34.8479	-82.2275	1
-22.916	-43.4473	33
49.1846	-0.372109	2
-20.4597	-46.0594	3
35.0896	134.007	1
57.1517	-2.10448	1
60.9962	24.4451	1
-24.1265	-52.366	1
49.1994	-122.913	23
51.7341	5.2854	5
38.3835	-0.44213	1
25.7558	-80.2957	2
36.5828	36.1676	1
49.2679	2.47753	1
53.5042	10.4882	1
44.0629	5.05845	1
-35.5749	-71.7026	1
25.81	-80.1401	5
38.8254	-0.608454	1
57.2016	52.7806	1
-20.2124	-40.205	2
57.9814	56.1962	6
48.878	9.39779	2
1.45567	110.487	1
44.9409	-122.979	1
44.4669	11.1998	1
-25.0971	-50.1833	1
35.4008	139.376	2
56.9803	65.7614	1
46.6945	0.35547	1
56.7426	37.166	1
-20.785	-49.3592	1
55.2989	-4.83465	1
34.0086	-118.497	11
30.1392	-85.5902	2
44.6974	-75.9406	1
-7.06364	110.395	3
53.4346	23.4208	1
49.44	11.1354	2
32.3734	-90.1467	1
47.7965	12.6411	1
49.3757	6.88066	10
51.6878	-1.26307	1
55.7429	49.1986	2
40.073	-74.7243	11
59.0838	17.5272	4
52.1794	5.90278	4
-23.5255	-46.3332	2
-16.3051	-48.9725	2
35.1704	136.946	6
1.34664	103.937	3
5.63362	-73.526	1
48.7674	2.77573	1
23.764	90.3665	3
54.3147	10.1301	3
45.401	8.94849	1
54.8902	23.9267	86
15.4673	120.581	1
50.716	-3.48495	1
-3.29005	102.875	2
36.6668	140.136	2
52.6401	1.27308	1
47.369	-122.084	1
-29.656	-50.8626	16
0.247298	-51.0638	7
50.8413	9.15326	1
29.8239	-95.4621	4
-7.78094	110.364	14
-2.57242	-59.9803	9
-22.0585	-46.575	1
-6.35352	107.111	1
60.7164	17.3667	1
-7.66447	-36.9094	1
34.1978	-79.647	1
43.4782	-80.5283	1
48.9958	1.69169	1
43.1619	-86.2632	1
19.1285	-104.363	2
-7.90639	110.257	1
60.468	26.9461	2
21.1943	-86.8179	1
51.7215	-1.0292	1
61.5218	0.00022	3
33.9711	-84.0928	1
27.7278	-97.3614	1
47.0962	8.34517	4
31.1087	-97.3857	2
39.9599	-75.604	1
27.1893	31.1896	1
42.8506	-2.69861	2
-23.0614	-45.9175	5
61.5218	-75.0065	1
52.1494	8.67245	2
11.0236	-74.8051	8
44.7776	4.82735	1
41.5136	12.853	11
-33.8677	151.222	2
47.3942	0.695126	1
56.8631	53.2013	2
51.0266	3.70399	1
40.3522	-79.8609	1
-22.7215	-47.595	1
58.0394	60.5549	1
2.20133	102.248	4
13.678	-89.2764	2
39.7393	-89.2665	1
50.3463	7.58951	2
-9.75808	-36.6473	1
-27.0818	-53.1948	1
36.8754	10.2199	1
37.4884	127.049	1
50.7669	6.23464	4
-6.34273	106.731	12
49.4825	10.9681	1
39.3701	22.9831	1
7.76174	-80.2672	1
48.3876	9.94289	2
52.4729	13.3056	9
56.0765	50.0732	1
19.6527	-101.276	1
5.93787	116.074	1
19.6563	-99.2336	2
55.8542	37.6536	3
55.923	37.8667	1
39.6347	-79.9517	1
41.283	69.255	1
34.0375	-118.314	16
35.3759	139.621	1
40.6429	-4.72903	1
-16.6815	-49.2936	2
60.1833	24.675	3
47.3588	7.90362	1
53.0109	9.03652	1
49.4626	8.47449	4
59.1137	31.8671	1
44.9307	12.2256	1
-6.7694	-79.8556	1
26.0398	-80.1753	2
35.8399	129.202	1
-19.8596	-44.9979	1
25.6503	-100.366	6
53.4859	11.2058	1
-22.812	-46.2762	14
42.9839	-85.6741	4
20.6767	-103.337	3
50.5404	7.09651	1
43.4462	47.5862	1
-22.8695	-47.208	1
19.7688	-100.217	1
-27.2766	-51.6758	35
36.7426	-3.48845	1
43.0801	-75.1518	2
5.66656	-0.0182949	2
39.8993	15.7804	1
58.1574	8.03269	1
51.1357	23.4886	1
44.3649	-94.6848	1
39.4138	-76.9463	1
39.0538	-77.4537	1
53.1133	48.4677	1
50.8333	4.0	1
49.3606	9.10284	1
37.1205	-8.54335	2
17.998	-76.7403	1
43.7807	11.2448	3
19.5421	-96.8861	1
52.0769	4.3064	6
36.608	31.7839	1
-22.5461	-48.6355	2
56.4887	-2.95793	3
49.3637	7.0762	8
41.0342	29.0501	1
19.0285	72.8801	1
3.16743	101.514	2
46.2896	20.5171	1
46.3234	9.93979	1
52.4534	6.56774	1
-34.9744	-71.2202	2
44.574	38.0395	2
40.6974	-73.9797	12
41.1621	-8.62191	2
31.5939	-7.95924	2
41.0637	28.6768	2
49.8035	9.90851	1
39.622	-105.019	9
19.6101	-99.0067	1
-21.2475	-43.7915	1
43.1534	-8.48066	1
51.6308	-0.757649	1
41.0907	-73.8697	1
38.2753	24.508	10
41.5196	-81.4918	2
51.3551	-0.0803756	6
33.5485	-7.57987	2
35.4035	139.217	1
40.628	-8.63966	3
-33.5195	-70.5738	5
51.5962	5.32633	1
53.3541	10.562	1
-22.5245	-44.0809	2
40.7767	-4.22442	1
59.5533	150.813	2
-23.513	-51.0998	6
53.4885	10.2051	1
48.6892	-1.356	1
48.6598	7.84038	1
39.1972	-77.2698	1
49.7556	6.63935	1
53.4141	-6.39933	1
53.8096	87.2221	1
53.0088	17.731	1
48.7044	2.08172	4
60.9715	25.6661	2
20.941	-89.6236	5
21.0981	-101.601	1
-23.47	-47.4366	15
41.8338	-87.7319	13
42.0376	-88.2818	4
56.0897	12.7645	4
6.4398	100.53	3
-25.8846	-48.5725	2
51.3819	-0.282529	2
37.4673	-105.88	1
-21.0987	-48.8276	2
-29.5883	-51.3433	9
50.8026	44.3706	1
-42.8833	147.328	1
40.6762	14.804	1
49.6307	10.9403	1
48.7392	2.23211	1
50.8053	7.8813	2
51.0539	-1.80073	1
-25.4155	-54.6329	1
42.9318	44.6465	2
55.9011	-4.75027	18
1.5254	103.838	1
50.9576	6.96746	28
-23.5594	-46.1857	2
52.8299	8.32071	1
48.9409	2.61756	2
-22.2387	-49.1125	3
54.6851	-1.79769	1
30.2283	-92.0979	1
9.92428	-68.3087	2
14.6603	-90.5862	4
-21.2134	-47.818	6
39.2508	-9.31059	1
45.5571	11.2719	1
-27.1111	-52.6609	1
36.1133	-5.48741	4
46.5287	6.6419	2
30.307	-95.4301	1
39.2655	-2.58555	1
57.8931	59.9688	1
47.6346	7.49119	1
49.9951	8.85102	3
48.295	14.3275	1
40.1809	-3.65453	1
41.4988	-81.7058	1
55.6952	37.877	10
41.4379	-8.41359	1
38.7435	-9.15999	25
-34.5762	-58.7302	2
51.1998	5.53502	2
50.8876	15.6184	4
52.545	5.92005	1
32.9078	-96.606	1
42.2131	-8.75537	2
53.4039	-1.5631	2
13.7828	-89.375	1
53.68	9.37268	6
-10.3355	-58.5891	1
-14.2393	-53.1848	11
13.0909	80.2433	1
18.3365	-66.4691	1
49.1512	9.17326	4
53.146	-1.0054	1
41.2927	12.5735	1
56.5222	84.982	7
51.1106	-2.99974	1
0.0334953	-51.0519	1
-12.8753	-38.5026	7
54.0833	13.4172	1
55.6087	37.6763	8
-29.2155	-51.9275	1
52.3785	9.74575	8
-18.9138	-48.2756	4
48.9934	4.30801	1
6.16395	-75.6315	3
48.1207	16.5588	1
39.1625	-0.251048	1
-22.7241	-47.2901	2
