Latitude 	 Longitude 	 Weight
35.3706	-118.949	2
-19.9187	-43.9598	288
-8.27614	115.163	1
43.375	-4.49835	1
33.4158	-104.524	1
38.1377	13.3472	15
-5.97636	-35.9228	1
32.0066	-97.1302	1
-23.0175	-47.8493	1
18.2735	-78.3406	2
5.274	115.248	1
34.4357	135.245	2
0.132077	110.547	1
-7.07854	110.047	1
52.9908	6.25643	3
-0.238819	-50.7698	1
16.959	-99.7356	8
40.4148	-75.6111	5
36.3754	140.363	1
34.0574	-117.474	5
25.5288	-80.3904	1
29.4634	-98.67	52
-19.5499	-56.0323	3
29.6435	-98.2056	4
55.8	37.8002	10
43.0532	2.97562	3
-26.2485	-49.9051	2
33.6039	-117.658	5
42.6866	-8.98969	2
36.3998	-78.1593	4
39.0225	-80.4433	1
10.0577	-65.0257	1
-30.2365	-52.9791	1
36.7319	-76.3401	1
-6.21603	106.964	381
56.7431	12.7834	1
27.8155	77.3373	1
50.795	-2.61142	1
52.573	-1.547	3
50.1212	8.63661	10
51.3839	0.546475	6
40.618	-74.0231	35
32.5304	-110.924	1
49.4962	0.131479	1
10.4915	-66.8282	4
42.7363	-93.7162	1
-20.5326	-49.1044	1
36.101	-94.1813	2
42.0436	-91.6393	4
41.3661	-73.447	6
10.4807	-66.5918	1
34.136	-87.9964	1
44.6407	-72.94	1
-22.9527	-47.3038	19
35.8305	-85.9786	2
46.9647	142.735	3
-6.95344	107.42	19
41.9848	-79.3411	1
22.2703	-97.9168	1
40.7752	-111.94	19
-6.12295	106.195	7
48.8232	3.14248	1
-27.4113	-51.183	1
28.2563	-81.3115	3
-22.9228	-53.1241	1
-7.65633	112.907	1
43.4994	-84.9056	1
40.7405	-2.54198	2
-3.95811	120.172	1
33.6029	-112.306	8
51.5258	5.11875	10
36.257	139.412	1
30.5215	-87.0126	5
42.771	-71.4444	3
18.6276	-68.74	1
57.6184	39.8622	3
38.809	-77.6352	1
-11.031	-37.4771	1
34.057	-117.319	39
5.31691	116.152	1
4.34365	100.904	4
-7.88182	-38.7618	2
5.37802	101.046	3
0.567826	123.067	2
46.5913	-64.9941	2
34.7676	-92.3958	1
52.6003	39.6002	5
40.9792	-76.8015	2
10.2717	-67.5826	2
-1.90527	116.199	1
33.5086	-86.4325	1
41.2128	-73.8094	1
40.7687	29.9589	2
-23.6839	-46.9469	35
32.2893	-104.096	1
43.6211	3.88758	7
47.251	-1.93632	1
25.0716	55.138	2
33.6666	-112.455	1
42.1459	13.4929	3
38.7307	-82.9961	2
-23.7071	-53.4119	2
43.2944	-5.67792	1
39.9216	-79.7155	3
13.1418	-59.6235	1
50.8387	4.36307	5
45.1889	0.712975	4
51.9141	6.56715	1
6.11277	100.374	14
-33.4131	149.182	1
-1.26861	36.8318	7
52.8326	-9.43972	1
41.7405	-87.9454	4
52.619	4.63308	13
-3.70925	-40.3435	1
29.5602	-95.41	1
-5.94912	-35.4266	2
29.1738	-82.1567	3
53.099	-7.21739	2
37.1523	-85.9316	1
59.8653	29.8847	2
42.3722	-88.3529	4
38.2018	-90.4203	1
52.3943	6.26724	11
-7.08648	110.305	14
31.6061	-97.1174	1
52.5136	5.68839	1
15.5651	32.5294	1
40.2876	-84.1672	1
55.3593	86.0516	5
-28.739	-49.3605	14
-21.2386	-47.9781	1
34.2585	-6.58228	5
41.2039	-73.0972	8
25.5196	-103.422	1
34.5417	135.454	1
19.4685	-98.7874	3
-4.05584	119.632	1
-23.5781	-51.4235	1
43.3955	6.29457	1
33.0337	-111.652	3
47.4762	-3.10392	1
32.7982	-117.232	25
48.0246	-122.059	2
38.9734	-119.889	1
55.9048	-3.14177	3
54.9488	-1.54301	6
44.7533	11.5817	1
50.861	5.81868	9
52.4021	37.5692	1
3.89111	102.602	2
29.3333	-98.4391	3
53.6586	-1.41183	3
37.7286	-79.3551	1
-8.04557	111.719	1
18.4901	-66.8568	1
5.02861	118.292	1
37.583	-115.227	1
14.4215	121.023	19
42.7489	-84.4805	1
40.3855	-79.705	2
-24.1931	-54.2211	3
-22.7467	-47.1389	4
32.7795	-96.799	15
54.7603	-1.32754	6
40.9683	-81.6947	4
-26.3964	-51.0271	2
41.9383	-93.3898	2
37.8072	-25.4945	1
52.5055	4.86152	10
49.0807	2.66823	3
-24.7263	-48.1159	1
38.1486	-85.6023	1
51.8351	5.97218	7
37.2854	-120.493	1
39.1151	-76.6287	7
28.9699	-111.498	1
50.409	2.7593	3
48.3946	7.44362	6
51.769	4.95143	11
34.1682	-111.931	1
54.8079	-1.57972	2
-7.03353	-37.3471	1
-5.40306	-37.5589	1
41.3458	-84.3618	7
35.3473	-106.603	2
-5.569	-50.0651	3
44.0358	42.8779	1
19.2838	-70.2558	3
33.1959	-96.5376	1
37.2357	-76.515	3
34.9091	-82.2144	5
39.9231	-77.046	1
49.2884	-123.073	16
48.6886	2.51529	49
35.2091	-101.138	1
42.2868	-71.7138	6
38.7126	-9.27044	25
48.9458	2.49126	58
37.5864	-82.3983	1
-22.8312	-43.2884	29
-26.4233	-49.1569	36
40.7335	-73.1152	2
-33.9947	18.4723	4
45.3914	11.7935	12
56.1527	-3.78595	5
-23.6	-48.0418	2
-30.9286	-51.8289	1
-3.00533	104.764	32
-6.71779	108.556	16
56.1459	8.81087	1
41.2229	-111.973	3
38.533	-121.977	1
39.9928	-75.5583	2
-5.90692	-36.7753	2
25.7876	-100.33	9
52.0508	113.401	1
50.7128	3.21647	6
39.3403	35.9684	1
-6.81584	108.429	3
-23.4057	-51.9683	9
35.3103	136.791	2
3.8171	100.833	2
-3.77315	-43.4628	1
1.23225	-52.3827	1
39.7797	-86.1329	5
40.3653	-3.4874	2
35.2103	-81.1069	1
54.3446	-1.42211	1
32.6428	-16.8292	1
56.4116	-3.4647	5
-33.05	-71.6139	2
-18.9857	-47.0712	2
-23.2969	-45.9737	15
42.5199	-4.0056	1
38.8622	-76.9943	163
52.7063	41.5872	1
-29.6877	-49.9908	4
-33.6063	-70.8959	2
52.9779	-2.11203	6
-6.93471	107.716	133
36.6235	-88.3211	1
29.207	-99.7924	4
51.046	2.84731	1
39.3735	-104.841	1
33.8971	-84.7722	1
61.2046	-149.864	3
33.4433	-84.2589	3
55.0844	38.7976	2
41.1667	-81.4128	7
40.6045	-75.4917	3
-28.6978	-49.5816	1
43.9465	12.4257	2
-8.32052	113.418	1
8.24555	-80.5478	1
-21.6506	-46.4169	3
-29.1058	-51.5365	12
38.4773	-77.4471	1
53.029	-1.45874	1
-9.39536	-40.5178	1
38.485	-75.9092	1
60.5355	22.2621	1
51.9642	6.30756	1
-16.6428	-49.2612	15
38.5995	-78.5219	6
42.2206	-85.8786	1
52.0231	5.55162	6
36.7389	-4.09347	8
-23.3552	-47.9037	1
51.3146	9.45975	1
-28.3656	-50.9336	1
34.9671	135.773	17
-0.42135	116.979	1
40.6788	-4.09946	3
39.6477	-104.997	3
34.6768	-82.8329	4
-26.1685	-48.533	1
36.3356	-94.1519	1
-3.94954	-38.3799	1
30.3449	-81.6832	10
-22.1761	-47.3406	4
10.4413	-84.0396	1
-10.8797	-37.1759	5
37.4834	14.9671	1
45.7578	4.8351	3
52.0828	-0.739571	1
52.7843	-1.23715	1
40.5672	-105.094	1
-29.7338	-51.0571	63
42.0376	-88.2818	1
-22.959	-49.8674	6
10.6719	-71.6086	2
-18.6831	-41.0904	1
-20.8668	-51.308	2
2.88408	101.526	6
36.0076	-80.2031	1
55.9834	37.2087	1
-12.0158	-76.988	8
9.52288	123.138	1
52.5379	5.34582	6
4.88983	114.922	3
9.05865	7.39776	2
-15.3603	-41.9798	4
48.0599	-106.042	1
-6.88952	106.942	11
-1.44566	-48.4763	20
42.1202	-96.3567	1
52.4091	-1.44352	10
4.29285	117.889	1
-8.11343	112.626	36
38.6532	0.0390267	5
-31.5614	-52.3342	24
56.205	95.7269	1
18.2614	-66.0408	2
-7.32828	110.519	6
38.4329	-115.02	1
34.5543	-118.056	4
48.4561	135.099	3
38.3274	-85.7708	14
1.3404	103.958	295
29.3294	47.9677	10
2.50099	102.993	2
-7.18892	111.864	1
-30.1564	-50.1998	33
-26.4426	-48.7768	14
-19.6897	-42.1507	1
58.2103	-6.32186	3
56.1385	40.4177	1
-27.6364	-52.2459	4
-26.2945	-49.3292	3
-27.1	-48.635	16
-20.5185	-43.8771	3
53.3549	-6.2474	8
41.4693	-87.2428	1
39.8769	-7.1126	1
-12.9063	-39.8659	1
43.6612	6.92288	5
26.596	-80.1022	1
49.4138	5.94576	1
-15.7182	-43.4193	1
44.7031	-88.8973	1
49.8513	20.2544	1
46.7669	-120.987	1
40.4314	-79.9806	20
-3.99321	-79.2001	1
10.0767	-69.2739	12
4.80132	101.057	7
32.7275	-103.163	1
-22.2548	-49.1129	12
31.8749	-91.1388	1
40.7504	-73.4832	10
-7.31065	107.794	2
5.78269	117.972	1
58.5534	31.2773	3
56.6345	47.9279	3
-6.93631	108.882	3
46.4504	-120.476	1
-3.69091	103.792	1
-22.6839	-47.007	1
47.1425	6.19758	1
37.7914	-3.74254	5
-23.2761	-47.6736	2
38.8778	-99.3181	1
37.4045	-79.8957	1
32.6782	-83.1783	3
-20.4049	-52.1809	2
43.2365	-86.2565	52
8.97733	38.7698	1
43.3484	3.2346	2
-14.7972	-39.0344	1
39.8529	-84.2779	2
-8.0942	112.309	2
38.6264	-90.5931	1
5.10158	115.579	1
-36.8522	174.763	4
-36.0662	146.948	1
0.975987	124.799	1
-6.96961	108.511	1
41.9545	-70.6846	1
35.537	-119.085	1
20.6079	-103.417	4
40.7065	-3.58347	1
50.8625	0.557267	5
42.584	-83.0519	8
31.4228	-103.484	3
2.9535	99.0609	1
37.8635	32.457	1
-23.4454	-46.6124	117
38.9568	-3.88315	4
-26.7242	-53.4817	3
31.262	29.9828	3
-1.22844	116.832	30
40.9916	-75.9517	2
44.6448	10.8969	2
48.0147	-102.129	1
6.04155	116.152	21
37.2692	-119.307	66
26.1265	-97.6399	6
33.7303	-116.213	2
-26.3749	25.4619	1
-26.3075	27.9439	8
44.5854	33.4711	1
-5.39307	102.237	2
34.2994	-119.249	1
45.7358	11.8618	3
52.1974	5.78915	3
-18.9694	-49.4771	2
29.3182	-99.5433	1
45.1088	-93.3403	2
36.8652	-79.7743	5
5.64268	102.508	3
4.78331	103.39	3
-27.1111	-52.6609	64
-15.3973	35.3334	1
40.6565	14.8034	1
33.7282	-93.5396	1
-39.0804	174.047	1
-21.8793	-47.9053	32
-28.7189	-53.5192	30
27.4887	-82.572	1
19.2708	-99.6499	10
54.2103	-1.1906	1
-7.75355	113.213	4
32.3868	-106.485	1
17.9587	-77.218	1
51.8142	143.153	2
-23.3519	-51.1743	2
53.2204	-0.558267	20
-29.6926	-54.8034	1
44.4922	3.13334	1
49.3422	12.1524	1
-29.392	-50.9007	2
45.0095	41.9133	1
4.68095	103.146	1
27.1654	-80.2779	1
45.7706	-108.543	1
44.3683	9.31229	3
39.4608	-78.0024	1
52.1906	4.49621	15
-29.1921	-51.3739	17
36.6215	-119.679	2
55.8811	38.7853	1
7.9757	-80.6972	1
35.2124	136.609	1
36.1443	-88.5201	1
35.4068	-79.2313	1
43.7719	11.2585	4
3.54861	101.659	3
-33.0639	-76.5434	1
36.0922	-29.9585	2
52.2628	4.63362	16
39.2333	-119.943	2
47.4371	21.3802	1
-9.99977	-68.2655	4
34.6999	-118.132	7
-22.2628	-45.9406	1
36.3088	-119.29	1
37.438	-4.45042	2
-6.9958	110.428	33
-30.4636	-51.6415	2
28.8518	-96.9785	1
18.7969	-97.1651	6
49.778	9.94286	1
51.1963	0.742771	2
40.6375	-116.941	1
55.7249	36.8488	3
28.6878	-99.8264	1
-25.4951	-49.2884	600
45.4153	-72.7849	1
32.3477	-89.9423	1
2.1343	102.715	5
55.7568	-4.85136	3
-29.553	-52.2026	2
51.272	-0.395409	2
-23.0159	-46.7544	1
28.7132	-100.481	3
47.9305	0.191709	5
51.4471	-3.40543	4
53.6196	-6.77041	13
43.2925	3.41933	1
52.3798	9.76148	1
-6.90909	110.62	1
41.4011	-82.5594	1
53.7595	-0.409215	1
-23.0595	-46.972	21
5.22608	97.0451	2
38.2755	-80.8505	5
50.6547	12.1948	2
41.6523	2.68994	2
38.9933	-78.3712	1
37.7895	-81.1849	2
52.478	17.2571	1
41.259	-81.8021	2
18.4683	-69.9156	32
-29.641	30.3723	1
42.2582	-84.3841	3
-29.0982	26.1891	1
50.4246	30.1757	1
35.5569	-80.8024	2
50.8875	-1.35486	9
39.8132	-85.9873	4
-6.27766	106.695	186
52.9099	-1.53844	10
47.0317	21.1828	1
34.6723	134.946	2
42.6526	-78.7555	18
29.4858	-98.3146	7
-4.12497	120.029	1
58.282	12.3317	1
42.3758	-72.5123	3
41.076	-81.051	1
23.4681	-106.272	1
1.86117	104.63	8
35.8765	139.839	2
-12.3487	-46.5503	1
42.9564	-85.6601	4
41.5036	-73.0512	7
27.5458	-99.5723	1
56.3537	41.3264	1
41.8938	-87.843	24
39.9558	-75.2414	42
-28.3794	-53.8947	7
52.9402	8.18981	1
41.1928	-73.4291	1
-3.8318	-49.6803	2
-24.4958	-47.8554	4
-8.17299	-35.297	1
38.967	-76.8477	28
46.5285	6.32263	1
41.9047	-8.85866	2
44.589	-92.6161	1
35.9649	-83.5912	1
51.9501	7.62409	5
26.1876	-98.2164	17
-19.452	-44.7529	1
51.4775	-0.887606	4
-26.9189	-48.9518	1
27.769	-98.0316	7
42.2353	-96.4662	4
38.2643	-0.70424	8
43.1952	-2.46631	3
39.2075	-74.6971	1
-27.3241	-53.3715	1
37.7754	-121.964	2
36.1498	-95.9934	1
19.2658	-99.0055	1
-26.0794	27.7721	4
48.9273	24.7151	1
-27.7689	-48.6676	6
28.4996	-16.2315	1
-5.36346	104.785	2
51.2667	22.8865	7
40.4767	-90.6911	1
-8.22244	114.945	2
-6.19922	107.108	13
33.5767	-7.59756	3
0.939731	104.512	2
36.1779	-81.1307	2
41.0646	-84.1581	1
51.0183	2.34338	1
43.2227	-79.7592	6
38.9042	-79.8418	1
-4.36208	-38.0899	1
40.138	29.9624	1
38.8194	-76.7383	1
-22.1148	-45.0354	1
54.1937	37.6289	4
39.2869	-2.79354	2
32.5952	-90.3199	2
36.0891	-79.3713	1
33.2008	-94.9984	1
4.27648	101.147	2
31.8281	-81.6093	1
51.3927	6.14929	10
35.038	-97.3725	1
42.256	-77.794	1
42.7241	-87.8321	9
52.8118	-0.0167856	1
-22.4911	-45.6242	1
44.4156	-79.7016	1
57.9108	59.9722	1
-25.4308	-49.1551	12
-22.8738	-52.5483	1
-37.8741	145.256	1
19.6328	-70.2838	1
30.3477	-90.4156	1
6.4464	100.279	17
-0.0374334	109.343	23
18.4395	-68.9722	1
31.2646	121.646	1
35.0792	138.838	3
39.3917	2.76997	3
-2.61228	140.668	1
38.2763	140.324	2
45.489	-73.8449	3
52.1311	4.68895	6
51.7676	-0.575282	10
39.8991	15.7809	1
-26.4493	-49.6013	1
-10.1156	-48.1132	6
42.271	-82.1702	5
37.3682	-76.7476	1
53.4039	-1.5631	20
-1.27293	-48.4598	63
45.5249	-122.469	4
3.60958	98.4333	1
-29.9006	30.9726	2
41.8576	-79.1363	1
-1.09708	37.0001	3
52.5106	6.54641	4
43.0518	-86.2229	18
32.2774	34.9478	1
3.42902	-76.5303	1
-25.4221	-52.2358	1
-24.6977	-53.7903	1
-7.64251	110.447	7
51.4724	-2.81053	1
43.774	7.50278	2
13.6992	-88.1051	1
45.0538	39.0332	5
32.6409	-97.0605	4
-25.553	-48.4967	19
-20.9047	-47.0194	2
33.813	-117.216	7
32.0325	35.7225	1
-6.00147	-37.8323	1
39.1259	-0.278087	4
-37.6055	144.942	1
40.6257	-111.853	2
58.7824	59.7631	1
30.8399	-90.9974	1
33.5143	-82.1413	1
-21.948	-45.9404	1
-30.7969	27.9638	1
-12.124	-60.2921	1
32.7995	-97.2914	6
38.4025	-78.8235	1
-22.2895	-48.8787	1
51.8525	0.163393	1
54.3179	48.4689	1
38.9274	-78.1821	1
30.8499	131.995	1
19.7459	-155.54	2
34.0423	-94.3453	1
35.1864	-92.7747	1
-20.2601	-43.7964	2
-41.4636	147.157	1
30.2978	-97.7533	4
-20.2333	-70.1467	1
41.5824	2.53372	1
1.1379	104.009	11
40.2326	-3.43724	2
37.422	-6.11312	4
47.5388	-52.75	1
40.073	-74.7243	3
10.7719	106.696	1
51.6636	-0.810113	1
43.3499	-8.40827	7
49.9655	8.24295	2
53.4346	23.4208	1
41.7545	-70.6849	1
28.148	-82.5929	1
5.36563	-3.96072	1
35.0721	-80.6585	2
45.416	-93.1762	1
48.0832	41.2726	1
36.6668	140.136	1
50.0463	20.0057	3
30.0367	-94.076	1
20.8151	-101.602	1
34.9186	-78.944	2
34.1493	-77.8971	3
5.55682	-0.178546	4
0.557415	101.462	18
33.6507	-116.002	3
51.1635	10.4541	1
-15.8845	-55.1062	3
41.0348	-82.0001	1
37.0421	-95.6482	1
-0.95018	114.899	1
-31.2458	-54.066	5
42.7781	132.871	1
61.5218	0.00022	2
35.1634	-115.9	1
55.6864	37.405	9
-23.2011	-46.9084	43
45.5542	12.3301	1
-26.0485	-53.0507	18
2.39449	111.874	2
43.8274	-83.2575	2
51.2274	-1.48053	1
-7.46181	108.976	5
58.0394	60.5549	4
32.7303	-97.816	1
34.1594	-119.204	8
32.6669	-97.3838	9
-7.73263	109.5	1
64.7616	177.661	1
41.1966	-80.7643	6
31.1689	-100.077	15
51.2216	22.5635	2
18.022	-92.9165	8
43.696	-79.397	27
45.8376	1.31013	4
-7.10289	-49.9368	1
36.8491	-75.991	3
44.0388	43.0507	1
-1.58622	122.252	1
29.8659	-89.9844	1
60.1833	24.675	1
48.5303	2.25007	1
-22.7367	-44.3348	1
52.3548	4.90405	17
53.9974	27.6818	3
51.9241	0.9178	1
44.6087	-75.7139	2
-19.3419	-40.1093	1
33.6969	-95.4023	1
54.1846	28.475	1
54.9306	23.6601	3
42.3641	-8.40504	1
-24.1744	-53.0589	1
38.9209	-80.1777	1
53.9448	-6.67388	1
46.865	-96.8182	1
40.2752	-76.6568	3
41.8654	3.13655	1
5.20455	103.204	12
3.1644	99.4144	1
20.0823	-155.438	1
42.637	-71.3269	1
25.2536	-80.3228	1
40.0624	-8.59427	1
4.46251	114.013	5
49.1048	6.19605	6
48.1114	7.39228	1
54.1933	-8.64507	1
32.304	-90.1819	2
-27.4315	-48.7294	5
49.3523	20.0057	1
31.2438	-92.4503	2
53.9247	30.3407	1
41.3428	-73.2315	1
39.0947	-9.04127	6
51.6562	-0.39604	6
38.2753	24.508	17
33.5914	-101.888	3
28.0693	-16.7251	2
-26.9671	-48.7712	1
48.0463	-1.66046	3
50.9965	-1.47413	2
-7.85868	112.53	24
43.7176	-95.8728	2
42.021	-4.52905	2
-33.5932	-70.5603	4
35.6174	139.565	4
42.0147	-92.9098	2
1.48736	103.924	41
-29.0087	-54.012	4
-27.1211	-48.9046	8
21.0981	-101.601	2
2.30121	102.912	4
35.2715	-120.67	6
39.7297	-121.843	2
43.8942	12.8673	1
51.3819	-0.282529	5
38.3727	-85.9836	3
-27.3517	152.938	4
-21.3928	-50.1297	5
-23.621	-45.4901	3
-27.8534	-52.1704	1
48.2293	16.3281	1
41.6025	-87.851	1
51.5451	-0.1086	991
-23.54	-46.3466	39
33.1956	-117.356	2
-12.0789	-45.7998	2
33.5508	-116.129	2
5.20194	96.7085	1
57.2578	24.415	1
0.702557	34.3887	1
2.08488	102.576	10
62.031	129.708	4
-22.7612	-49.5745	1
1.27756	101.851	2
5.58836	116.013	4
-4.93507	105.123	1
38.8173	-77.9589	1
49.2508	5.94014	1
2.86881	102.469	2
39.2037	-0.431562	6
33.9179	-116.962	3
-22.3069	-42.4674	4
-22.0585	-46.575	5
35.5537	-78.2096	1
42.9257	-76.5688	1
55.9099	36.8513	4
44.0181	-88.5619	1
-6.36616	106.821	99
34.7618	-82.2804	2
50.5977	36.5848	4
-22.6133	-43.7186	145
-22.7373	-42.0436	4
48.2924	4.07631	5
50.0997	12.0845	2
-19.2878	146.803	1
56.1003	47.3062	1
18.3499	-66.1829	1
33.1343	-117.071	8
36.612	-4.53047	15
-6.88289	109.67	3
44.9868	-73.4405	27
-12.8753	-38.5026	75
-23.194	-49.3852	26
51.6656	35.6772	5
43.1428	-2.97986	11
7.98339	-75.4129	1
-34.9253	138.6	2
32.0756	-82.8875	1
41.6856	-88.1017	5
53.8224	-1.54536	13
39.6345	-79.9535	7
-2.62929	-44.3026	27
33.4337	-117.62	2
35.2029	-78.4871	1
52.7142	-1.37135	2
35.486	-96.6973	1
43.1102	-79.0356	1
39.8947	32.7972	4
33.1148	-94.1709	1
43.7305	-79.5584	3
1.60032	-52.378	1
40.0758	-74.0607	1
-22.3455	-51.9854	1
41.6914	-72.7603	7
39.7666	-86.4413	5
-12.8563	-38.3285	1
40.7456	13.9312	1
32.3311	-106.811	1
-28.2925	-50.0476	1
32.8128	-109.683	1
38.7323	-77.4931	6
37.8808	-4.81413	3
51.9579	5.03223	6
40.5951	-8.40175	3
41.9912	-92.5835	7
56.192	-3.20332	1
39.5357	-74.644	1
-13.2574	-43.4132	1
32.9585	-117.264	9
38.9002	-77.263	24
-29.7174	31.0337	1
-25.4912	-50.8622	2
41.9327	8.70883	1
37.7703	-122.436	47
40.7965	-91.1226	1
42.2733	-83.7377	2
12.0551	-86.188	2
52.307	104.253	4
40.0691	45.0382	1
41.8536	-93.925	1
0.028009	36.2766	4
52.8294	1.39688	1
52.5068	13.4246	10
41.6915	-0.927332	3
2.15758	100.81	1
31.4989	-106.156	1
48.2178	38.2043	1
2.71563	101.953	62
36.4751	-95.0172	1
34.7298	136.181	2
-6.79347	106.78	2
46.6798	-110.045	1
3.63298	114.533	3
-23.607	-46.7506	239
30.5686	-97.8499	1
38.4532	-121.83	1
24.9517	67.0464	2
33.8653	-118.256	125
21.3287	-157.921	4
35.0293	-110.697	1
16.9457	121.772	2
36.9759	-122.036	5
36.2921	-5.27678	1
33.7209	-116.382	2
45.9123	9.3192	1
-22.0587	-48.7344	5
43.462	4.94021	1
13.7941	100.322	1
51.7646	5.52865	10
52.1481	5.06188	20
36.0018	-77.8012	4
50.9188	-4.20763	2
-5.47237	-35.8787	5
51.2954	0.430936	2
42.8951	-87.9051	13
-1.75216	112.635	1
34.6167	-98.648	1
40.8481	-74.2946	3
-17.3179	-53.2205	2
-32.2122	-52.378	12
3.45019	102.414	1
47.235	2.07746	1
39.5762	2.68594	4
39.5583	-76.8309	1
48.9033	-1.51252	16
40.9118	-4.19462	2
52.3916	6.015	1
-23.6828	-46.5955	1610
49.7817	30.9002	3
40.4407	-80.1865	1
26.4588	127.912	1
52.611	6.67058	1
-5.1356	-38.0204	1
48.7712	1.92523	2
41.2369	16.5004	2
47.5933	-122.632	2
-29.9904	-50.1384	1
-23.8528	-46.8359	6
-14.5043	-56.8506	2
-0.539722	117.281	6
-21.1427	-50.6213	3
51.9482	4.83967	1
-6.70257	-35.1591	1
38.2405	-122.091	2
-7.08425	-35.2299	3
38.2779	26.258	1
-28.0381	-48.6607	2
35.0414	-90.712	1
38.8651	-94.6675	4
36.0018	-78.9011	3
44.7954	8.5167	1
0.830694	104.072	3
-22.7106	-47.7943	17
53.5927	-0.575417	19
51.1357	23.4886	2
41.4604	-80.5461	1
51.5635	-1.80078	2
37.6323	-0.720397	1
-37.3094	144.956	1
34.3643	-89.484	2
-18.3797	-49.4663	1
-22.2295	-49.6901	1
45.663	-93.9142	10
-22.16	-47.7917	2
45.5743	11.9494	1
2.29503	102.453	32
-22.4209	-43.917	10
37.2843	-2.15984	1
-8.98489	-64.5216	4
-17.8758	-41.5077	1
44.8638	-0.586176	7
-7.57933	-37.5187	1
-28.71	-55.8067	1
-25.4539	-54.4571	25
43.3678	-86.1773	3
-6.56218	106.771	67
-22.6259	-43.2108	3
29.5214	-81.2233	1
41.2366	-8.33199	3
-1.34098	116.687	1
50.7373	-3.90384	1
-22.1609	-54.8613	9
45.1817	-89.7031	1
38.0022	-79.1465	1
33.6575	-84.224	5
1.35164	102.152	12
-7.43734	110.985	1
59.9724	10.7215	8
37.7748	-0.808374	2
30.3769	-96.0915	1
45.0929	11.4083	1
67.4444	32.7364	2
38.8253	-0.607783	1
31.863	-102.403	1
-7.34558	108.179	11
47.0946	37.5299	1
56.1595	15.5805	5
-16.6161	-43.9388	3
56.2938	-3.05985	3
30.184	-93.2089	1
50.8235	15.592	1
32.8464	-97.5021	1
31.4993	-82.8484	1
39.5133	-77.6583	1
-9.80055	-37.6872	3
51.3478	-1.98007	1
3.89572	103.077	7
40.2615	0.291838	1
39.5486	2.50857	5
60.7473	77.5713	1
-5.79931	-35.2216	117
43.1056	-76.2108	6
36.8612	-121.609	1
2.52761	102.073	7
-19.4455	-42.6011	7
46.858	14.4974	1
39.211	-76.8439	5
53.1673	-2.36386	2
41.7049	-71.5109	2
-23.1295	-46.5728	5
27.8376	-82.2795	2
0.0	0.0	121
14.6228	121.081	23
55.7126	52.4007	1
38.4453	-90.3608	1
19.1714	-100.113	1
34.4767	-97.155	1
-7.68877	109.639	1
40.1158	-75.7161	2
55.7484	49.1633	4
-5.42891	119.445	1
35.7192	-86.9502	1
32.9141	-95.3495	1
-31.7719	-52.3425	3
34.6116	-98.3855	1
55.7355	37.0359	1
34.0374	-80.9375	4
5.5139	101.891	1
48.5075	2.46432	2
-3.0098	-55.1949	3
51.329	4.63239	1
40.8469	-73.8389	17
37.5355	-121.996	7
50.9579	7.01822	2
-20.3359	-48.3961	2
-0.789275	113.921	2
36.8579	-82.7595	1
51.6049	-2.97379	1
-6.34299	107.308	12
3.75993	101.497	1
25.441	-108.063	1
1.64526	103.594	28
10.6591	122.963	4
43.5792	-116.213	11
21.0487	-87.0318	3
46.1387	5.95225	1
52.2864	-9.67281	1
49.5944	17.2153	1
57.0732	-135.446	1
-22.238	-43.109	1
49.2779	7.61576	2
-26.2918	-48.6681	9
50.7782	5.97428	56
19.0872	73.0075	1
30.3589	-115.58	1
50.6246	5.59934	2
36.0303	-115.029	7
53.1383	-3.00021	2
-30.0016	-52.9029	1
53.3121	-4.62932	2
20.5715	-97.5237	2
49.5212	-115.756	1
-25.9305	28.1439	1
51.2532	-1.62423	1
18.0096	-76.9338	1
-3.97581	122.517	3
32.3744	-98.9668	1
42.9501	-81.3672	5
40.4444	-3.36036	2
46.5192	-118.124	1
52.7373	4.89126	2
35.6872	-95.3029	1
39.1294	-88.5301	1
-7.71255	109.012	3
52.9916	6.5709	1
50.8452	-0.130547	9
44.4075	-95.7575	1
-22.5245	-44.0809	3
42.3495	-87.8972	7
-33.4143	149.613	1
41.2383	-81.0339	2
29.2477	-95.3528	1
-24.5886	-54.161	6
3.94649	113.811	2
42.7466	-75.77	5
52.9978	-7.33284	1
38.496	-1.28756	2
35.0198	136.123	5
40.7796	14.7032	1
36.6866	-121.641	2
37.8005	-77.9161	1
10.9854	-74.7928	13
-7.65355	111.332	2
64.5713	40.522	4
55.8528	37.6622	9
49.4252	7.56281	2
39.46	-82.2286	1
54.2721	-2.79158	17
33.3795	-111.965	74
36.7426	-3.48845	1
37.3831	-5.92359	9
36.3682	138.195	1
51.0954	4.41499	2
51.62	19.3657	6
7.69723	-72.36	9
53.2791	34.3808	8
57.6811	11.734	3
26.8346	75.5905	1
42.4939	-83.3585	206
3.52512	101.908	1
10.3409	123.925	3
38.5592	-121.72	2
52.3411	-2.27825	3
-29.7787	-55.7909	1
40.1303	-85.6944	1
-23.5356	-47.654	6
-7.55995	110.765	40
51.8039	55.1908	1
46.2006	-119.177	4
-33.6252	151.136	1
52.6971	-1.98026	7
41.8122	12.7385	1
37.6716	126.762	3
-3.8627	122.048	3
-21.6987	-45.2245	3
48.0663	-2.96974	1
50.8007	4.89736	1
34.0209	-118.211	115
39.5514	-110.408	1
1.87132	120.535	2
8.55064	-71.2355	13
-26.7265	-48.9141	1
-20.8756	-54.2616	66
57.2263	-2.77727	2
-18.578	-45.4518	3
51.4708	-2.61703	11
-1.87046	102.995	1
-20.8916	-42.0589	1
49.3715	6.14425	2
39.088	-83.1308	3
57.7686	40.942	1
32.1155	-111.041	10
39.0085	-121.553	1
40.4628	-74.4218	2
39.7643	-104.855	4
39.3853	-76.5118	12
52.9371	-3.05374	1
-19.4679	-44.2477	3
0.132678	117.488	1
32.5372	35.851	1
19.3284	-99.1525	64
55.4767	47.1683	1
41.5497	-72.8602	3
43.4646	-3.82615	2
40.5096	27.4964	1
-23.9555	-46.5075	75
-14.4335	-58.126	3
14.7906	120.949	1
13.3341	-88.9815	1
-27.9931	-54.2949	1
40.4778	-3.70352	119
38.8754	-104.757	1
55.9266	-3.51082	2
51.5409	-2.42475	1
-21.1875	-45.4386	3
42.2856	-85.6227	1
55.5325	28.6589	1
35.2728	136.218	3
42.9535	-83.6428	2
31.5614	-110.298	1
-28.7643	-51.6198	1
35.0774	135.93	2
45.9395	9.16727	3
-29.2451	-51.5858	7
41.2375	-8.60462	11
32.5343	-96.832	4
35.1682	-2.93328	1
-8.11733	115.079	2
-27.6099	-48.4789	19
36.9647	-120.109	1
37.7824	-90.4373	2
40.1882	-80.2615	1
44.4205	12.188	3
38.9293	-1.90194	2
-36.8214	-73.0436	2
36.2183	-121.131	1
-22.0668	-42.9237	10
-1.15746	-50.5734	5
50.791	-1.95239	26
51.0097	5.83185	6
51.4331	4.1066	1
30.6671	-96.3775	7
-21.9695	-44.9342	3
57.502	62.7172	1
-0.81739	117.231	1
-6.89825	112.056	2
51.2606	4.35816	1
18.0252	-66.6372	1
3.21169	101.567	121
54.7042	20.472	2
-23.511	-46.8823	65
24.7109	46.6943	1
5.65115	-0.0152357	1
39.8269	-84.9161	1
4.43242	101.218	6
41.3941	2.1393	84
5.55213	100.48	16
35.1369	-89.8302	1
-25.224	-50.6319	2
-8.90188	116.749	1
41.138	-85.0983	3
-26.1696	-50.2584	1
36.3722	-92.2519	1
51.5051	4.2956	4
1.67435	98.9433	5
25.7265	-80.4295	8
54.969	73.4439	3
42.2699	-71.0914	21
36.4339	-82.4535	1
35.4071	-78.2281	1
42.3578	-83.0685	7
38.7791	35.5851	1
50.362	3.51876	1
54.5921	-5.86725	3
-25.3706	-51.5523	3
-25.903	-48.5788	4
48.6475	44.3981	17
-5.57943	-38.5592	1
32.5543	-94.3495	1
28.4984	-81.4651	10
37.1429	-5.92161	1
24.9434	-98.6463	3
38.7362	-89.6891	2
-6.07925	-35.3013	1
1.29984	103.8	92
48.9753	1.91281	7
49.6577	7.15145	2
54.1169	27.3588	1
-7.78094	110.363	116
-6.95023	-35.6921	1
36.9308	-76.2397	3
32.3494	-86.2395	3
41.1021	-81.5571	2
-4.84022	104.893	1
-27.47	153.043	5
-26.7559	-53.1977	1
36.4652	-5.73375	1
30.0095	-90.2508	1
-23.5501	-47.8728	22
39.7298	-75.5908	9
43.8663	-79.3991	3
-22.737	-42.5939	2
38.8579	-9.15825	3
9.91361	-84.0389	23
33.82	130.856	1
-19.1468	-44.9291	5
49.6046	6.15424	1
19.5421	-96.8861	2
-26.7278	-49.1716	1
-21.6181	-48.4446	1
18.9338	-99.2608	5
34.4138	-119.846	3
-8.43046	-36.7454	1
35.576	-114.043	1
50.4594	4.85369	1
54.7305	56.0375	2
-24.4151	-48.8054	1
2.48793	102.728	2
43.5604	-73.6381	1
14.2724	-89.8147	2
22.7894	-98.5974	1
25.2559	51.5523	4
53.5703	-3.01747	3
29.8842	-95.6444	9
39.4381	-0.476899	13
33.7491	-84.6918	1
53.1699	-3.14084	1
34.0203	-6.83744	4
-29.8907	-50.9563	12
32.3635	-90.6881	1
53.8513	27.5989	1
-22.6171	-47.5297	1
31.8281	-106.541	21
37.6041	-0.97569	1
-20.1276	-44.8897	5
-23.2365	-51.7305	2
-23.3921	-46.4538	94
43.7162	-79.7194	8
52.1477	-0.434385	1
36.2433	-81.6561	3
46.8154	0.544683	1
-27.1854	-49.6228	2
-12.5192	-38.4998	1
45.7046	-122.646	1
3.54182	103.237	2
42.7053	-71.1594	4
-4.51112	126.44	1
40.3653	-82.6694	6
40.5408	-7.25003	1
33.7456	-118.03	26
35.5007	-97.6584	5
41.651	-81.3744	5
1.54019	124.807	10
42.8158	-1.6496	6
51.3453	0.993964	1
42.6595	-8.11141	2
-20.3975	-43.6687	3
43.1396	-80.2965	22
0.0188652	-51.0825	343
47.7843	-117.407	2
29.2506	48.0912	1
-7.11117	-38.7853	1
39.1363	-84.5404	7
36.1058	-119.564	1
41.0638	28.6745	1
26.8262	-80.0909	1
35.7776	-81.3951	1
33.9272	-118.399	9
19.2324	-70.5811	1
50.9025	6.04256	1
18.5538	-70.0551	2
-26.1568	-52.6728	8
37.5819	126.887	2
52.2233	6.86858	8
50.9199	-2.26014	1
38.4751	-81.6726	2
31.9879	-102.14	1
27.9287	34.3668	1
36.8911	30.7258	1
2.92422	112.608	1
-4.04643	39.6591	1
47.0881	8.28108	1
8.99491	-79.5337	14
49.5571	2.93379	2
53.3238	-0.93897	1
51.7146	5.8605	3
35.0225	-106.748	15
-10.1713	-48.3191	1
40.8591	14.2186	6
4.7386	114.589	2
-30.2041	-50.8677	4
53.4424	-2.23348	30
52.6453	-1.16867	10
37.5195	-5.59482	2
6.44363	3.34297	2
10.2089	-64.6296	1
46.1726	9.86575	1
13.7002	100.539	9
-6.34832	106.246	2
37.9653	-87.5723	7
45.021	-74.7412	1
41.8775	-71.3783	10
52.3834	13.1196	251
-21.3328	-42.6531	1
43.2141	-8.29132	1
-6.64378	-36.8683	1
39.6617	-80.8561	1
32.5393	-92.6158	1
50.9404	0.366004	1
48.8982	9.20577	1
44.7473	-122.461	1
51.4665	-3.20636	3
41.0484	28.9867	21
55.7923	37.9638	1
43.1534	-8.48066	1
36.1302	-89.0197	1
38.5702	-75.6226	1
53.1749	6.78784	3
52.1107	-2.73995	1
-5.41285	105.239	10
-32.1947	-52.8591	2
42.012	-93.1793	1
50.4074	36.9101	1
-20.3679	-48.9863	1
43.7128	7.25498	6
51.6546	-4.08838	2
-14.8623	-39.353	8
37.2815	-79.1291	2
36.0716	-79.8091	2
40.061	-79.8872	1
44.1454	-120.583	3
-22.3971	-47.613	31
38.2557	-76.4688	2
43.5299	-5.83056	1
56.2771	44.7651	1
18.1957	120.587	4
45.86	-0.483065	1
40.0944	-83.1387	2
43.1714	-0.595254	1
56.9304	12.5442	1
37.4332	-122.176	1
48.1549	11.5418	2
41.5849	-81.5481	4
62.5774	29.7802	1
-1.74911	102.839	3
37.1804	-3.59799	21
43.8399	-79.0917	11
41.282	-92.6353	1
-19.8865	-43.634	1
41.2481	-2.21766	1
3.23187	101.386	38
-32.0574	115.89	2
6.03112	101.984	2
48.7402	1.33742	1
46.1426	-122.966	6
4.20911	103.437	9
35.6869	139.756	9
-22.916	-43.4473	258
-19.0044	-48.3585	18
26.1496	-80.3101	7
47.9389	1.81488	1
53.1077	49.9535	5
-13.878	-40.0651	1
41.3713	-73.7369	2
-8.51248	-39.3133	3
-19.6019	-40.7725	1
49.1994	-122.913	32
34.9549	-120.425	1
49.4428	1.08288	4
33.9327	-83.3625	1
53.3215	50.0679	1
51.5167	7.45862	2
46.3772	-120.321	1
-0.868115	-52.5409	4
42.5654	20.9269	1
-6.68182	-35.3713	1
53.1133	48.4677	1
-34.4081	150.88	1
37.1204	-8.54484	7
51.7237	19.5438	4
40.6566	-4.63498	3
42.6835	-73.1183	1
-7.62974	112.304	2
43.7954	-79.2399	3
56.7426	37.166	1
41.2683	-87.2984	1
39.4732	-0.33528	38
33.6869	-111.994	4
40.6895	-76.2618	2
-7.60949	-43.03	1
38.9129	16.584	1
4.64713	101.203	37
39.1564	-75.5135	6
48.6785	13.1185	1
34.1226	-114.302	4
20.0649	-102.722	1
47.5612	-122.304	11
40.708	-112.248	1
1.47274	103.63	20
33.8043	-117.892	20
40.2161	-74.7742	5
33.855	-84.5158	7
39.1179	-94.5654	2
50.8756	9.6937	4
29.481	-98.4934	23
51.4498	6.70563	6
-9.66354	-35.7609	5
36.1133	-5.48741	4
38.9727	-74.8387	1
42.771	-73.9724	1
50.631	3.0472	10
39.7809	-84.006	1
-33.379	-60.1866	1
-6.35305	-39.2651	1
43.0335	-78.7969	1
54.6669	-6.79809	2
50.8362	-2.99523	1
-8.2214	-34.9279	7
21.4318	-157.747	6
47.3967	-120.305	1
51.9787	4.13803	1
41.6496	-96.1949	1
39.4162	-0.788652	1
50.7324	2.74208	1
40.2007	-79.9305	1
48.9218	7.65949	1
54.9584	-7.73925	1
55.5967	36.6901	1
-29.6926	-51.2449	19
26.1763	-97.9819	5
51.4736	5.6531	17
-3.13547	-58.7839	1
32.8629	-96.9614	6
38.1022	-86.2759	3
29.9946	31.1933	1
52.0484	4.46056	11
-12.3337	-38.4158	3
10.2417	-66.8617	1
44.4887	11.3317	6
30.0364	-97.818	8
5.03032	115.05	1
39.3907	-86.5629	1
60.5966	24.8374	1
51.9037	-9.03369	3
-7.63356	109.252	5
44.201	0.62755	3
-15.8037	-46.0067	2
45.2769	1.41041	1
3.19557	113.077	6
35.1996	-97.4806	1
8.06801	-63.5555	1
30.0454	31.3899	3
2.41556	103.837	1
51.2501	5.7177	2
25.6503	-100.366	22
44.728	-93.4352	1
19.4733	-70.6801	6
-27.2766	-51.6758	7
35.2342	-96.6948	1
-9.53333	-35.6873	18
41.4271	-81.3967	2
-21.6608	-50.5263	3
36.7967	-4.68937	4
11.6988	-70.2034	2
38.3338	-77.7651	2
43.6995	-85.4797	1
41.7286	-87.7292	9
5.38884	100.381	91
52.0769	4.3064	11
1.92735	102.671	2
4.05112	101.065	1
-8.58322	116.283	3
-21.2296	-46.5145	1
7.76728	-72.2181	11
30.5068	-97.628	5
38.7157	-77.8001	4
55.5785	37.9224	3
-22.4361	-45.3967	5
40.0133	-6.32352	1
37.6439	-122.107	9
22.3973	-101.935	3
-21.8843	-52.1946	3
35.294	-84.8946	2
3.13396	101.686	756
26.3074	127.774	1
-23.513	-51.0998	33
10.3493	-67.0502	1
7.86719	-67.5118	1
53.8096	87.2221	3
43.1169	-79.3299	1
-7.07575	107.578	25
-0.872085	119.932	9
2.83755	102.203	1
52.9675	5.78885	4
53.7313	0.0340058	5
-33.6733	-71.201	1
53.5638	49.2194	1
34.9667	-78.7415	1
-8.04621	111.916	3
42.2074	18.9374	1
40.7449	-99.7424	1
31.7897	-115.229	4
40.0823	-74.9724	6
55.9493	-2.72589	1
5.94983	116.661	3
41.9719	-75.1969	1
2.70248	101.49	2
37.3841	140.105	2
22.3111	-100.956	2
45.6703	-95.2897	1
3.29389	101.762	3
53.291	-3.71835	1
34.753	-102.501	1
-19.6295	-44.0563	1
12.5503	-70.0033	2
-20.4597	-46.0594	1
46.0777	18.2504	1
41.0314	29.2661	2
39.0984	-77.1368	10
-20.8325	-40.7009	1
38.3305	-77.1412	1
-30.7883	-52.2777	1
-23.7363	-52.5974	1
-3.28064	114.573	7
50.2201	-5.29983	5
33.8872	-84.2722	5
50.7012	-3.24217	1
30.2288	-95.3487	2
-7.12668	107.425	1
35.5279	-108.691	3
32.1886	-110.834	5
39.8204	-86.2918	1
59.3944	13.5083	1
-2.14538	-79.8819	12
-14.2393	-53.1848	14
46.5338	-80.9507	2
69.347	88.1779	1
-21.5722	-45.4008	6
37.6585	-5.52781	1
-21.3838	-51.6013	4
3.94764	98.3784	3
-20.2664	-50.9477	1
56.5222	84.982	2
-7.61606	111.543	7
29.2039	-96.2761	1
34.9388	-81.0267	2
43.6512	-93.3815	1
55.6087	37.6763	9
-21.2134	-47.818	50
-25.7954	-48.7722	3
1.50756	103.776	83
-22.1607	-53.7747	1
51.213	7.63779	2
55.1559	61.3679	4
35.9225	-78.4605	1
-22.7241	-47.2901	15
-15.9473	-49.5791	1
63.6871	34.6034	2
-3.78387	-64.9497	1
-7.49492	110.211	5
-1.71186	113.698	4
23.6254	-102.558	1
-21.9575	-50.5321	2
52.354	-1.2866	3
55.6078	-4.68088	4
13.1273	-59.4552	2
-29.1704	-51.1648	1
58.5905	49.6388	7
28.5263	-99.8651	3
40.8542	-74.5577	1
-24.0935	-46.621	11
-29.0686	-51.0353	40
-5.63676	-35.4174	4
51.4865	-3.6831	1
50.2042	17.8307	1
37.4883	14.0579	1
-22.5841	17.0831	1
37.9688	12.9749	1
42.6367	-83.6776	2
49.7478	0.365465	4
-30.377	-55.1591	7
-10.2392	-48.8529	2
47.0424	4.84844	1
49.3967	6.98621	2
53.0527	4.80231	1
52.8471	-2.29813	5
55.9374	94.7553	1
33.5604	-112.104	12
48.0235	3.3122	1
41.0489	-80.3525	1
49.3598	1.79644	1
-7.80254	112.093	5
41.3879	1.66883	1
52.8539	6.99431	5
49.0024	0.142059	1
-2.42837	106.432	3
50.7937	0.0529448	1
38.1983	-87.4723	1
47.1623	16.1592	1
35.6825	-105.982	1
51.4621	0.149188	32
41.0778	1.11463	2
28.6123	-17.9072	1
-27.9622	153.359	1
33.7148	-85.8526	2
-20.4274	-40.3757	11
53.9975	-6.39653	1
-23.6661	-46.4412	129
-7.18902	110.426	1
46.2746	11.4246	2
-7.14941	-34.882	68
-26.8728	-49.1096	21
48.7734	2.07451	8
-29.2168	-52.0366	10
53.1958	45.0387	1
40.6633	-73.6927	4
-20.3075	-40.4704	1
19.5111	-99.0985	25
46.2171	-1.0127	1
50.2653	-126.006	2
-12.1581	-45.0061	3
53.8169	10.3664	1
-7.45545	112.667	26
29.6751	-95.2216	46
-22.5778	-50.4376	3
-21.1754	-43.0233	1
-32.5802	152.155	1
44.5469	10.7681	4
-17.7732	-48.7501	2
44.2333	8.32421	1
20.3296	-97.8959	15
42.3173	-122.892	1
55.6728	12.5521	4
9.41965	-64.4674	1
34.8071	-77.5171	1
32.4873	-90.1547	1
56.4652	-2.96344	8
48.9265	8.40307	7
50.6163	37.3015	2
46.8165	-71.3569	1
53.0947	6.42258	2
46.0207	-70.6731	3
2.88622	101.366	2
33.829	-116.493	5
30.3146	-83.0964	1
50.6205	3.41043	1
29.6623	-95.5204	8
3.60295	98.6751	100
28.0467	-82.4283	23
46.4864	30.7409	5
-7.22418	109.86	3
41.7808	3.0141	1
23.7669	90.3713	3
33.8944	-78.5536	1
45.6975	5.02428	1
-6.74538	-38.2186	2
51.9	-0.839173	2
51.6915	-4.94854	1
46.34	10.3707	1
30.5238	-91.1385	1
-22.5918	-47.3616	9
-3.48345	104.101	1
53.391	-2.64106	3
-24.6098	-47.4528	2
4.68209	-74.0759	23
34.1201	-117.882	33
-4.44524	-49.1148	1
-20.2804	-40.2928	26
54.2483	-7.4471	1
43.6008	1.4329	2
-5.32116	-39.3433	1
44.105	-79.4658	3
41.226	-84.2662	1
-7.88293	-36.304	5
33.0473	-111.367	3
38.5303	-81.8977	1
18.1251	-66.4993	3
50.5732	16.5199	4
0.335654	101.006	2
-7.69151	108.655	2
35.5625	139.388	1
42.9904	-7.57063	2
50.9156	13.0173	1
42.4594	-96.4128	2
45.0748	6.70354	1
39.2174	34.8449	1
-25.6673	28.0967	3
38.631	-9.04507	1
38.1027	-1.86843	7
13.69	-89.19	8
32.4033	-81.771	2
7.1991	111.876	1
37.4994	127.026	6
50.6981	-1.29448	1
46.6659	-1.41626	1
51.4003	-0.733966	1
48.8588	2.34701	122
37.4943	-97.2442	2
-25.3335	-53.898	3
47.8271	-122.275	19
53.6215	-2.17082	1
0.3564	108.96	1
54.5362	36.2486	2
3.01697	-60.6432	19
50.0127	2.08635	1
-7.29068	108.004	3
39.168	-8.57546	1
5.70498	100.439	5
52.0681	5.25559	18
50.5289	2.8929	1
5.21518	100.484	4
-7.04247	109.624	7
26.184	-97.7987	1
34.1447	-118.136	22
-20.5187	-48.6196	10
42.02	-88.0856	1
14.0613	-87.1834	6
43.6232	43.5638	1
45.7972	13.5448	2
-30.0997	-51.1593	268
-29.2427	-51.8328	16
61.4971	23.7611	7
45.2213	10.4301	1
39.8075	-85.7466	1
-21.7862	-46.5799	1
40.8746	-78.1743	2
53.1	6.11467	7
2.98076	102.062	1
53.7272	-2.70823	7
30.1868	-81.7173	2
-22.974	-43.2853	1
40.4714	-80.9218	1
54.661	39.7144	17
41.9993	-80.3162	31
60.4566	25.0099	1
39.1819	-81.511	1
-21.2573	-48.5654	2
13.0003	77.6297	1
-21.708	-43.4227	30
52.725	41.4439	1
53.75	-0.856556	1
39.8164	-0.239964	2
41.8012	-72.2552	1
-29.1925	-54.8575	4
34.494	-91.548	1
41.4988	-81.7059	7
-7.23327	109.016	1
45.3535	-80.0306	1
59.4093	24.6818	5
22.1381	-100.995	1
-29.8121	-51.5148	3
47.4709	-0.354955	1
2.93129	101.696	121
18.1323	-94.4838	17
36.0786	-115.18	27
25.9531	-80.1366	12
-6.43778	105.939	2
-7.92101	110.311	21
29.8605	-97.9406	4
53.4084	-1.28625	11
-25.0576	-49.3198	5
34.0873	-118.37	6
53.3933	-2.91859	20
39.1802	-96.6106	1
30.165	-95.5103	2
48.5693	7.76221	4
45.2811	-75.8485	3
45.6987	8.46136	2
26.6764	-80.264	1
-7.32461	108.384	1
41.8621	1.17075	1
-9.71929	-35.9061	1
5.30944	103.093	18
48.1197	-96.1649	2
60.3591	5.42346	1
43.0775	-75.2933	3
13.3063	-87.1909	1
40.5967	-122.387	1
-19.1499	-54.4952	1
48.8443	-67.1673	1
-7.32762	109.587	3
39.9566	0.263752	1
53.2135	10.3758	1
-4.98585	105.499	3
-6.37233	108.122	2
34.6579	135.892	1
-21.1062	-48.0294	1
-23.8633	-46.2901	161
51.5599	4.7649	11
-8.81277	115.192	5
-23.086	-45.5067	28
52.4949	-1.88125	26
42.3623	-88.0892	1
-7.38067	111.228	1
39.584	-85.8513	2
-29.7528	-53.8242	22
41.9306	-74.0374	1
5.50963	95.3085	5
30.0608	140.596	3
44.9008	-89.5695	1
45.523	-73.5593	2
-20.0685	146.263	2
-23.195	-50.639	3
-7.01834	109.793	1
39.0994	-77.5585	3
52.4711	4.6478	1
48.5518	2.6561	4
3.3788	101.297	42
40.2169	28.9948	1
49.3194	2.30021	1
33.2376	-97.1451	1
-0.587732	111.388	17
49.8988	2.28468	1
33.7175	-84.3894	2
55.3916	36.7322	1
-19.5891	-44.8814	1
46.8154	-100.828	1
41.8153	-88.36	11
38.9103	1.42366	1
-26.6906	27.8352	1
39.0087	-77.0178	17
-28.2483	-49.1723	1
43.451	6.79082	9
33.9298	35.5942	6
52.2965	5.25857	7
39.7393	-89.2665	4
48.5973	-3.82266	1
53.206	5.97229	11
40.9169	-74.1594	14
48.2491	7.52806	1
40.2532	-76.868	6
37.6971	-97.4361	7
-8.0436	-34.9394	103
32.5908	-97.5723	1
38.7981	-121.244	3
52.8448	5.70121	1
-36.7374	-71.0353	73
29.3871	-95.2988	3
-20.0759	-43.8929	3
-5.57532	-36.9085	5
38.0934	-3.62617	2
-21.1302	-48.955	4
-5.40065	-47.5474	73
40.9544	-5.67911	3
39.9367	116.451	1
-22.7449	-42.2907	19
-15.4552	-55.8425	7
52.278	-0.714253	7
41.6384	-83.372	2
-5.18848	119.441	71
37.8827	-122.328	7
36.4199	-82.0676	1
48.6839	6.11844	4
37.6884	-75.6632	2
38.4304	-121.432	16
52.9704	36.0825	1
23.7029	120.427	1
50.3881	-4.11457	20
41.3533	-83.1582	1
-26.2617	-48.9665	116
40.4175	-79.2244	3
33.9616	-116.545	1
34.0992	-84.056	2
37.9987	-121.874	1
20.7498	-102.313	1
-11.772	-55.4066	1
52.3269	-2.05206	7
-18.0194	-70.2369	2
-8.14435	113.696	1
49.2042	-0.332246	1
19.725	-99.0601	1
-19.2764	-48.9094	1
30.2036	-85.6033	3
-26.7642	-51.1084	7
-8.1851	-36.0151	5
55.4508	-4.29782	2
19.6281	-90.6814	1
59.366	28.1106	1
37.6704	-121.013	1
-22.9195	-43.0731	24
37.3248	-6.53229	4
-20.9954	-46.1229	2
35.4125	-78.736	1
47.1946	18.4412	2
51.171	7.07062	4
42.2177	-84.8007	1
-23.8963	-48.8749	11
-28.487	-49.0457	6
-26.8211	-52.9771	1
19.6872	-103.215	1
41.0091	-76.4477	1
41.3431	-81.1868	2
-20.7279	-46.6212	4
30.4188	-84.2852	2
41.0839	-0.168958	1
1.00185	116.394	30
35.3103	137.76	1
-11.0019	-37.1007	66
28.2424	-81.5598	2
38.9687	-83.7249	1
29.0857	-80.995	3
18.215	-66.2716	2
37.9834	-1.12989	44
47.5276	18.3052	1
40.5916	-74.3147	13
45.4985	-94.2012	3
36.1222	-115.331	8
46.3326	2.57916	1
-8.20924	-36.7124	1
-4.81623	119.549	1
36.518	-119.565	1
51.6793	39.236	15
45.4533	4.7654	2
39.4289	-81.4496	3
-19.7278	-43.8514	7
0.380584	109.946	3
31.4825	74.2998	1
30.9373	-91.4009	1
45.1581	7.3865	1
42.0159	-71.5272	1
-17.5663	-52.5369	1
46.6439	-94.1241	3
-20.4812	-54.5827	7
52.0063	6.02049	5
41.1331	-83.2646	1
38.9214	-94.3907	1
-8.77085	-63.884	4
47.2611	39.628	9
-6.81232	110.85	7
40.7313	-74.1821	15
-21.1941	-41.9063	1
53.1089	-0.922045	4
-24.4399	-50.7457	3
-9.40373	-36.5882	1
45.6877	11.4802	1
33.0931	-96.9011	10
-7.96043	111.037	2
57.1515	24.8771	3
33.9547	-118.077	12
53.4052	-3.10186	4
53.234	-4.14695	1
-25.0607	-53.398	19
45.6379	4.24282	1
-8.88152	-36.3842	4
49.9038	7.25027	4
39.4234	-119.748	3
51.099	4.12891	1
-12.6901	-38.4864	1
-5.31031	-38.2746	1
-22.2336	-47.0166	1
55.1254	73.3788	2
38.5143	-121.144	1
39.7865	30.512	1
40.5147	-8.5452	1
4.39977	115.232	1
-23.3804	-46.3128	8
51.7488	-0.226786	3
52.1269	-106.756	1
-1.99644	-54.068	1
38.2383	-77.503	1
-17.7853	177.979	1
13.8715	100.585	3
39.0253	-79.9431	1
53.1638	-2.73732	2
-27.0294	-50.8445	1
29.2333	-94.8733	7
-33.3975	-70.7933	1
-22.803	-47.4357	16
41.7965	-89.689	1
35.1264	-106.523	9
5.08185	-75.5125	1
27.7	-97.3897	11
35.1705	-79.861	12
43.2257	13.6267	1
-15.7763	-47.7966	390
44.6994	10.6322	1
44.0358	-78.8645	1
54.3783	18.5969	3
52.6759	-1.82014	1
36.7265	-4.36995	2
-22.8871	-45.4893	4
52.9765	6.04419	1
40.3717	-80.6821	3
48.3318	3.09309	1
38.4728	-0.827542	1
51.7664	-2.31496	1
57.7645	16.6167	2
19.6014	-90.3361	12
-19.0577	-56.6532	1
48.4378	35.0545	2
0.331555	32.5649	2
-18.6364	-46.4172	1
49.2436	6.98279	1
41.4642	-74.0365	7
30.1948	31.4621	1
54.3472	-0.63798	1
51.5265	45.9785	6
-21.242	-51.5713	3
41.3118	-96.0175	1
55.0122	-3.44687	1
60.1595	25.0186	2
-6.91101	110.199	3
-24.0958	-46.8159	1
42.8508	-78.7604	3
41.9845	2.8404	7
-6.16896	106.827	523
-6.54497	107.423	3
27.6986	-83.8046	4
0.247298	-51.0637	114
41.5796	-93.7677	1
-4.27209	-41.7801	1
-29.8312	-51.8879	3
41.4537	-88.2617	1
36.7783	-119.418	5
-20.0545	-43.4527	3
25.2236	55.2857	2
39.6905	-75.7413	2
47.669	11.1782	1
34.0245	-84.6159	2
-21.7554	-48.1719	14
-22.2973	-42.8797	1
41.8984	12.5451	10
42.3071	-1.98076	2
54.5984	-1.0715	2
51.9375	15.5098	1
43.7585	10.7745	1
45.2124	-123.192	4
56.0055	37.8544	1
4.82842	100.769	4
36.0655	-91.8875	1
51.7131	5.31818	61
39.4192	-77.3793	9
-22.3776	-47.3631	1
30.0525	-95.4179	1
-29.4661	-51.7702	5
42.6787	-82.7666	1
47.6321	7.49918	1
40.0843	-80.6911	2
45.6883	1.62067	1
42.2779	-8.81632	8
-3.65024	128.225	1
50.823	12.8918	1
35.2829	-81.5295	1
52.002	-0.992498	1
52.2328	21.0607	12
-23.239	-47.5175	2
57.8106	28.3618	1
52.6211	5.01253	3
38.5255	-77.0721	4
5.96019	-35.1516	1
41.7108	-88.2446	14
-6.37765	108.318	5
40.7571	-73.9686	51
-22.7204	-46.8451	1
54.8905	52.3391	2
34.7528	133.958	1
39.1902	-106.837	1
20.1805	-98.0456	10
41.2646	13.6595	1
-7.52078	-35.3209	2
-20.0904	-41.1119	1
1.52682	110.388	21
42.4282	-8.62728	10
48.6189	2.97564	1
39.2675	-8.37657	1
39.081	-94.3666	1
-5.64371	-36.517	1
59.2268	39.8381	1
51.8306	4.15979	1
53.5271	-2.57256	3
59.9309	10.9518	1
-7.28096	-35.6197	1
49.837	-123.767	7
34.9228	-81.9342	2
51.6022	5.57079	7
30.647	-88.1593	1
28.5499	-81.3107	4
55.7955	-3.96134	2
0.514669	117.536	1
41.9752	-72.2984	4
42.8793	-5.64463	1
51.9187	19.1348	5
37.3402	-80.7485	4
-21.7916	-51.8625	2
42.4166	-71.043	7
35.527	-89.2592	1
27.8343	-97.2208	1
45.1785	5.77589	3
53.7198	-6.88226	1
9.41744	-82.5234	1
38.6745	-121.149	3
43.0897	12.4516	1
-5.22985	-36.5606	1
36.418	-119.098	1
-0.810821	103.473	1
-29.7043	-53.1293	1
46.3707	-96.1663	1
61.2734	73.4332	10
24.6625	-107.342	1
42.5193	-92.4572	1
-27.5733	-50.1724	3
34.0858	-117.649	16
56.0229	92.8965	5
42.5134	-72.8888	1
52.1483	-106.604	1
51.3395	12.3782	1
-22.442	-44.5232	10
-6.70908	111.134	1
-25.3727	-49.0118	3
-20.6948	-44.9947	1
-20.7065	-48.958	1
48.0628	37.8941	1
21.429	39.8305	3
-6.2275	106.526	19
32.9154	-117.08	1
47.4112	9.88581	1
51.5034	-0.575105	4
-2.62849	-56.7379	1
51.4676	7.02255	2
48.9174	11.408	24
51.5954	-3.46993	1
37.9679	-121.289	3
39.717	-79.1596	1
-24.1513	-49.8178	1
40.2096	-75.3335	3
29.832	-94.5037	1
33.6486	-78.9501	2
5.91712	116.054	1
18.4365	-66.005	1
38.2071	-84.2613	1
38.6054	-76.926	3
51.2091	6.821	2
43.2961	13.4411	1
-6.43247	106.959	2
56.8155	60.6136	13
59.9394	30.0922	18
37.757	-100.03	1
38.877	-6.97482	1
1.84467	102.978	13
-33.8751	151.21	5
-29.9189	-51.0951	41
1.56806	110.038	2
-16.6507	-49.538	1
15.1321	120.961	1
37.5007	-77.642	3
35.7581	-83.9636	1
40.9623	-81.4675	2
51.6443	0.0787538	2
6.89258	79.9812	57
-41.4704	-72.9349	2
56.855	35.9124	11
40.5583	-75.9768	2
-23.4357	-52.3035	1
52.0817	-1.9497	2
-23.8305	-49.4279	1
30.4476	-87.1929	1
48.4177	3.24566	3
-15.6717	-54.7717	1
56.8949	23.8435	3
41.6136	21.7433	1
2.93583	101.864	6
47.3321	5.03236	2
26.2949	-80.1191	6
51.3279	6.01756	3
62.0846	129.292	2
-8.81949	13.2461	1
6.40048	100.143	1
42.9069	-8.51115	3
52.5663	-2.16614	24
35.4008	139.376	12
-20.785	-49.3592	19
-23.7669	-46.0184	2
32.3111	-94.1629	6
49.44	11.1354	4
42.4513	-73.258	1
42.6689	21.1584	1
36.1866	-86.7851	8
59.0838	17.5272	14
56.537	21.0366	1
-25.6472	-49.0572	2
35.8035	139.463	4
-29.8636	-50.5628	1
48.9915	6.0342	1
50.8401	-0.990682	6
37.4352	-117.162	1
-7.29324	112.681	280
52.228	0.674616	1
54.8902	23.9267	6
-23.1418	-44.6958	3
51.8566	-4.3105	1
53.3433	-9.1065	2
-0.31157	100.366	2
32.627	-117.094	13
-2.57242	-59.9803	390
42.6513	-73.7571	1
-24.073	-49.9808	2
45.7883	-122.471	6
39.4764	-88.1764	1
56.9715	24.1287	12
2.35876	102.182	13
37.9944	-122.532	1
48.8533	2.64746	5
20.0567	-99.3846	1
51.054	-1.8008	1
51.9245	4.27161	14
-9.53613	-38.2554	1
40.5969	22.9617	1
46.3425	8.01131	1
42.8506	-2.69861	1
48.9852	1.74867	2
53.5412	-1.05539	1
43.2607	-79.9135	2
38.9658	-94.9754	1
38.3812	-97.5225	1
3.82881	103.217	26
41.4525	-81.8621	1
34.7053	-81.1866	1
-9.02805	-42.652	14
37.8533	-84.332	2
42.1164	-80.1044	2
46.8456	16.7685	1
-25.4416	-53.4253	1
36.8036	-2.60112	2
42.0553	-87.8169	3
33.2856	-82.1004	1
53.8222	-3.05319	1
-33.5044	-70.683	11
50.5958	-2.45477	1
16.2491	-61.5355	1
13.1603	-61.2236	1
52.3995	16.9063	2
37.4525	14.71	1
42.0015	-72.7253	6
10.1707	-67.4602	1
36.1121	-80.0895	2
42.8461	-106.262	2
41.835	-73.1277	1
49.2535	4.05493	2
30.3417	-97.3705	1
42.6464	-83.2265	3
-15.8419	-48.0264	10
-22.812	-46.2762	9
45.9756	-112.513	1
52.1976	0.126573	3
39.9529	-120.973	1
50.3039	4.09438	1
-6.32798	-37.7136	2
20.5227	-100.772	2
41.8734	-87.6251	23
43.7051	-70.308	1
36.8659	-120.458	2
36.0574	-119.143	1
-25.7327	-53.7226	1
6.36241	99.8551	1
42.9907	-85.9507	2
34.4428	-86.9503	2
38.19	-83.4751	2
-22.9088	-45.2346	6
52.7277	6.51833	5
37.0332	27.4301	4
-34.9744	-71.2202	3
50.9842	-2.709	2
11.7123	122.292	1
44.6605	-63.6545	1
-7.49378	112.423	1
-21.2475	-43.7915	1
-20.7755	-48.3472	1
54.782	31.998	2
38.5681	-92.1924	1
28.9419	-106.163	1
-0.442282	117.151	22
34.9386	-79.7726	1
47.7938	3.58167	1
-21.9643	-51.3537	15
41.1932	1.59776	1
49.2644	-84.7477	2
14.9666	-91.7885	1
26.2898	-80.263	1
-23.6566	-49.7803	1
38.8628	-82.3564	1
54.6287	-1.65157	2
47.6298	-91.924	2
42.4618	-79.2894	1
38.0782	13.5131	3
-25.7483	28.2395	16
52.6401	1.27308	4
3.06779	101.492	141
-29.5883	-51.3433	32
-20.1205	-41.5841	1
42.5122	-8.75489	2
-21.3455	-48.0716	2
30.218	-90.9252	6
19.6805	-101.223	6
-23.5594	-46.1857	12
29.6638	-95.0523	2
28.9316	-81.3004	1
40.6745	-81.3551	13
-25.7733	-49.7135	1
49.3798	8.56735	5
42.3027	-85.215	2
41.6843	-70.4823	1
29.8239	-95.4621	25
-6.07815	-49.8976	1
38.6385	-77.3233	7
37.2188	-93.2878	3
53.1754	-1.17753	11
29.2298	-98.6487	20
25.6325	-107.957	2
37.0953	-94.5084	1
36.5253	-79.3552	1
-29.656	-50.8626	62
47.4065	-122.189	2
37.541	-6.31199	11
-7.85007	112.7	28
32.7859	-79.9382	1
34.0563	-84.2115	1
34.0764	133.641	1
-23.5858	-50.1178	1
49.3619	1.35747	1
33.1277	-84.3541	1
51.7092	-3.34541	8
7.82432	123.43	1
57.0086	40.9942	1
53.8078	-2.31376	2
38.8355	-9.36057	3
35.8355	-87.4327	1
41.2927	12.5735	1
51.2339	5.87831	23
38.6531	-90.2435	5
-21.966	-46.7961	3
-28.8567	-51.2781	1
-21.1309	-42.3602	1
45.3091	12.0005	1
21.0337	-89.6455	8
14.4022	120.872	3
40.5559	-3.26524	13
53.3512	6.64312	6
43.7065	-0.836336	1
36.8143	139.334	1
40.7887	-75.6087	1
10.2668	-68.0259	1
48.922	28.9916	1
53.4965	-7.30119	1
-20.6696	-43.8044	11
39.4651	-87.3758	3
49.8397	24.0297	2
50.8543	20.6155	1
-21.4114	-48.5026	2
56.9689	23.1528	1
55.0811	36.6037	3
28.5001	-81.1395	1
39.9812	-0.0426762	5
-2.05124	-60.0173	4
5.80767	102.002	1
39.857	-88.9181	2
34.4012	-118.917	3
47.8337	1.92768	1
58.4924	8.77191	2
-12.4223	-41.313	3
19.0322	-98.1543	12
3.32466	99.1528	1
-33.9993	151.068	3
54.0223	37.4959	1
-14.1425	-56.8563	1
-7.13476	112.014	13
25.7824	-80.2295	12
45.4757	12.5623	1
35.689	138.592	1
49.1951	11.1317	2
41.4283	-91.0438	1
18.3197	-64.8824	11
13.893	100.431	1
41.0769	-111.967	4
41.5411	-90.589	1
13.9417	121.131	1
-35.4146	149.077	1
51.9938	0.336567	1
52.567	5.92953	1
31.7982	-106.276	5
14.479	-61.0304	2
55.7817	37.5347	151
35.8069	-80.5222	1
55.134	-120.991	1
40.4723	-86.1388	1
42.0895	-72.0304	1
60.93	76.5555	1
53.6871	-1.86894	7
-7.36993	108.679	1
37.1733	-77.3511	4
-7.60993	110.975	2
40.6331	-89.3985	2
28.1031	-15.46	3
47.7334	21.6394	1
51.7648	-106.049	1
39.3111	-77.5137	2
40.7998	-77.889	4
41.5995	-109.204	1
35.0986	-87.4467	1
52.9551	-1.15203	15
36.4924	-6.27167	1
-26.3186	28.3941	1
-25.4516	-50.0507	1
53.2242	50.1879	1
-24.6331	-50.4844	1
27.0035	49.6404	1
33.1903	-111.57	1
36.2173	-119.156	2
51.5416	0.664305	2
45.5503	10.2175	3
26.0565	-98.3638	1
46.5847	0.371571	2
51.4815	-1.05826	2
44.9652	-93.2844	2
52.2318	10.9964	1
33.1135	-96.672	12
-6.88309	107.56	97
-27.2781	-50.6155	2
-25.4526	-49.5701	25
51.7215	36.1846	3
-27.1119	152.973	1
37.2744	-79.9575	1
41.7199	-93.6051	5
43.2943	5.40513	5
40.8822	-73.4097	1
-19.6047	-47.9692	2
41.2798	1.96995	1
56.8631	53.2013	1
44.7663	11.817	3
42.7448	-78.8722	1
35.2035	-80.836	6
39.7617	-88.2781	1
-23.3771	-46.7393	22
68.954	33.1359	3
-16.0604	-45.2447	1
-6.92169	109.109	2
43.0579	-87.9671	25
-3.3909	-57.7222	1
-28.2628	-52.4442	25
40.7463	-77.217	1
21.4431	-158.021	1
-22.1868	-49.9589	12
-5.34238	-36.6793	1
3.08155	103.085	2
-22.3872	-43.1873	3
-22.0619	-42.3393	2
29.2469	-81.0637	1
33.641	-83.9693	1
38.1375	-85.7681	2
39.1828	-77.264	5
44.938	-92.9339	1
-23.7454	-45.6207	4
39.818	-75.0452	2
-8.13412	112.132	1
31.623	-94.644	1
8.17047	98.2958	1
63.8277	20.5759	1
5.37875	100.553	8
43.5819	-89.7909	1
-0.813239	-48.6673	1
0.709092	100.529	3
43.6774	13.2102	2
36.7298	31.5235	1
41.6693	-4.77951	1
34.267	-5.92024	1
-23.5259	-45.8662	1
-19.604	-43.2996	6
54.8852	38.1006	1
2.17917	111.401	5
55.9018	37.4381	1
41.3387	-72.6905	1
51.1924	4.58687	6
38.9953	-0.220727	1
32.3924	-80.6837	2
-3.03891	-60.0054	129
45.7719	3.1867	5
51.4075	5.37308	13
51.3364	0.808984	83
51.8074	-2.50337	1
41.3837	-71.985	1
-22.8952	-47.0303	122
-22.9365	-46.5619	5
36.2865	-84.1713	1
-3.13423	-58.4335	1
32.0389	-81.1685	1
51.8203	5.69934	3
51.3806	-2.35724	5
50.7711	0.279488	1
34.1496	35.6425	8
-27.6534	-51.0923	69
-33.5348	26.8721	1
4.52048	101.015	8
50.9579	7.98626	1
38.8058	-90.8168	1
54.0788	-2.72119	1
40.1411	-77.3276	1
-29.3292	-49.8051	1
25.897	-97.4811	6
-1.5942	103.619	15
40.8328	-81.766	2
45.1725	-91.1388	1
-7.15877	112.614	12
-7.18116	-39.2756	1
51.5906	0.471691	1
33.6445	-117.925	3
-22.6677	-48.8123	2
39.6079	-85.4628	1
-12.2478	-38.7515	2
38.7637	-77.1686	1
34.9785	-107.127	1
50.0162	36.235	1
38.5544	-76.0544	1
-41.5049	173.955	1
51.3253	3.53527	1
42.785	-6.62058	1
61.6273	23.1618	1
36.7722	-119.879	4
43.6548	-116.669	1
8.51318	-80.3532	1
-24.8055	-49.8727	1
59.3942	18.6174	3
-22.8383	-48.5474	6
55.9535	-3.2848	7
-30.1649	-51.4437	2
53.9657	-1.072	2
58.5239	13.4996	2
29.7936	-90.8234	1
-2.20334	113.904	1
-30.5529	-53.4955	11
31.6464	-8.01268	3
41.8843	-83.4305	1
53.3596	89.9062	8
50.8742	6.85095	2
26.8782	-101.221	1
21.2978	-98.3734	2
42.6396	-8.5571	2
38.8742	-77.4198	1
-8.62555	115.258	66
42.1104	11.8025	2
33.8994	-117.486	8
31.8618	-82.5997	1
44.7499	44.9985	2
42.2114	-71.4254	1
6.01225	116.396	11
41.5887	-87.6115	12
34.5299	-117.314	6
-8.45547	115.072	3
43.9697	-87.7361	1
34.4376	35.8335	2
2.04811	103.382	100
-11.3921	-41.1833	1
59.9341	30.3287	73
34.2265	-118.503	12
-6.91833	-36.8987	1
-22.4474	-46.9806	3
42.2547	-83.2637	16
5.85013	5.73255	2
-24.3154	-46.9995	3
-6.79152	-35.5872	1
33.1649	-86.777	1
5.03674	103.292	1
-8.4557	115.392	2
29.4326	-94.909	3
-37.818	144.966	7
56.5904	59.9662	1
53.0915	-6.60631	1
57.101	-2.11382	6
39.7121	-83.4195	1
3.6039	102.262	4
-10.2485	-40.7399	2
52.2232	5.98136	15
50.4461	-3.54214	1
38.2111	-84.8265	1
42.003	-79.8075	2
37.7714	27.2692	1
-23.4892	-51.7215	1
22.5731	88.408	1
3.18362	113.464	2
32.4413	-87.0356	28
-21.2741	-50.7091	1
48.9562	2.0915	10
3.30508	103.121	1
-25.9924	-52.5902	3
38.5398	-0.117192	1
41.9453	-72.904	1
41.6756	-86.157	2
39.3559	-76.3669	1
51.4018	-1.24788	1
-28.3896	-54.8743	3
37.7433	-89.2607	1
38.5841	-94.2366	1
52.1638	5.39544	10
49.1042	-122.737	2
40.3711	49.8404	2
-15.6139	-56.0758	1
51.8868	4.68598	13
-25.0343	-47.9877	1
47.1612	19.5059	1
29.1827	-82.3218	1
39.9216	-83.1381	1
19.9404	-97.9612	6
49.7927	-97.1535	1
-3.78965	-38.5199	44
51.5411	-0.253466	7
52.4994	13.6189	2
37.7366	-115.122	1
36.4467	34.112	1
42.567	-6.4486	1
33.7611	-96.5779	1
41.2775	-95.8727	4
-20.9392	-48.5262	2
5.38353	95.8513	1
-23.2981	-47.2769	2
6.65529	3.31125	2
28.9488	-95.9612	5
-6.56158	107.758	3
43.1378	-1.29342	1
52.4157	5.84023	3
2.73956	101.721	6
-2.87612	-40.496	6
40.305	-4.5112	1
38.3553	-0.515529	9
52.2844	6.44019	1
-8.22979	112.881	1
48.3884	2.96241	2
37.5028	-120.858	2
-0.487941	100.548	1
35.0658	-78.8987	5
41.6531	26.5993	1
51.6185	-1.27346	2
-23.6961	-52.3891	1
41.1374	29.4599	2
41.8863	-91.0566	4
30.2924	-81.5027	1
-26.8274	-48.7225	11
50.5314	12.7696	2
45.8526	-74.0631	4
19.4742	-99.3104	6
26.1853	50.5378	2
55.7496	-4.3848	3
-22.6965	-43.5244	18
30.4225	-91.4189	1
36.2144	-115.123	79
-6.81408	107.284	6
41.1263	-87.87	1
-0.869174	100.434	12
51.5163	3.83821	5
39.022	-122.066	1
-35.9469	-71.6735	1
38.5886	-82.6413	1
51.8915	4.46581	2
14.3208	-90.4022	1
47.0739	5.50228	7
48.383	31.1814	93
-4.08929	104.662	1
-5.21541	-42.8028	19
55.0015	82.9557	8
40.6077	-112.022	9
36.732	-108.235	2
39.4992	-121.575	2
38.3728	27.1535	7
40.8257	29.3059	4
-19.9422	-44.1928	21
-24.3401	-49.7209	1
41.7771	-72.5238	6
34.5896	135.734	1
38.9736	-95.2556	3
16.2586	-92.301	5
28.0272	-82.1915	1
29.416	-97.012	1
46.8618	-75.2467	1
-7.27568	-35.9777	15
53.688	-2.44589	1
56.2847	43.851	11
52.3445	6.65941	4
-5.05143	119.557	2
40.6832	-75.2419	1
44.8296	-68.789	1
43.1303	131.935	4
24.7403	46.8743	1
51.654	7.06471	3
-29.4585	-51.2683	4
50.8129	6.47789	2
37.8988	-85.9421	1
53.8532	27.4455	2
-7.32606	110.196	3
19.1644	-98.4097	3
41.9505	-88.7816	1
52.1932	8.33722	1
56.8729	24.3542	1
-4.77289	137.78	1
40.4107	-3.89401	5
38.932	-9.01194	2
51.8948	-0.174578	4
-29.8024	-56.7397	4
33.9197	-84.0963	1
46.7613	-98.7551	2
38.7068	-90.445	4
-20.6488	-41.9102	3
32.4839	-99.7454	1
33.3955	-111.738	1
35.4655	-83.2766	2
27.7697	-82.6813	1
52.7455	5.30913	2
51.7967	0.636477	1
51.1905	-1.75847	1
61.1934	25.4482	1
34.6941	137.853	4
63.7341	-96.2958	3
38.0125	-84.5388	2
19.1003	-103.657	5
-6.10518	105.981	7
-22.4656	-48.4375	1
41.647	-91.5361	2
52.504	-0.699142	7
43.1862	-77.6164	6
24.4972	54.3804	8
5.83503	102.391	1
53.3958	-0.79256	2
35.9753	-79.6888	1
50.3688	3.33017	2
30.9536	-93.2734	1
51.7536	-1.22448	3
35.5074	139.762	6
-6.12133	106.662	1
52.6262	6.21362	3
34.9182	-84.9784	3
29.912	-96.8843	6
41.2745	-82.8482	5
21.8495	-102.327	9
4.43271	100.658	1
56.0729	-3.46031	6
-7.06951	-36.5852	1
35.2426	135.454	2
40.5751	-74.6233	7
53.7172	27.9867	63
34.7323	-84.4681	1
40.0716	-3.09006	1
38.9767	-75.806	4
51.8	-0.0521623	1
35.5681	-78.4492	1
50.4726	4.21627	3
2.13771	102.434	4
33.9482	-83.9359	2
-7.15826	111.575	1
45.8618	-122.655	1
47.4824	19.1295	4
-18.9982	-57.6499	1
35.9272	-86.8342	1
55.3251	50.766	1
-7.26891	-48.6616	2
43.0441	141.367	1
-3.12394	-47.6536	2
51.968	6.73115	2
-14.1749	-42.8259	1
14.5988	-90.5943	8
30.066	-90.7109	1
51.8911	-0.427445	1
44.9735	-93.0895	7
53.0258	9.02136	1
41.5174	-84.1343	1
47.3076	9.62836	10
5.51292	103.047	2
44.6094	-79.452	1
-18.7954	-41.9396	6
31.9239	-106.428	2
-26.1206	-51.0906	14
2.50512	101.833	7
-7.39976	109.238	16
54.5832	16.9279	1
51.737	0.490645	2
39.8733	-75.3927	2
6.05733	102.392	6
54.7623	8.28944	1
52.0187	11.7302	1
-3.81996	102.291	4
40.3289	-3.76968	8
29.5807	-97.9524	1
53.3941	-114.226	1
5.66931	116.364	1
44.4377	4.71538	1
36.8464	-80.7117	1
38.3224	-80.6534	1
-5.34493	104.966	1
-25.1476	-50.071	19
42.5936	-89.0165	4
51.3551	-0.0803756	33
39.2527	-84.7921	1
53.9307	-1.38469	3
40.927	-75.0771	2
39.2847	-76.6205	16
38.6843	-121.387	3
24.4913	39.618	2
56.002	-3.77093	4
54.6239	-8.53705	1
6.09461	102.229	13
34.5884	-79.6736	1
-23.5337	-49.2398	1
-8.47675	117.414	1
3.47972	103.39	26
-16.6482	-39.2913	1
51.2362	0.587282	2
53.9932	-1.53721	1
36.8703	-89.5921	1
59.3474	30.1389	1
-21.9224	-50.7226	1
1.741	98.7806	3
38.9637	35.2433	74
18.3769	-66.3414	1
35.2602	139.662	1
-6.81634	107.139	1
-18.4532	-50.5312	3
51.657	7.52313	1
-21.2385	-44.2815	2
45.0722	-87.6145	1
-29.081	-49.6543	6
3.61944	102.777	5
17.4463	78.371	1
-32.5325	115.714	1
-20.3498	-41.9347	1
-21.4064	-45.4872	47
-5.18745	-37.3473	57
31.7683	35.2137	1
-25.2963	-49.3218	5
52.6088	38.5318	2
51.1114	-0.192674	3
38.8734	-1.08899	1
-20.3371	-43.3298	3
41.0062	-85.7742	2
-26.1499	28.3589	1
46.3571	-94.2241	1
51.587	4.98921	5
40.748	-89.6216	2
51.8986	-2.07662	1
-22.7782	-45.0475	7
51.5984	-3.79315	1
45.4613	9.15934	11
-0.363503	103.102	2
53.0021	-2.28031	2
14.4193	121.444	1
-23.4628	-45.0892	1
4.20486	100.666	3
39.6028	-86.1179	1
-21.2642	-45.0228	4
52.8974	4.74225	5
52.5142	6.10694	9
-3.43527	114.826	9
13.9816	-89.5583	1
37.9863	-122.094	2
43.3292	-3.03657	5
18.2358	-65.8994	2
-28.0015	-50.3477	4
43.433	-80.4449	3
42.1054	-84.5184	1
-23.9278	-52.3169	10
43.5969	-84.0917	1
-22.7537	-42.8823	2
36.5632	-82.6505	1
41.7581	2.06928	35
-23.5275	-47.1432	3
41.1167	-74.0427	4
35.2539	-96.9432	1
42.0116	-93.6765	3
40.989	-73.9107	31
20.5971	-102.559	28
-2.43944	-54.7536	8
42.8393	-91.8003	2
36.2817	-6.08623	2
-8.431	114.219	1
40.047	-86.0288	2
-27.3469	-52.167	1
29.5402	-95.1392	7
36.1905	-119.824	1
48.6934	2.28164	14
66.495	25.7536	1
26.1287	-80.1694	25
39.3259	-8.72129	2
44.4496	8.88085	1
4.47634	103.442	1
38.894	-0.07176	1
50.3148	18.7951	1
-20.595	-47.3472	4
-6.51908	110.775	1
45.9047	13.3054	6
47.0998	-122.418	3
42.5936	-5.58254	3
41.1449	-73.2641	1
44.2151	20.9238	4
53.3765	-2.10658	1
43.3068	-0.376843	2
43.9911	-92.4623	1
35.0699	134.037	3
55.5028	36.0136	1
44.7901	-93.2005	3
41.519	-73.8921	1
48.4479	1.50475	1
36.8687	-2.37369	3
-20.0322	-44.4428	4
45.3731	-122.726	3
-31.2525	-52.1256	1
44.1056	4.07759	1
36.5075	-4.87291	1
-23.0555	-50.5374	1
38.6695	-89.9843	2
-27.0529	-52.9701	4
55.8554	-4.23242	27
40.2416	-75.1584	3
57.1506	65.5568	2
33.3109	-93.6298	7
49.6671	0.88096	1
-18.4975	-42.7982	1
42.1538	-79.3886	1
-29.3559	-51.9688	5
-8.58781	116.117	2
51.1107	-2.99977	11
-26.3061	-50.5016	2
55.4647	65.2725	1
39.6245	-77.7747	1
38.8786	-97.8476	1
-23.1117	-47.1947	16
33.4595	-88.831	2
43.3078	-1.97537	4
39.2705	-2.60659	1
34.2952	-80.6213	2
1.73497	103.887	4
52.2326	5.60106	7
53.1548	-6.81533	2
46.7899	4.85034	1
45.5432	-122.655	9
53.0819	8.81086	3
50.5265	9.00444	1
42.7589	-85.1147	1
1.32179	124.841	1
54.6851	-1.79769	6
7.09911	125.588	2
-23.4254	-46.0575	2
56.0925	44.352	1
43.6679	-1.40895	1
-5.15527	-44.1652	15
30.8334	-88.1158	4
55.5347	37.4759	1
56.8138	24.1832	1
-21.65	-41.4319	1
19.184	-96.2312	2
53.138	6.63205	7
-22.7482	-47.6478	2
37.1183	-92.6837	1
-3.1107	-41.4845	11
58.0225	56.1443	5
-2.67893	118.889	1
38.0643	-1.51597	1
40.3514	-79.8552	1
40.9266	29.1359	13
41.1024	-8.47795	1
28.1409	-15.6261	2
39.2695	-80.3169	2
30.2941	-89.7815	1
-2.78878	-56.9094	1
48.9512	2.91129	6
-21.2545	-48.3454	7
-29.9961	-51.5598	1
-21.2905	-50.361	4
-26.1264	-49.1893	1
42.0618	-72.4988	3
37.35	-121.826	7
-22.1994	-55.544	4
37.8476	-4.67425	1
34.7393	-113.616	1
44.9293	4.9059	2
35.6909	140.021	1
-19.8274	-43.0981	7
53.913	-2.1378	1
51.4667	0.36137	1
-16.3051	-48.9725	7
40.0438	-82.3972	1
39.6402	-84.2503	1
44.9917	0.179534	14
41.6118	-87.0555	1
42.0178	-71.0242	8
37.6847	13.8317	2
41.583	2.00636	4
34.1467	-118.76	7
32.2756	-107.644	5
42.3446	-3.68944	3
40.9628	-8.50091	4
19.1285	-104.363	2
35.9532	139.411	1
-19.7776	-44.0706	1
51.3869	5.78222	2
-3.83421	104.892	2
-24.9546	-53.5032	1
51.1615	6.02475	1
-23.2569	-45.8313	15
38.767	0.16859	1
-23.0614	-45.9175	51
34.9344	136.985	1
29.5403	-95.81	2
-21.873	-47.4706	1
27.6525	-80.3978	1
47.5976	-122.151	3
25.6768	-100.196	4
2.20133	102.248	64
42.4346	-82.9002	4
38.7441	-76.8789	3
32.7943	-111.606	1
-10.0316	-67.8026	4
-4.84337	-43.3454	1
40.992	-109.721	1
0.3304	103.609	1
35.8456	-86.3903	2
-10.8818	-37.6668	2
17.0915	-96.725	2
41.1539	27.8195	2
50.7344	-4.08141	1
19.6563	-99.2336	7
43.5824	7.10477	2
3.95627	102.421	3
39.6102	-75.9226	1
37.3379	-121.977	7
39.38	-74.5997	3
45.4946	-114.143	1
40.2787	-4.01891	1
46.6145	6.62251	2
-4.17798	121.613	2
53.2593	5.77943	22
40.7807	29.4831	2
55.951	-2.98654	1
40.651	-73.8712	9
34.0024	-5.5429	2
19.0681	72.8343	2
51.1252	-114.185	4
35.0056	-78.0994	1
37.5396	-122.282	4
38.4981	-98.3201	1
44.0457	-122.914	1
-22.5461	-48.6355	37
53.3892	-6.42216	6
-30.4164	-53.6701	15
37.0479	-76.3791	1
-23.2601	-47.06	2
44.2005	43.1291	15
42.8107	-82.9976	1
38.4641	-76.4826	2
48.0002	-4.09522	1
-22.2557	-46.1695	1
52.0936	23.7174	2
5.35499	100.226	4
50.9746	0.100764	1
-21.4492	-47.0113	2
-18.4433	-70.2916	18
31.0781	29.8403	1
51.6895	5.08847	2
39.8504	-105.158	2
15.2034	120.576	1
39.657	-105.307	1
33.1234	-115.518	1
41.0927	16.875	1
46.4149	-117.024	2
-23.47	-47.4366	54
-25.6313	-49.4623	16
41.1179	-77.6047	2
-34.6154	-58.4109	3
20.6119	-100.399	27
40.0151	-82.9694	1
41.0194	-78.34	1
30.4127	-87.5588	1
-21.0578	-45.661	2
36.1074	-94.5718	1
47.7843	7.28136	11
35.8417	-78.6893	4
34.9522	138.383	1
5.80778	102.59	1
45.4443	11.0005	3
3.40979	101.572	16
55.056	-3.59972	1
52.1965	-2.21012	4
39.6468	-119.676	2
34.742	-86.6503	1
35.7635	-78.4804	1
-7.70237	110.6	7
55.5287	-2.78637	2
40.7582	29.7876	2
3.75431	101.949	5
50.1548	4.62511	1
44.0343	-116.976	2
-22.441	-68.9237	1
8.34647	-62.6512	1
-25.4614	-50.6367	1
45.5818	9.28588	3
54.5463	-1.21134	4
-30.3331	-54.374	3
32.9078	-96.606	6
8.90131	-79.7737	3
59.869	17.6184	1
-26.9981	-49.2271	2
50.3799	3.10048	2
51.3505	-2.96696	11
38.5804	-121.503	14
52.2346	-0.881253	2
36.7311	-120.058	1
32.6806	-114.438	1
-24.2542	-50.5373	2
12.9665	79.1714	4
59.3336	17.98	12
40.2184	-82.9933	2
43.5219	-79.6431	3
40.0076	-3.69751	8
51.0386	3.39247	4
53.8438	-1.85079	11
53.1419	0.345614	1
