Latitude 	 Longitude 	 Weight
33.6849	-78.9601	4
39.3542	-101.705	1
58.1725	16.8496	1
42.6703	21.1712	3
41.6814	-72.941	7
-19.9187	-43.9598	354
37.3201	-79.9806	3
39.7439	-75.5597	8
51.8586	4.35768	10
34.1938	-83.4521	2
-7.64123	112.902	2
38.1377	13.3472	33
52.0175	5.83418	5
19.3184	-98.2454	9
38.5615	-121.461	17
9.97036	-84.218	9
55.5715	38.2275	3
-6.26697	107.009	238
37.6799	-97.4703	10
34.2666	-5.92025	72
31.1512	-81.4944	1
37.2376	-6.9188	3
37.412	-79.1672	1
-21.9381	-50.5199	4
61.0527	28.3162	1
10.5968	7.48282	2
25.256	51.5522	6
51.4732	11.9725	1
42.4079	-71.162	17
-0.216815	100.633	1
3.88576	100.933	1
-23.2765	-46.7111	5
39.4572	-82.2897	1
39.216	-76.6648	50
31.6413	-7.99959	48
29.4634	-98.67	36
-19.5499	-56.0323	2
42.4374	-123.313	1
35.4052	-80.4475	2
51.838	5.98721	8
18.3568	-93.251	4
56.6901	23.7787	1
43.6126	-72.9788	1
42.7822	-1.35243	1
21.0288	-101.258	2
-8.36296	-74.5676	1
38.9961	-5.72435	3
40.7764	-111.92	25
-25.9924	-52.5902	1
55.9529	92.4567	1
53.401	-8.30764	1
41.3292	-74.3538	2
-33.8642	151.207	6
47.3195	-114.096	1
50.795	-2.61142	14
42.8071	-5.63558	6
32.4519	-85.7151	2
44.9917	0.179577	4
50.1212	8.63661	12
46.0443	4.08051	1
-3.414	114.843	7
6.49443	124.842	2
31.0671	-93.2506	1
58.3025	22.7216	1
-23.8573	-50.4314	1
45.7263	-93.7408	1
41.0784	-8.56101	54
38.8584	-8.98005	2
18.4912	73.8157	6
43.1952	-2.46631	1
43.7297	142.06	1
-20.5326	-49.1044	1
43.6814	-79.7831	8
29.8204	-97.993	6
38.8735	-92.0017	1
-26.4195	-51.8397	1
44.6407	-72.94	1
51.9187	19.1348	4
35.8305	-85.9786	2
5.04299	116.443	1
37.8749	32.5365	1
32.3329	-116.929	4
36.1797	-78.9004	1
51.6427	-0.367151	20
54.0217	19.0481	1
59.3853	17.9377	25
51.9008	-8.47483	2
-26.0158	28.2618	2
52.1516	-0.444921	1
22.2703	-97.9168	5
-20.6364	-44.2754	1
46.2868	-71.9828	1
58.5905	49.6388	3
41.5342	-8.62018	1
32.2187	-101.498	7
41.0712	14.658	5
-7.89481	112.507	15
36.6888	139.889	1
47.4013	8.39824	1
43.8775	-91.2289	3
31.1099	-83.4234	1
-3.99517	122.501	2
34.7103	138.192	3
36.7543	-2.78205	2
34.8638	137.058	1
-22.2854	-45.9068	1
50.5422	5.55708	1
32.3976	-99.4992	1
-5.17913	-36.3534	1
-6.86006	107.481	81
42.9427	-74.1917	3
5.55652	117.855	5
-29.5925	-50.8105	34
0.380584	109.946	2
19.7046	-98.9898	7
-19.4731	-40.6271	1
-21.21	-48.2936	11
43.6112	-84.5648	1
52.4566	0.308199	1
13.1577	-61.219	5
33.233	-86.806	3
39.8742	32.8255	20
-16.4622	-49.9525	1
32.491	-84.8741	4
-11.031	-37.4771	1
35.7932	135.645	2
41.0769	-111.967	1
54.2882	-1.59414	1
4.34365	100.904	5
31.1487	-94.8012	1
5.37802	101.046	3
-31.7603	-52.3487	1
41.2587	13.6113	2
43.1305	-79.0476	5
55.5965	36.8846	1
52.6003	39.6002	14
3.29526	101.649	79
7.69923	-72.354	2
38.9388	-94.5337	14
42.5117	-94.19	1
-23.6839	-46.9469	45
51.3597	42.1119	1
9.83999	-84.3269	1
41.6409	12.6928	3
5.66931	116.364	2
56.3572	37.5291	1
-0.238819	-50.7698	1
36.7828	-119.795	4
30.6918	-88.1786	4
30.4592	78.0747	2
-29.9153	-51.1771	85
36.8029	-114.101	1
32.3382	-93.8285	2
16.959	-99.7356	3
56.8105	24.6057	1
-22.6965	-43.5244	12
-6.818	-37.8213	1
43.2151	76.8932	1
41.8698	-89.1667	1
37.8223	-85.7682	5
52.8326	-9.43972	1
-21.2162	-41.8904	1
43.511	-8.26934	2
39.9789	32.7006	16
33.0364	-97.1308	4
4.64077	-74.0651	60
9.35791	-82.2505	1
-5.94912	-35.4266	4
39.57	-76.9877	5
43.2435	45.7462	1
31.8181	34.7911	1
56.5115	8.85136	1
52.5136	5.68839	4
49.3417	8.63664	2
42.0325	-88.0912	1
40.2876	-84.1672	1
42.2911	-84.4241	5
-8.22244	114.945	2
-28.739	-49.3605	123
54.4059	-1.742	2
42.7027	13.8385	1
41.6603	-4.42588	1
42.0162	-82.9908	1
31.6163	-87.0018	1
53.8872	27.4374	13
19.4685	-98.7874	8
35.894	139.951	9
43.6777	13.2102	1
43.3955	6.29457	1
42.3049	-71.4369	2
43.2979	-93.4638	1
-2.62867	-56.7356	2
32.1384	-111.166	1
39.1731	-97.6716	1
33.9453	-116.955	3
37.917	15.0542	1
29.3111	48.037	14
20.7116	-97.5345	1
34.506	-87.7306	1
57.6156	15.5879	1
13.0531	80.2721	3
-12.8563	-38.3284	1
-0.869174	100.434	34
56.8544	35.8997	11
42.5092	-7.58527	35
-20.0806	-44.5819	1
42.3714	-88.993	2
42.7489	-84.4805	6
53.7602	-0.348004	9
-24.1931	-54.2211	1
-26.3964	-51.0271	2
41.9383	-93.3898	4
37.8072	-25.4945	1
52.5055	4.86152	15
15.5085	-88.0462	2
47.2907	-94.6246	1
41.3748	-72.1602	3
45.6053	8.8935	2
25.0626	-77.3538	1
40.2151	-74.4787	1
45.0821	13.6416	1
51.0057	81.4708	1
9.66816	-68.5879	1
28.9699	-111.498	5
0.472999	110.826	1
50.409	2.7593	4
41.1539	27.8195	2
20.6847	-100.985	1
43.4069	-124.245	1
48.3946	7.44362	3
40.7796	14.7032	1
39.7896	-8.95415	3
32.1658	-81.906	7
-21.953	-44.6479	1
27.2801	-80.416	2
-7.03353	-37.3471	2
35.3632	137.238	1
47.4815	-0.563019	1
-5.569	-50.0651	21
44.0358	42.8779	2
35.1466	-90.2063	1
3.53518	102.445	5
-7.49306	108.622	2
-27.7131	-48.8638	1
-19.6263	-43.8892	5
46.2688	-119.159	3
-33.924	18.4186	6
-27.3042	-49.9758	2
-27.1412	-51.5856	1
40.0098	-75.6911	2
14.3883	99.9292	1
41.7167	-71.4652	15
36.4338	-119.689	1
54.0916	-1.38801	1
41.1422	-80.7669	3
32.5171	-85.033	3
-23.8594	-46.4077	331
10.305	123.89	7
43.5084	-5.69195	4
32.3557	-110.977	4
35.671	-90.5261	1
-26.4233	-49.1569	19
51.6813	45.5796	1
39.0544	-75.5203	1
7.07299	122.208	2
24.8807	74.6377	3
51.4753	-0.9875	26
32.7084	-100.889	1
59.262	15.1739	3
-6.97273	-35.7145	1
-30.9286	-51.8289	2
31.3208	-89.7358	1
11.0054	-74.7978	19
-23.352	-51.1744	6
21.1223	-101.648	3
54.7305	56.0378	4
47.3241	12.8008	1
-7.40355	109.249	7
43.4587	-84.0088	5
-22.3011	-48.5366	3
10.4257	-61.427	1
52.0508	113.401	2
39.3235	-82.084	1
-29.2431	16.8805	3
-23.6604	-47.5864	5
42.9687	-85.9079	1
36.7847	-4.11594	2
45.5061	-93.8199	1
34.8009	-106.591	1
-23.1177	-46.8642	39
-23.4057	-51.9683	15
39.4622	-77.9679	2
43.4422	-7.35413	1
-29.2094	-49.9965	2
0.295657	32.5758	17
53.8736	-0.476868	2
27.7926	-97.4074	9
53.1283	-0.231343	1
39.7797	-86.1329	8
32.7667	-96.5968	15
0.563308	100.408	1
0.503619	108.909	1
21.2955	-157.827	5
35.1191	33.3827	1
-6.0846	107.303	2
35.4334	137.057	2
40.0615	-82.0927	1
42.5201	-88.9671	1
51.5242	5.97285	3
53.3215	50.0679	14
-23.2969	-45.9737	41
38.0908	-120.861	1
24.7788	67.0562	1
45.8902	6.12665	4
-8.16486	112.692	5
-29.6877	-49.9908	4
44.8874	-88.6051	1
51.3587	5.56415	8
53.9973	-6.39645	12
71.9769	102.492	1
51.046	2.84731	2
36.3878	-95.9745	1
35.51	-97.9803	2
32.9103	-96.559	1
51.6955	4.88217	2
3.58111	98.6676	93
41.6743	-86.2713	6
41.8527	-88.4323	1
19.1853	72.975	19
38.2201	-75.6878	2
37.3298	-79.5419	1
38.8635	-99.3554	3
43.9465	12.4257	2
42.9117	-87.8607	3
18.5208	-88.327	2
-21.6506	-46.4169	2
-29.1058	-51.5365	13
42.086	-84.5325	1
43.6294	40.2607	1
2.27626	111.855	1
41.7318	-78.3862	1
-9.39536	-40.5178	1
38.4196	-80.5536	1
-1.17149	36.6403	1
51.8797	-0.385321	11
35.309	-98.7166	1
-16.6428	-49.2612	39
55.8142	38.9831	1
56.1889	36.9791	2
-20.137	-40.29	6
42.0259	-87.9176	8
52.0231	5.55162	12
45.1043	43.3835	2
-23.3552	-47.9037	8
-21.8305	-41.2661	3
29.6285	-98.8534	1
-18.1336	-49.0228	1
-0.774199	100.592	5
14.0627	-87.1859	4
-22.4911	-45.6242	1
-28.3656	-50.9336	3
6.96774	72.9744	1
35.8628	-86.4132	7
-22.7268	-43.3392	24
42.7202	-87.8163	2
-2.15746	-80.8112	1
40.6788	-4.09946	6
53.6424	-1.7902	7
39.8769	-7.1126	6
-22.4807	-42.2058	2
59.6682	18.6752	1
18.8567	-97.1128	3
-26.1685	-48.533	1
50.1475	6.95552	1
-3.94954	-38.3799	1
40.0495	18.0566	1
-23.4727	-47.7291	11
3.42593	101.793	6
50.7814	6.09814	43
41.7547	-70.6849	1
46.2557	9.4199	2
28.6642	-81.4217	6
41.8527	-87.9939	8
-22.1761	-47.3406	2
3.37325	101.416	13
4.00682	102.439	3
37.4834	14.9671	4
45.7578	4.8351	5
40.3091	-95.493	1
6.82482	-58.143	3
38.3575	-0.473441	20
16.9205	-89.8944	3
41.2898	-8.38473	6
36.2361	-86.5673	1
40.5296	-86.869	1
-4.12202	104.185	1
46.8733	-71.1782	1
-22.959	-49.8674	4
39.6169	-86.3546	2
39.1601	-86.527	5
51.5257	-3.24112	10
-20.8668	-51.308	1
-25.9965	28.1049	7
35.4471	-79.3127	1
50.0443	22.7159	1
6.14467	100.377	11
41.4819	-74.3821	1
18.9696	-97.8183	1
52.1715	5.64224	2
52.5379	5.34582	3
-2.20702	-80.9597	2
30.1897	31.4711	6
35.8023	-90.6756	1
53.6197	-6.76999	6
34.7014	-86.6686	7
-0.279961	-79.2058	2
38.8412	-84.0929	2
58.0022	55.9599	10
-1.44566	-48.4763	48
31.9637	35.8495	11
13.2983	-87.183	5
28.5091	-16.3378	8
47.5308	21.6603	1
36.3442	-93.5762	1
33.9143	-84.5817	11
51.0172	5.23303	1
52.0473	-0.69999	2
-31.5614	-52.3342	14
-23.6211	-46.7853	246
30.2928	31.7458	3
38.3041	-76.5199	6
33.9477	-83.358	4
41.3662	-83.6507	4
56.6794	16.3614	1
-24.0534	-48.27	3
51.7553	-0.737698	9
43.7606	142.359	1
7.25806	5.17553	1
-17.5663	-52.5369	1
48.4561	135.099	22
38.6742	-84.0476	2
56.156	-3.73312	1
35.1761	136.722	2
1.3404	103.958	180
50.9561	-114.029	2
33.9114	-118.345	58
-7.35815	108.534	3
41.3948	-73.4721	16
62.9151	7.07398	1
37.2886	-5.79664	4
55.3589	86.0515	5
37.3053	-6.11304	7
40.5997	-3.24643	4
37.4708	-4.43929	4
-19.6897	-42.1507	1
56.1385	40.4177	5
-26.8728	-49.1096	43
52.662	-0.471406	1
-26.2945	-49.3292	3
-27.1	-48.635	10
-21.7896	-48.8606	1
-41.4739	-72.9551	6
-20.5185	-43.8771	1
-22.1269	-51.3806	2
53.3549	-6.2474	33
52.4143	-1.5192	3
34.9596	135.407	1
45.2917	-73.2312	1
-12.5584	-41.3875	1
28.4391	-99.228	3
35.0876	-81.6958	1
51.8451	-1.96941	3
18.2621	-66.8486	1
39.6007	-76.8479	1
48.7734	2.07451	17
36.9433	-77.729	1
-22.2407	-45.6868	1
51.585	5.06361	13
-22.1208	-48.3462	1
39.7808	-84.0649	4
28.709	77.2096	1
31.8192	-81.6054	4
50.823	12.8918	2
40.4314	-79.9806	13
41.1504	-95.9293	1
42.2754	-71.8077	5
41.2396	-73.0256	6
4.80132	101.057	8
38.5983	-9.11333	13
42.6681	-73.8107	3
43.0226	-91.1992	1
27.6984	-82.4019	1
5.78269	117.972	3
-6.38048	106.832	341
44.7798	-91.4877	2
44.6539	-76.3442	2
-21.6514	-41.7459	1
34.9424	-86.5925	1
0.488105	101.432	11
39.0984	-77.2311	4
35.246	139.159	2
36.4488	-6.20538	3
32.2774	34.9478	2
41.7253	-86.0056	11
57.2263	-2.77727	13
34.5202	-117.431	4
40.9704	27.8856	1
40.7551	29.7882	3
-25.4806	-54.6135	7
53.9033	-1.69133	3
51.654	7.06471	2
-21.4114	-48.5026	1
32.6782	-83.1783	14
-7.16245	-47.8799	1
43.1745	-0.240814	1
36.8104	34.6221	2
38.9359	-95.2867	7
40.0935	-83.1384	3
40.0698	-87.7052	1
3.75399	102.541	4
35.6242	136.374	1
37.0779	-94.3757	2
42.9446	-81.2053	1
30.3779	-97.8993	1
-14.7972	-39.0344	1
8.94083	-79.6795	2
-26.4712	-52.8598	1
40.1576	-74.8548	5
24.5002	54.375	18
44.9829	9.7238	1
-23.6659	150.054	1
41.2719	-84.3555	1
55.8757	37.6282	40
51.6024	0.523334	6
14.2534	121.105	3
30.5948	-91.1633	3
-32.7675	151.6	2
53.0061	-6.66812	1
40.5199	-89.0009	3
39.1109	-80.4091	3
33.7839	-117.184	5
60.5637	5.10376	1
55.3259	11.3906	1
41.5493	-73.0038	12
44.0197	144.249	4
68.4761	-85.3612	1
40.5911	-75.5544	1
38.6926	35.5193	1
19.7246	-98.7579	2
37.7811	139.124	1
2.9535	99.0609	2
39.6536	-79.9608	1
49.5693	0.176157	1
-29.3727	-51.0915	1
-26.7242	-53.4817	3
-7.65283	112.717	2
41.3792	-6.2058	1
9.00998	38.7705	5
33.6388	-84.0145	10
44.6448	10.8969	2
-20.748	-42.8803	1
6.04155	116.152	14
37.2692	-119.307	53
57.3734	-2.09611	1
30.5419	114.354	1
5.12256	100.481	2
-26.3749	25.4619	4
-37.1957	-73.1982	2
27.6468	-80.7005	1
-22.1868	-49.9589	7
-18.7968	-40.0622	5
-5.39307	102.237	1
38.0906	-122.221	6
32.5762	-86.6807	1
57.8106	28.3618	3
35.6365	-78.8725	2
34.047	-117.848	24
2.17917	111.401	6
7.89252	98.2971	1
28.6655	-81.2009	2
-17.5631	-39.7438	2
34.1321	-117.655	11
39.4764	-88.1769	1
35.6299	-82.1707	1
45.1088	-93.3403	4
42.2772	-122.818	3
53.29	83.6478	2
36.8652	-79.7743	2
54.4987	-115.001	2
-27.1111	-52.6609	58
28.4909	-81.4648	26
38.6494	-75.5929	1
53.5335	-1.10698	16
-23.6505	-49.4383	1
38.1503	-85.7678	17
39.4749	-87.4082	4
33.8098	-90.5322	4
-7.19484	-48.2098	1
44.14	-73.2004	1
-21.8793	-47.9053	52
51.5912	-2.94134	2
36.4525	-93.9623	1
-16.5552	-48.0222	2
-16.6507	-49.538	2
-21.893	-45.0983	2
59.1288	37.8988	1
54.2103	-1.1906	4
-26.0901	-49.7133	1
40.8456	17.2979	6
46.5243	-84.33	2
53.2204	-0.558267	5
43.0465	-82.843	1
36.8657	-120.458	8
42.5665	-0.56504	2
40.2228	-75.6399	1
21.414	39.5144	2
44.8859	-93.2136	8
48.262	-65.5966	1
10.2172	-64.6307	4
40.424	-3.51311	31
-22.647	-47.1855	16
6.8609	7.4099	1
-10.0421	-56.3881	1
41.8551	-80.7885	1
51.7341	5.28548	37
44.0437	143.511	1
44.4985	-78.1911	1
58.0287	14.4724	1
-21.65	-41.4319	3
56.2847	43.851	16
50.8662	2.70105	1
33.7678	-78.8111	1
-29.1921	-51.3739	11
-2.98349	104.748	30
-15.3603	-41.9798	4
-27.3509	-53.08	1
48.3104	11.9108	3
17.3818	78.4999	1
41.7597	-88.3011	14
9.03015	-79.5069	39
-26.8785	-48.7048	7
51.5207	-0.142822	2726
55.0167	12.0843	1
-7.26891	-48.6616	2
43.3056	13.457	2
43.2419	-124.228	1
-8.15182	113.716	5
-5.7915	-35.5497	1
-26.1206	-51.0906	31
40.6892	-7.92529	3
23.6125	58.4538	1
38.744	-3.83768	1
44.3372	-79.7114	1
38.0124	-3.37164	1
42.1929	-7.5501	1
56.9663	23.7219	1
-6.9958	110.428	71
56.3148	44.0191	1
-30.4636	-51.6415	4
28.8518	-96.9785	1
36.7763	-78.8003	1
25.9411	-81.7043	1
51.3967	-2.85146	17
37.9122	-122.043	2
39.8623	-7.51492	3
-20.3371	-43.3298	2
45.1541	11.3051	1
51.1963	0.742771	3
53.0091	-2.17646	14
40.7419	-84.1162	1
52.4567	5.93873	6
26.5426	-80.099	4
-22.4359	-46.7503	1
37.942	15.3643	1
35.878	139.79	18
39.801	-8.79559	2
51.9081	-8.1906	1
-6.11583	-38.4005	1
2.39089	99.187	1
51.3253	-2.18448	2
59.2906	18.1161	1
29.481	-98.4934	39
59.2818	38.715	1
40.6373	-116.941	1
43.418	-88.3368	1
39.6053	-75.7387	3
38.5305	-8.86894	18
36.3186	139.845	1
34.7962	135.702	3
35.53	140.194	2
56.3698	36.686	2
49.8513	20.2544	1
42.0454	-87.6988	9
42.0622	-86.4906	1
56.0925	44.352	1
-17.779	-71.1845	1
52.7831	-1.23709	1
38.9933	-78.3712	2
40.5583	-75.9768	1
34.7725	-84.9669	1
51.0456	2.39772	2
50.3315	30.289	1
28.9485	-95.9615	9
-21.2133	-47.818	54
37.6178	-122.071	5
50.4246	30.1757	1
35.7593	-5.86816	3
-20.9385	-49.0182	1
41.0251	-81.4367	6
30.5215	-87.0126	13
51.1814	-0.627932	7
38.1083	-0.870834	7
47.0317	21.1828	12
26.0398	-80.1753	54
53.0947	6.42258	5
30.1591	-96.3938	3
61.1934	25.4482	1
27.8435	-101.953	1
36.3107	-82.3624	2
4.73156	118.1	1
-13.9515	-40.1195	3
-25.9162	32.4805	1
52.6373	4.75451	9
36.0383	-86.8505	1
32.7762	-108.144	2
23.4681	-106.272	2
1.86117	104.63	8
34.4829	-110.288	1
52.4054	12.9653	1
37.139	-8.53632	2
-12.3487	-46.5503	2
42.2855	-71.2446	10
-22.5581	-55.7207	2
52.6234	1.25196	4
41.8938	-87.843	32
13.0419	5.24519	1
-23.1209	-55.2182	1
61.0022	25.547	2
-8.17299	-35.297	1
2.13286	102.784	1
30.4607	-86.5722	1
32.7463	-111.57	2
38.3283	-89.0319	1
7.16083	3.34833	1
-6.36333	-38.8318	3
46.5369	6.61947	12
40.9514	29.3893	4
-32.0607	115.886	5
-15.0684	-57.1845	1
48.4546	34.9631	5
52.9563	5.91066	12
53.6796	30.1826	1
38.3926	27.0694	18
18.4669	-69.9376	10
50.372	-3.85234	1
35.1738	136.97	6
39.1802	-96.6106	1
37.8137	-92.2228	1
-26.0794	27.7721	4
57.1558	-2.20286	11
18.5959	-68.7189	1
-27.7689	-48.6676	13
40.5163	-3.91627	32
29.9757	-90.2637	6
19.9706	-99.1691	2
37.9005	-0.836257	5
50.2833	3.96092	1
43.8409	10.7245	6
39.3982	-76.7775	2
32.5532	-86.2231	2
39.0587	-95.9866	1
52.4128	22.234	3
51.2667	22.8865	11
-23.6554	-52.4362	1
12.9692	79.1542	1
46.0424	6.111	1
46.3206	44.2891	1
43.4183	11.8285	1
46.6556	-52.6409	1
34.1827	-119.225	6
12.8304	80.0455	1
44.675	11.0532	1
14.6148	-61.0764	2
37.4885	127.049	10
40.9135	38.3812	2
44.0395	10.0439	6
25.8758	-80.3475	13
3.46294	101.655	1
55.1712	-118.791	1
60.7996	26.4399	2
36.7957	-76.0126	1
-29.4497	-55.1328	3
54.1937	37.6289	18
46.5081	39.0424	1
26.8598	-82.2884	1
38.7819	-82.072	1
41.4979	-95.5472	1
51.3927	6.14929	5
-26.9875	-51.1292	6
22.768	-102.539	1
29.978	-92.1275	1
55.7161	37.4015	15
27.0683	-82.4051	1
49.5815	34.5537	1
7.76515	-80.2729	1
-1.73898	-48.8424	1
50.2076	15.8197	1
-22.8738	-52.5483	2
44.0453	5.20293	1
4.61466	103.442	6
51.4729	0.195297	16
-26.9984	-51.7444	1
-19.3663	-45.9816	1
41.1095	-90.6081	1
40.8632	-74.7517	3
60.7473	77.5713	1
36.1184	-86.7283	5
39.3917	2.76997	13
57.7114	-3.29468	2
62.3878	17.2903	1
36.7266	-108.305	1
51.171	7.07052	1
54.0363	-7.56737	2
58.9586	5.66242	2
52.1311	4.68895	6
6.66713	3.32206	9
51.7676	-0.575282	12
53.459	6.62288	81
-26.4493	-49.6013	1
-10.1156	-48.1132	12
-0.24007	101.322	1
-1.27293	-48.4598	103
-18.7868	-54.929	2
40.2206	-111.669	1
3.60958	98.4333	3
-29.9006	30.9726	9
9.90117	-67.3573	1
-30.3725	-56.4519	1
36.1225	-111.249	1
5.83503	102.391	3
41.8761	-93.8225	1
-6.92641	106.923	4
52.921	-4.14255	1
1.49125	103.905	104
-7.75355	113.213	4
-24.6977	-53.7903	1
36.7347	-3.69175	1
-6.91295	107.813	22
35.0826	-106.678	21
-25.553	-48.4967	13
-20.9047	-47.0194	3
39.2393	-120.031	1
41.0245	-80.6591	6
36.5795	-83.6586	1
-6.00147	-37.8323	1
-20.2351	-45.5266	1
48.793	8.33856	1
48.5806	45.7477	1
-6.71323	-35.7236	2
-37.6055	144.942	5
33.3116	-85.4955	3
-6.88568	108.876	1
41.7316	-92.4747	1
39.466	-8.47764	2
51.313	9.44709	2
10.154	-66.874	3
36.175	-82.759	1
23.0618	114.419	1
-21.948	-45.9404	1
53.144	8.22096	1
51.299	3.82498	2
32.7995	-97.2914	3
52.7155	4.9388	5
26.8418	-80.1632	4
-22.2895	-48.8787	4
46.4318	30.7542	2
54.3179	48.4689	3
36.3076	139.35	1
34.44	-80.7737	2
-5.17429	119.461	89
51.1998	5.535	9
41.1805	-81.481	5
40.901	-80.855	1
46.057	9.25658	4
49.4737	7.64573	1
-3.67054	128.178	1
43.35	-8.40817	10
52.9815	6.74891	3
39.8725	-75.4306	3
15.3708	-90.4638	1
37.0	35.3311	3
48.7718	-122.456	1
51.014	7.19347	1
3.09481	103.085	3
53.8222	-2.71083	8
58.7824	59.7631	1
-8.25266	114.541	1
41.5008	-99.6809	1
34.3695	-89.5308	1
39.2562	9.11678	1
50.8146	8.36254	1
40.073	-74.7243	17
36.3584	-79.6287	1
-7.11644	107.7	3
1.91295	103.015	7
0.888694	108.958	1
-22.8134	-43.1996	39
-21.8205	-46.5447	3
55.9779	-3.17988	10
40.5857	-111.87	1
20.4932	-89.7131	1
31.4971	-91.7249	1
42.98	-78.9096	4
-20.2388	-70.1447	1
32.5049	-93.6674	1
34.5508	-6.20329	1
5.26511	100.494	8
65.2623	172.531	2
47.1193	37.5184	1
20.1792	-98.0449	15
33.0449	-117.254	7
52.6962	-1.77482	6
48.9572	2.87867	4
-27.3664	-70.3371	2
42.0294	-92.9219	1
43.2616	-8.87585	1
35.6132	-89.0913	1
51.1635	10.4541	1
-15.8845	-55.1062	2
25.7805	56.0031	4
29.5469	-95.3281	16
33.5774	-117.214	1
-18.958	47.5248	1
-31.2458	-54.066	9
36.6606	-80.9136	1
45.2482	-75.8001	1
52.1631	5.26264	14
61.5218	0.00022	11
2.98203	101.612	294
35.1634	-115.9	6
51.9898	11.8738	1
46.2724	-78.9278	1
-7.14454	107.439	1
42.477	-96.8025	1
29.9736	30.9357	7
39.5387	-104.976	5
40.6248	-3.50977	2
49.0159	8.40954	3
47.2484	1.99262	1
-28.6863	-51.9454	2
35.4935	-80.7679	2
50.9825	6.18714	1
44.9272	-74.5946	1
53.2393	-1.42357	1
-8.98489	-64.5216	5
49.252	28.4739	1
27.0996	33.8394	2
30.4213	-91.013	7
50.2133	19.007	4
5.18499	97.1433	8
51.2216	22.5635	6
18.022	-92.9165	29
52.477	1.74721	2
11.6961	-69.966	1
33.2674	-82.0142	1
52.8744	-8.05435	2
-27.3242	-53.3715	3
10.7041	-71.6136	7
54.7006	25.253	6
40.8454	-124.053	2
19.6527	-101.276	6
-24.2162	-47.6402	1
-5.32116	-39.3433	1
30.3101	-86.1092	1
44.0388	43.0507	3
-1.58622	122.252	4
18.405	-66.0605	14
29.7057	-95.1205	17
-8.65821	-35.6293	1
33.9491	-84.3569	2
60.1833	24.675	1
49.457	28.5238	1
31.4964	-96.0793	1
33.2148	-87.2926	1
57.7202	14.1822	1
41.1559	1.09981	4
-21.3521	-46.1291	1
43.809	143.901	2
22.7527	75.8888	1
28.3536	-81.5502	2
41.5522	-87.7924	4
-19.3419	-40.1093	2
5.72056	115.992	1
56.325	24.1211	2
18.4662	-97.4224	5
35.4428	-87.2851	1
42.3641	-8.40504	1
-24.1744	-53.0589	2
9.93592	76.3038	2
58.1574	8.03269	2
50.9439	6.6527	1
40.5133	-81.467	1
46.865	-96.8182	4
6.50436	3.59573	3
17.5675	120.387	1
53.2426	-1.69568	1
34.4091	-118.576	1
42.637	-71.3269	6
26.3731	-80.1174	5
30.0255	-97.8381	3
28.0329	-97.5072	1
38.8299	-90.296	1
43.4646	-3.82615	6
-14.4335	-58.126	3
64.537	40.55	12
-7.2012	107.894	4
36.1615	-116.009	1
5.6331	-73.522	8
-7.66642	109.649	2
40.7191	-77.2819	1
-27.4315	-48.7294	4
36.4242	-78.1711	1
39.6465	-74.2976	2
39.0947	-9.04127	13
-27.8266	-52.3221	1
43.8552	144.464	13
38.028	-77.384	1
52.2108	20.2368	1
38.2753	24.508	158
39.2828	-84.368	1
56.4562	-3.12784	2
-15.6303	-56.0761	3
33.5983	130.402	5
34.0423	-94.3453	1
23.7672	90.3716	8
43.7176	-95.8728	2
42.021	-4.52905	6
5.62861	102.179	1
51.967	1.36254	1
40.5029	30.1491	1
2.75338	101.91	39
48.0835	3.28753	1
-11.8413	34.1689	1
43.8245	-79.37	6
30.5205	-90.8632	1
-27.1211	-48.9046	7
-13.4006	-39.2055	1
44.7816	10.3292	2
35.2715	-120.67	1
-7.72988	113.669	1
0.0188652	-51.0825	368
39.1583	-108.728	1
36.6668	140.136	1
-24.7764	-48.1832	1
8.87987	-75.6895	1
-5.40825	105.25	9
38.3727	-85.9836	5
33.5096	-7.09326	1
47.0881	8.28108	13
-27.6164	153.034	9
-23.621	-45.4901	3
19.3208	-99.6337	31
57.4295	26.9838	3
-27.8534	-52.1704	2
-22.5806	-45.8213	2
44.8772	-88.9405	1
51.5491	-2.48141	6
40.6487	-73.6451	10
50.786	16.2979	1
44.5213	-94.7209	1
0.247298	-51.0638	124
55.7179	13.2202	6
33.1956	-117.356	3
-12.0789	-45.7998	2
8.84947	-79.8187	2
-27.3428	-55.8563	1
-27.0818	-53.1948	1
57.2578	24.415	1
2.08488	102.576	3
35.0125	134.996	5
-22.2336	-47.0165	2
1.27756	101.851	2
34.8137	-115.185	1
47.7965	12.6411	1
52.3034	5.16308	2
38.3989	-91.8825	1
8.54652	-71.2405	19
-8.80241	115.15	18
3.48624	103.39	17
-22.0585	-46.575	3
43.0841	-89.4064	2
43.5585	-7.81025	2
41.4988	-81.7058	14
54.0237	9.37541	4
55.7617	9.40227	1
45.2698	11.1154	1
51.068	-0.306511	2
19.1075	-100.034	1
37.2461	-8.19459	1
-22.6133	-43.7186	52
39.6376	-119.285	6
-22.7373	-42.0436	5
39.1904	-78.1346	1
33.1343	-117.071	1
36.612	-4.53047	17
20.7456	-100.278	1
-13.5216	-56.0852	1
13.688	101.071	1
34.9698	-89.8491	3
42.8459	-82.8832	2
53.9249	18.7333	1
51.6656	35.6772	5
38.6739	-6.39189	1
41.6386	2.29638	1
43.1428	-2.97986	8
28.4008	77.3323	1
-34.9253	138.6	1
-33.1915	-70.6674	8
-20.1841	-42.0865	1
44.8457	-74.2904	1
54.5679	-0.994913	29
53.8224	-1.54536	22
-2.62929	-44.3026	51
39.9914	-0.0505051	7
34.1304	35.672	27
30.1636	31.6214	4
33.4337	-117.62	3
-6.77035	-36.3964	1
-18.0111	-70.2483	3
-6.71672	107.026	7
35.486	-96.6973	1
64.5245	39.7407	10
38.9552	-76.4749	1
43.6026	11.5007	1
1.60032	-52.378	1
57.1095	12.2835	1
41.3258	-82.5973	3
-22.5615	-45.0123	1
28.531	-99.8665	4
53.4971	-1.42042	7
-22.3455	-51.9854	1
41.0927	0.666543	1
32.801	-115.569	1
39.7666	-86.4413	9
-27.5839	-48.5419	32
34.3311	-86.5	2
40.1949	-85.3876	2
32.3311	-106.811	2
27.3632	-82.4643	1
-7.16903	113.217	1
40.5951	-8.40175	8
41.9912	-92.5835	6
43.6852	3.36502	1
-5.189	122.64	2
34.2693	135.363	1
-1.04224	-80.4734	1
37.1831	-4.04567	2
-25.4912	-50.8622	9
44.1911	-75.2965	2
37.7703	-122.436	58
36.2521	-107.618	2
62.7507	7.38507	2
52.307	104.253	5
40.0691	45.0382	9
39.0801	-80.5862	1
45.5315	-123.121	1
0.028009	36.2766	1
-37.6923	144.568	1
-6.90402	110.191	2
39.6352	-119.87	1
41.4459	12.8999	3
38.9357	-104.798	1
41.6915	-0.927332	19
-4.03161	-38.6318	1
59.1077	-2.52048	1
-28.1175	-52.0838	1
-33.448	149.567	1
32.5544	-83.8907	2
47.7936	3.58776	5
37.4785	-89.4253	1
51.2384	6.81431	1
35.2323	136.268	3
38.039	-84.9002	1
-25.4953	-49.2884	600
35.4826	-97.4792	5
46.0027	8.96044	1
48.0809	-3.07886	5
-26.4846	-48.7347	4
24.9517	67.0464	9
43.4997	13.6039	1
13.893	100.431	1
42.1245	-72.6573	4
36.9759	-122.036	1
10.7298	106.707	2
39.1101	-9.27397	1
2.98076	102.062	1
43.2904	5.56359	1
48.6226	22.2974	2
-7.13134	111.79	3
-25.3059	-52.1332	2
13.7941	100.322	1
33.8664	35.5171	54
51.7792	55.15	9
44.0531	-75.9208	1
53.4491	-2.75074	13
46.7679	142.739	1
44.9092	10.6649	1
37.5463	-77.4351	9
43.9186	142.498	2
-39.6921	-72.9248	1
50.4426	-4.95555	1
34.0922	-118.308	225
43.3205	-93.7716	1
34.9985	-95.8582	1
-9.48214	-35.8646	5
-38.3657	142.484	1
-2.13912	-79.6007	3
51.8308	4.77076	6
-1.80208	-79.5114	1
-32.2122	-52.378	10
39.1626	-0.251101	2
37.6779	-113.062	1
36.1498	-95.9934	6
53.2734	-3.22186	5
-21.677	-47.5085	1
40.9118	-4.19462	2
-23.6828	-46.5955	2446
35.9974	138.164	1
-29.1866	-54.8701	1
14.5049	-90.5445	21
57.4444	-4.21453	2
43.6009	78.2528	2
33.9903	-92.1986	1
42.623	-83.131	4
51.7172	94.434	1
39.3217	-77.7292	1
42.368	14.1553	1
36.2036	-95.7079	1
43.2605	-99.7157	10
40.5694	-86.5891	1
18.5667	-70.4807	1
-14.5043	-56.8506	49
-37.7795	145.08	11
48.7239	2.35756	74
42.7204	10.9827	3
-21.1427	-50.6213	4
46.8415	-71.3703	4
-34.9558	-67.6913	1
39.1163	-88.5538	1
60.0037	15.791	1
3.35359	101.253	42
50.0685	10.1674	1
1.22835	110.697	1
40.4345	-78.3947	3
32.3559	-86.0822	1
52.9939	6.28869	2
43.4717	10.6355	1
45.8287	0.847725	1
32.5901	-97.219	2
36.5941	-101.64	1
36.0018	-78.9011	5
45.616	-106.667	1
41.9594	-72.3031	6
-22.7106	-47.7943	37
49.2535	4.05493	5
35.3096	-80.724	7
51.1357	23.4886	8
54.129	-3.22461	1
33.7926	-84.2493	10
51.5635	-1.80078	2
39.0787	-94.3487	36
35.6355	-108.875	1
34.4991	-93.0564	2
43.5425	-6.5361	1
53.4596	-113.46	3
43.2607	-79.9135	8
3.82881	103.217	26
53.4056	-0.78256	22
-29.5328	31.2222	1
20.1056	-98.7758	10
41.363	-82.0763	8
4.91157	114.925	8
52.4472	5.21763	1
42.588	12.6653	1
53.1902	-2.89209	2
41.7744	-88.1513	2
48.2218	22.0752	3
34.9417	-81.928	3
-17.8758	-41.5077	1
28.0143	-16.6631	4
39.8545	-84.4031	2
55.6728	12.5521	7
44.9778	-122.985	2
40.8154	0.448889	1
-28.71	-55.8067	2
52.4215	4.63598	5
-25.4539	-54.4571	18
43.3678	-86.1773	3
32.1859	-90.2695	4
4.72009	96.8729	3
37.5047	-77.6146	5
17.319	-96.22	1
47.858	-122.257	3
-24.4517	-47.809	22
-18.1581	-40.0186	1
55.4179	37.5383	2
-22.1609	-54.8613	16
40.3457	-79.8627	3
60.2084	14.6944	1
40.2651	-78.8354	1
48.5734	39.3437	1
28.4515	-81.1177	1
-26.9191	-48.9518	2
41.5229	-7.645	1
19.6184	-155.984	1
37.9643	-87.6754	1
51.9779	-0.228634	5
-7.43734	110.985	2
-16.3966	-71.5408	1
54.4031	24.0304	1
42.165	-4.3127	2
39.9133	-81.3746	1
37.2292	-121.978	6
-22.2679	-46.3762	1
-25.0176	-54.021	1
-7.34558	108.179	11
40.0146	-74.9645	4
45.4042	12.3817	1
-16.6161	-43.9388	6
36.8687	-2.37369	6
41.2101	-79.3762	1
-6.23926	-35.0964	2
37.516	-122.295	13
48.9988	7.01455	1
21.139	-86.8463	14
-28.1031	-51.7727	1
14.5607	121.032	76
54.8344	37.6268	1
3.89572	103.077	5
3.24967	102.421	1
25.1237	56.3308	1
25.4513	-102.182	1
-21.6181	-48.4446	5
39.3594	-74.5811	1
34.494	-91.548	1
35.9318	-94.1948	1
34.6945	135.269	8
15.3292	120.589	2
8.59286	-70.1777	2
-19.4455	-42.6011	18
22.2913	113.947	1
46.858	14.4974	1
23.5319	89.1722	1
56.4872	25.2909	1
-23.534	-45.2259	2
38.7144	-82.8559	8
46.4738	-95.2755	1
-20.7741	-41.6778	1
38.4747	-82.6621	9
40.0031	-74.3628	1
39.8692	4.22416	1
49.25	-123.133	9
42.6866	-8.9895	1
50.6163	37.3015	3
52.6708	-0.736476	1
35.6099	-77.3558	1
0.0	0.0	163
-20.4677	-54.6164	15
-22.3287	-44.9117	1
38.4453	-90.3608	2
29.1821	-94.9786	1
-23.5295	-46.5153	33
41.2921	1.24031	1
38.9945	-94.8596	3
53.0728	-1.28276	1
37.5054	14.8045	1
-17.8631	-46.8741	1
2.24423	102.555	34
42.7806	-73.9533	1
33.6337	73.065	1
40.0009	-78.3509	1
43.6251	1.33179	16
-0.920356	122.256	2
55.5713	37.5722	27
50.8121	20.3359	1
-7.67652	109.057	4
43.7269	7.23118	11
36.161	-109.606	2
47.3276	5.0318	3
56.6282	47.8837	1
42.4666	-2.45213	2
42.0018	-71.5306	2
37.2777	-77.4665	3
61.565	-149.307	1
34.0374	-80.9375	8
43.5076	-86.3478	1
-23.4194	-50.881	4
40.7963	-77.8658	7
55.7385	37.9929	4
42.5532	-8.78694	2
47.9424	21.7009	2
9.30559	-75.3964	2
-20.3359	-48.3961	5
-0.789275	113.921	4
48.568	2.13478	1
39.9597	-82.7945	5
2.15606	102.425	6
-7.9095	-34.8417	8
57.9099	59.9579	3
1.741	98.7806	3
52.226	4.50089	12
1.64526	103.594	37
31.2468	29.9799	12
51.5034	-0.575023	12
-6.07925	-35.3013	13
45.7972	13.5448	2
49.8538	-97.2044	5
33.5413	-80.8538	11
-8.58183	116.107	9
21.0487	-87.0318	7
39.9867	-0.223317	1
39.1697	-93.819	1
-4.42727	-38.8546	1
43.388	6.07831	1
37.9595	-76.7664	1
35.846	-78.6572	6
-26.2918	-48.6681	5
39.4207	26.8072	144
-7.78094	110.363	221
39.4225	-0.352529	49
-2.15725	-79.9203	66
30.2052	-81.5531	3
50.8651	86.8964	1
5.34173	-72.3974	1
30.0883	32.5611	7
47.3714	-92.3402	1
41.6051	-90.6223	2
1.34851	110.509	5
40.6295	22.9522	1
37.6669	-81.1948	2
32.4496	-99.7117	1
33.5846	-84.411	6
16.2058	99.315	1
49.0207	6.76573	1
19.8551	-90.5239	8
38.3958	-75.5644	1
49.5212	-115.756	1
54.8181	-7.47063	1
-22.2871	-42.5236	2
29.4925	-98.3122	6
53.1302	18.0379	1
-3.20816	104.647	2
52.573	-1.547	5
2.29916	102.912	2
10.6621	-63.287	1
32.5388	35.8499	4
42.9501	-81.3672	8
40.195	-105.134	1
41.0192	-73.9365	26
14.3904	120.872	5
-23.1036	-45.7178	2
-6.89888	107.637	226
51.7728	-0.184883	1
9.35088	-79.8379	2
4.23955	103.192	2
-1.15746	-50.5734	6
40.0709	-104.81	3
-20.6176	-54.5452	8
41.585	-81.5478	2
50.8452	-0.130547	11
52.151	-7.55615	1
-12.9168	-39.874	1
46.2048	6.14319	6
37.6031	-5.89121	3
39.7435	-105.077	11
46.0008	-74.8935	1
52.9975	6.55836	4
36.0695	-94.1421	2
43.2276	-123.36	1
-22.4454	-48.1643	1
29.2477	-95.3528	1
-21.5887	-43.0137	1
32.1769	-110.933	4
34.4167	-119.858	2
3.94649	113.811	2
39.3958	-84.5605	8
42.7466	-75.77	11
8.432	-82.4423	2
40.7315	-90.6147	1
51.2155	4.40115	1
56.1166	-3.35453	4
21.4429	-157.748	3
-22.2823	-41.9777	3
40.7034	14.9632	3
33.921	-78.2813	1
-23.6105	-55.0181	1
32.3154	-86.2545	9
56.7315	-2.65478	1
52.228	0.674616	5
-25.2665	-49.6143	2
34.9491	135.701	35
0.91704	104.44	5
47.5533	-122.653	1
43.6603	-7.35619	2
47.498	-97.2947	1
42.3765	-79.4697	1
34.0493	-84.2241	1
55.9355	37.8427	13
37.8903	-79.585	1
42.4768	-83.1107	157
54.2721	-2.79158	2
8.74755	-75.8881	2
45.4953	-122.598	5
33.3795	-111.965	59
5.05512	-75.4841	13
37.3831	-5.92359	39
41.3626	-81.9137	3
-21.2573	-48.5654	1
34.9385	-79.7725	1
30.3858	31.5552	1
-24.5935	-50.9566	1
47.1012	-119.995	2
43.6328	-93.3548	1
-39.6763	-73.0907	1
30.8335	-83.3009	4
60.6508	24.8377	2
53.2791	34.3808	4
-20.2503	-47.4795	13
48.7198	44.5231	2
57.6811	11.734	1
39.2797	-80.2549	1
42.4939	-83.3585	79
38.5458	-77.8032	2
-6.23772	106.7	329
40.0691	-74.106	2
50.4226	30.6579	5
55.4359	65.2991	3
49.705	19.2092	1
38.4077	-82.4418	6
41.8676	-71.3774	5
26.2982	43.9706	2
34.6913	132.59	2
49.1791	-2.09764	1
34.4026	-118.91	1
-28.1134	153.439	1
-26.9752	-52.5357	1
39.059	-77.5046	3
-2.91455	-78.9967	11
55.7559	37.5483	288
-17.6863	-41.3566	1
47.4476	9.75956	2
-18.7591	-40.8804	1
41.6175	-72.7934	12
42.8741	-8.5465	3
2.45016	101.86	3
41.9004	-8.86221	3
-23.7976	-46.0155	1
1.26935	124.878	17
40.1452	29.9758	2
4.4457	-75.2294	6
39.4012	-6.44088	8
32.8246	-117.109	19
33.6736	-116.189	5
-20.8756	-54.2616	62
39.0778	-77.0047	68
-18.578	-45.4518	2
16.663	-92.5344	2
36.0633	-88.0244	1
-6.59819	-36.8105	34
18.3258	-66.2665	3
-23.4458	-51.4481	2
37.2942	-89.5261	1
51.4582	-2.60892	11
-23.4765	-46.649	69
31.3228	-94.7266	2
36.6172	-121.905	1
51.8147	1.07715	1
5.96739	116.68	2
31.4957	-95.4783	1
0.689581	122.785	1
32.4065	-81.7814	6
36.1042	-83.4754	2
-30.3752	153.085	1
36.6704	-121.629	3
6.36241	99.8551	2
-19.4679	-44.2477	5
41.7969	-71.9201	1
20.5322	-97.4726	6
42.7924	-83.5453	2
46.371	13.3094	1
37.8429	27.2423	2
54.0534	-2.79215	2
22.7306	-102.694	1
25.3519	55.3874	4
-22.8642	-43.5814	3
33.8101	-117.824	24
-1.75216	112.635	4
45.1889	0.713154	1
-1.19236	-46.7872	1
50.0477	21.4164	1
49.1048	6.19605	2
56.7909	23.9296	1
13.498	-89.0279	1
41.3852	-73.004	1
-27.9931	-54.2949	2
34.8276	-97.2606	1
40.4778	-3.70352	286
34.0595	-118.062	57
20.6735	-101.34	1
40.2255	-8.45231	2
7.06118	-73.8561	1
31.8057	-106.183	10
-29.706	-51.507	6
-20.4029	-44.7732	2
51.7015	-3.05138	1
33.1956	-87.4753	2
41.5124	-87.6356	9
39.0782	26.8949	1
22.6263	88.4172	7
35.6387	129.36	1
-8.09948	111.915	2
43.8725	-78.9439	1
38.8961	-76.0452	1
43.6134	39.7181	1
45.9395	9.16727	1
-29.2451	-51.5858	32
41.2375	-8.60462	3
39.9997	-95.0565	1
34.3968	132.454	1
-35.4527	-71.681	2
32.716	-97.4639	1
25.2478	55.2738	4
36.344	138.621	1
35.1682	-2.93328	8
31.1689	-100.077	32
40.0976	-85.6641	2
57.6016	-4.87113	5
0.613618	-51.695	2
41.5007	-95.3336	1
32.6318	-117.025	14
42.6689	-83.318	5
45.2216	-123.204	3
42.2645	2.97967	3
46.0595	13.2395	3
44.4205	12.188	2
38.9293	-1.90194	5
36.2183	-121.131	3
-28.946	-49.4603	1
-22.0668	-42.9237	20
37.9765	-87.4931	2
39.4231	29.9958	2
9.74512	-63.1327	1
49.9655	8.24295	3
37.8334	15.2709	1
19.2002	-96.1921	3
43.1419	-93.4044	1
48.9676	2.11325	13
-15.4249	28.3645	1
32.0844	34.8023	1
18.0252	-66.6372	7
19.9355	-96.8531	1
43.0877	-87.8899	23
-23.194	-49.3852	2
-7.40863	112.661	52
-23.511	-46.8823	111
49.3523	20.0057	1
33.836	-83.8985	1
36.7229	34.496	6
43.0685	-76.0828	1
6.23388	125.082	1
4.93414	-52.3054	1
-2.47715	-44.1946	4
4.43242	101.218	7
41.3941	2.1393	57
43.3531	-5.88121	8
40.7405	14.5641	3
3.1846	98.5113	1
-25.224	-50.6319	1
0.177371	-51.3389	1
34.6041	-98.4322	2
38.9001	-76.9261	55
-8.90188	116.749	1
36.8297	-108.009	1
53.2819	-6.38954	6
20.4507	-97.0876	1
38.0157	12.8893	1
-26.1696	-50.2584	2
39.4051	-76.602	3
51.5051	4.2956	8
-10.9207	-37.0571	51
1.67435	98.9433	1
61.76	26.0464	1
45.511	-122.433	2
25.886	-100.865	1
44.3334	-69.7307	1
45.073	-85.262	1
-29.1822	26.2293	2
54.2576	18.6452	13
-1.2202	36.9174	28
-1.57563	37.1547	1
59.2021	10.494	1
45.5922	12.7261	2
33.6017	-7.60975	32
43.0919	-79.5461	1
-25.3706	-51.5523	9
38.7756	-90.6133	3
52.504	-0.699142	3
59.7527	30.568	1
48.6475	44.3981	10
-7.92101	110.311	18
51.9439	0.635333	1
6.15342	6.79356	1
37.2079	28.3655	1
40.6936	-112.078	4
37.1429	-5.92161	3
24.9434	-98.6463	2
51.6247	-1.28841	8
25.0343	-101.167	4
41.7813	-72.5168	3
36.2936	-88.8972	5
35.4711	-86.08	1
57.6934	11.9505	1
46.6504	-80.9516	2
-26.8143	-49.2703	7
2.46399	102.961	3
51.3971	-2.44902	1
38.6951	0.0177148	1
-7.95172	111.482	2
38.1828	-86.1462	1
54.8716	-1.45727	7
45.1536	-74.9672	1
43.2226	-79.7592	2
36.1707	44.0042	2
-22.5245	-44.0809	8
-5.57728	-36.9084	4
-0.868115	-52.5409	2
-6.8083	110.842	4
19.6416	-99.3912	1
36.4652	-5.73375	1
-23.5501	-47.8728	14
60.9342	26.8318	1
40.3413	-76.927	3
37.9327	22.9163	2
-22.737	-42.5939	3
60.7218	28.7527	3
-19.1468	-44.9291	7
32.3761	-88.692	1
53.1	56.2262	1
41.4156	-87.7507	1
34.7258	136.09	1
5.50778	-54.0142	1
2.06667	45.3667	5
34.2321	135.19	17
51.2163	-2.61533	2
54.8545	-2.87904	3
34.5912	-112.32	1
41.966	12.1088	1
45.011	-0.608399	1
47.4743	-3.12078	3
-8.43046	-36.7454	1
-28.8323	-52.4747	1
9.62555	-71.2941	1
39.4192	-77.3793	4
-32.8511	-70.5936	4
40.4609	17.2943	2
36.6223	-6.23199	3
33.0361	-95.4303	1
45.65	9.20811	7
44.1477	-94.0919	1
53.5703	-3.01747	8
36.9847	-86.4534	1
30.4226	-9.58203	2
35.1165	138.866	1
59.7414	30.3977	6
56.1459	8.81087	9
34.0203	-6.83744	70
-19.952	-42.0999	1
-29.8907	-50.9563	16
40.98	27.5153	2
40.6513	-4.70121	5
-6.88166	109.664	1
-5.34548	-49.0943	2
-22.6171	-47.5297	3
55.4375	13.8375	1
40.2476	-2.02599	2
49.1042	-122.738	9
26.1573	50.5371	2
-17.7354	-40.5056	1
-1.27549	126.132	1
38.7971	-75.5844	1
-23.2365	-51.7305	4
51.3491	8.49465	1
-23.3921	-46.4538	108
-6.43778	105.939	3
44.3058	11.4078	1
-6.3268	-37.4711	1
-29.0087	-54.012	1
-28.476	-48.8285	1
17.6223	121.711	1
-22.4652	-50.6364	2
40.8231	-81.9178	2
45.3275	14.4424	1
50.9365	-2.64853	1
46.4115	20.3839	1
37.9878	-100.919	1
35.8514	-87.3477	1
46.6497	-118.864	1
51.1889	58.6101	2
-32.8077	-71.2216	2
37.8914	-121.497	1
50.1534	-5.07491	6
37.2129	-80.4473	1
43.5261	-79.6746	1
-8.74789	-63.8919	5
50.4791	4.14984	1
-7.08701	110.763	1
51.8873	6.30362	4
36.8911	30.7258	2
35.4512	138.797	1
40.3653	-82.6694	9
4.95923	100.643	1
36.4504	-89.9632	1
35.5007	-97.6584	8
38.6148	27.0662	1
-23.147	-49.9738	1
44.0439	-70.3757	1
-21.4822	-43.5053	1
-20.3975	-43.6687	5
44.0577	-75.7771	1
41.5279	-85.0716	1
-7.11117	-38.7853	1
39.1363	-84.5404	12
36.9504	127.026	1
54.8902	23.9267	1
42.5878	-79.0553	1
35.6303	-88.8045	2
44.1269	-70.229	2
37.4147	25.3423	1
-29.9627	-51.637	1
43.8942	12.8673	2
54.0526	24.0018	1
60.1046	29.9708	1
2.81886	101.443	10
18.5538	-70.0551	5
27.7137	-109.842	1
-26.1568	-52.6728	8
35.0743	-106.523	2
8.88675	11.3693	1
38.7571	35.3632	1
19.0202	72.8392	13
-22.2066	-42.3799	3
-36.804	-73.0829	10
50.8187	-0.604624	1
42.1142	140.549	1
38.5532	-86.466	1
40.6346	-79.8691	4
39.4788	-79.0433	2
-27.3517	152.938	2
51.6099	0.307903	3
42.3104	-1.982	9
-33.513	151.316	2
38.9815	-77.1186	11
-24.5156	-69.8306	1
43.7739	10.3897	1
0.602972	100.745	1
-29.7707	30.8271	2
29.5415	-95.509	5
67.1987	19.4656	1
42.0579	-71.0743	1
40.763	29.9736	5
51.6214	5.84831	6
-23.5312	-45.8449	1
-1.09766	37.0141	11
-30.2041	-50.8677	12
53.4424	-2.23348	57
60.3184	24.9634	1
31.5411	130.589	1
46.5167	-62.9326	1
43.0778	-75.1071	2
40.7656	8.67982	1
40.5669	-84.1902	1
38.9098	-6.61796	1
50.3622	30.8232	1
54.1521	38.4438	1
-19.1499	-54.4952	1
44.1816	-88.4667	1
5.69953	-0.236136	19
33.5558	35.3781	3
44.6185	33.5616	1
52.3834	13.1196	1197
10.5628	-71.6409	1
43.2141	-8.29132	1
39.1899	-0.437942	1
14.6265	-90.4669	9
43.41	-80.3968	7
24.4593	54.628	2
37.7497	29.1007	1
36.9087	-80.308	1
16.4445	102.829	1
55.8853	37.4131	10
30.4454	-84.2453	6
-20.5867	-41.9435	4
38.429	-121.386	3
40.4104	49.9768	2
1.03131	34.9852	1
41.7503	-87.8524	1
-34.1778	-58.9597	1
41.6545	-91.5753	2
35.1621	-89.9043	5
44.0925	-103.213	4
53.8153	21.9472	2
44.9328	-90.3173	1
-21.1722	-42.2562	1
50.8418	4.41038	9
48.1174	-96.1884	5
18.3599	-67.2233	1
58.394	13.8507	1
15.7642	-96.1336	1
46.1387	5.95225	1
38.4182	-77.3679	3
-32.1947	-52.8591	2
29.8251	-81.3794	1
51.2229	-1.4366	2
-4.98585	105.499	2
47.273	-120.882	1
32.9896	-80.1447	2
4.24884	117.907	2
55.0478	-4.02478	1
35.3456	-106.614	2
41.5845	-72.5032	1
52.731	15.218	1
-0.94687	114.899	1
4.53177	101.084	13
-0.924134	117.207	2
62.0846	129.292	4
-23.7911	-45.5609	15
-22.3971	-47.613	15
34.5512	-77.9288	1
58.814	125.54	1
40.0962	-122.643	3
5.383	100.412	58
19.4412	-100.356	1
46.3272	-0.461021	2
56.2771	44.7651	1
-18.6791	-48.1816	1
53.7142	48.024	2
30.8596	-95.7399	1
36.1908	-86.2843	2
3.54182	103.237	2
-4.83533	-38.1518	1
43.0702	-96.0018	1
31.7468	-98.1339	1
44.8334	-87.381	4
36.7563	-4.4224	4
-26.2485	-49.9051	1
-1.74911	102.839	10
37.1804	-3.59799	30
44.0475	-91.6469	1
-22.8843	-42.0225	1
40.8034	-96.6753	2
28.3771	-80.7581	1
-19.8865	-43.634	1
47.2371	38.8775	3
50.7701	25.3022	1
39.7247	-85.8894	5
-4.51112	126.44	2
3.23187	101.386	38
-27.3972	-51.5977	24
6.03112	101.984	2
51.8873	5.39845	13
40.4234	-84.5528	1
27.9128	-82.2392	1
4.17347	100.955	3
-22.916	-43.4473	458
39.7578	-121.799	4
34.1201	-117.509	21
-5.42891	119.445	1
-5.21107	-40.6755	1
41.9845	2.8404	3
14.7988	-89.5491	2
53.8096	87.2221	2
37.9201	-78.3272	1
43.3048	-5.68918	3
-20.4545	-49.3333	1
44.4377	4.71533	1
-15.8088	-54.2038	1
31.6552	-94.646	1
-19.6019	-40.7725	4
49.1994	-122.913	1479
58.0571	7.48665	1
19.0225	-98.3065	6
48.6216	-123.755	1
38.2365	-0.646418	4
-1.64368	103.557	4
13.2005	77.7099	2
42.5654	20.9269	2
30.0836	-95.9871	4
-28.7303	-51.6044	4
32.0325	35.7223	2
38.9202	-80.1817	4
39.8999	-82.0178	9
50.9402	29.9046	1
55.4009	43.8299	3
41.7312	12.9942	3
42.3433	-7.90485	2
46.4967	11.3592	1
32.4216	-104.245	1
32.746	-96.8683	16
37.9328	-82.0654	1
36.1481	-77.7852	3
34.2223	-119.051	2
3.94635	103.361	2
34.7051	-81.213	1
53.0336	-7.31383	5
-21.5006	-48.0286	1
42.018	-5.89643	1
-7.65408	111.35	2
42.5147	-92.4476	3
-7.60949	-43.03	1
46.1711	9.8706	1
4.64713	101.203	23
61.5218	-75.0065	5
35.1202	-97.846	1
48.5732	7.75483	6
10.3088	-68.784	1
44.9008	-89.5695	7
36.4403	-110.75	1
-34.3517	-59.2046	1
43.0469	-74.3492	1
36.355	-119.306	2
46.644	-94.1241	4
13.824	100.723	4
34.0609	-4.97544	10
42.9234	-84.0212	1
39.6125	-119.67	1
39.6469	-86.0379	2
-9.66354	-35.7609	9
2.60603	-72.8318	1
20.5366	-100.191	1
15.4859	120.588	1
22.4927	88.3624	12
38.0386	23.6837	2
35.4151	-82.5208	2
-20.7898	-41.1967	5
51.1216	9.12205	1
30.5928	31.4744	4
36.4383	-83.5648	2
51.8463	-2.23952	6
38.7116	-0.462236	1
22.7508	-98.9673	1
-8.2214	-34.9279	21
-34.5761	-58.7299	1
41.4005	-91.0614	4
46.5847	0.371571	2
-22.6048	-46.7092	1
38.1922	-85.6227	3
40.5058	-80.2081	1
-29.1235	-49.7449	2
55.481	37.2835	1
-3.13547	-58.7839	2
54.1984	-0.841993	1
-1.44517	-48.6382	2
36.5632	-82.6505	4
46.8636	-114.018	1
-23.5858	-50.1178	1
-23.3548	-46.8802	2
36.7652	-2.61206	2
36.2243	-115.094	9
-21.2645	-45.0228	3
41.0356	-75.3298	2
-12.3337	-38.4158	3
-22.3216	-50.3582	2
37.7837	-90.4268	2
-25.2891	-57.6399	5
40.7139	-89.5956	3
44.5526	-73.1652	1
31.2965	-110.946	2
39.4728	-80.1736	2
23.6914	-166.6	2
37.8349	-80.1237	1
34.4437	-116.941	1
55.8444	-4.38079	10
6.71666	79.9068	1
57.4093	21.5963	1
48.7507	1.92363	1
18.6552	-95.9613	2
38.6043	-95.2789	1
51.495	3.51798	1
5.51292	103.047	9
51.6572	-3.50745	3
43.9581	7.81506	1
-19.2275	17.7298	3
20.6767	-103.337	25
38.8385	-89.8736	1
39.4104	-76.4371	3
51.7204	-91.8227	1
19.4733	-70.6801	5
53.4066	23.5021	4
13.8763	-88.6269	2
40.295	-73.9921	1
59.2268	39.8381	2
-8.45669	115.408	1
-9.53333	-35.6873	37
41.0078	29.1263	38
20.5971	-102.559	18
36.7967	-4.68937	13
52.2468	6.82918	10
-27.8411	-54.5215	1
42.5236	-83.5121	2
43.7807	11.2448	12
46.7613	-98.7551	4
45.0739	-83.4229	1
54.1479	45.2109	1
4.05112	101.065	1
34.8931	136.595	1
4.82569	-75.7282	1
-15.8038	-46.0067	1
-11.9611	-77.0669	55
46.3839	-120.308	2
-8.58322	116.283	7
18.0199	-66.8709	1
21.8495	-102.327	6
47.5193	42.1912	1
38.1021	15.7474	2
45.4827	-122.756	5
55.8755	-3.518	4
8.95257	-75.4464	1
29.778	-95.9741	1
48.3966	2.47701	3
48.2727	4.05136	4
46.3268	4.80807	1
-22.4361	-45.3967	6
10.6494	122.955	2
30.7964	30.9928	4
67.9222	26.5046	4
25.0963	55.1724	4
-21.8843	-52.1946	2
42.0429	-73.9485	1
10.7128	-61.5615	1
3.13396	101.686	642
34.7091	135.496	15
39.6689	15.8283	1
36.5894	36.1745	5
-23.513	-51.0998	111
10.4667	-68.0167	3
40.6252	-75.366	1
7.86719	-67.5118	1
32.6531	-16.8407	1
-3.21191	115.057	1
44.9868	-73.4405	7
53.5392	-6.20996	2
-0.872085	119.932	10
48.3164	1.9985	1
33.556	-82.1326	1
35.6555	-97.4549	1
35.2589	-85.1558	1
37.6429	-97.3134	6
53.7313	0.0340058	4
50.8685	-3.53409	1
50.9188	-4.20762	7
53.5638	49.2194	1
39.6426	-77.572	2
34.9667	-78.7415	2
-21.0987	-48.8276	7
26.3549	127.796	1
-12.8753	-38.5026	179
-23.0142	-50.4076	1
33.0517	-97.4824	1
41.5936	-72.0796	9
43.1168	-79.3299	5
9.14763	7.32554	1
55.5676	-3.83957	1
45.5463	11.5504	4
54.7176	-1.24027	2
51.0639	-1.31664	5
-7.31061	110.183	3
35.2467	-78.9661	1
51.354	-1.15177	1
41.7787	-93.7135	1
-9.99076	-67.4265	1
12.5503	-70.0033	2
31.9563	-106.596	3
-20.4597	-46.0594	1
0.567826	123.067	2
37.5761	-97.138	2
46.0777	18.2504	1
53.6798	9.37269	3
43.0666	-77.4595	3
29.1738	-82.1567	2
37.8476	-4.67425	3
-23.7363	-52.5974	3
55.6249	40.6299	1
-6.49044	-36.3411	4
48.2572	16.4099	6
52.1617	22.2758	2
43.3552	5.18785	1
41.6966	-93.4619	1
4.19791	100.705	2
37.3847	-81.0951	5
33.8718	-98.5311	2
39.6753	-81.4961	1
35.4031	139.305	4
56.7337	37.5338	1
51.2386	6.04772	8
57.11	24.971	3
41.6039	12.8407	19
40.1112	-91.0197	1
20.7924	-103.485	1
53.3165	-1.15553	2
-6.51474	110.771	4
55.5709	42.0482	1
-20.2664	-50.9477	1
56.5222	84.982	15
-7.61606	111.543	8
29.2039	-96.2761	1
40.3174	28.9373	3
55.2625	80.1014	1
42.0267	-93.6507	3
-29.2155	-51.9275	8
39.238	-94.6557	1
60.7962	25.4948	1
58.3396	12.9374	1
-25.7954	-48.7722	1
55.1559	61.3679	6
51.2714	0.36364	1
49.1692	5.88164	1
-27.25	-52.3158	1
-42.7831	147.045	1
44.9393	-92.8872	1
45.1776	-91.1619	4
40.5096	27.4964	1
40.1564	0.0452409	3
63.6871	34.6034	4
39.0404	-87.1472	1
12.9791	77.7149	3
36.6217	-119.307	2
-1.71186	113.698	7
23.6254	-102.558	10
-26.3075	27.9439	6
50.8704	-1.57792	5
-9.80088	-37.687	1
53.1216	7.17226	1
39.8865	-76.6002	3
56.8767	53.1966	3
52.3246	-2.04693	3
10.0554	-84.4352	1
40.0677	-86.4963	3
52.4581	13.5785	1
44.4496	8.88085	4
47.4037	-91.1224	1
-5.63676	-35.4174	4
34.4375	35.8334	2
46.8187	16.7547	1
13.5888	-89.2831	22
38.0034	-79.4209	1
-18.6366	-46.4172	4
49.3295	8.48703	2
-7.02902	-39.2958	1
37.4883	14.0579	1
-24.1099	-46.6553	1
40.4053	-76.0359	3
45.1366	-117.967	1
46.8699	-74.0858	1
-30.377	-55.1591	10
-17.4297	-39.8367	1
52.0509	1.20966	8
53.2218	6.56477	8
-34.0562	150.709	1
25.6325	-107.957	2
49.3967	6.98621	6
32.3635	-90.6881	1
42.7368	2.52309	1
52.1307	5.04223	8
53.1076	49.9533	1
51.7626	-1.58086	2
38.7588	-104.809	2
52.8471	-2.29813	4
51.7452	4.18774	2
43.679	-79.5148	5
13.0543	99.9416	1
-22.9947	-43.2395	23
4.43676	114.016	5
45.451	-98.4837	1
-27.613	152.884	1
-1.2252	101.741	1
41.0489	-80.3525	2
49.3598	1.79644	2
33.8695	-84.8215	1
-7.80254	112.093	4
-21.2456	-47.9783	5
18.7276	-99.3998	1
38.4312	-121.877	1
39.0705	-96.8364	1
-2.42837	106.432	4
1.46332	103.576	15
38.2483	-78.1265	1
-25.4665	-49.0602	11
43.451	6.79082	2
42.0183	11.8966	5
59.9541	11.0424	1
46.7807	21.1316	1
28.6123	-17.9072	4
15.6102	32.4604	3
34.1103	-117.342	16
-20.595	-47.3472	10
41.9512	3.13076	1
35.426	-77.8089	1
40.6884	-74.8604	2
32.3111	-90.1888	2
46.2746	11.4246	3
53.3342	5.87875	2
-7.14941	-34.882	95
22.3111	-100.956	20
45.0929	39.042	19
53.1958	45.0387	9
45.9047	13.3054	8
58.5534	31.2773	12
-20.3075	-40.4704	11
32.5286	-92.6343	4
32.5302	-92.122	2
-7.04882	107.129	1
-12.1581	-45.0061	3
55.7363	37.8489	8
59.4783	40.1079	1
10.2093	-68.0087	6
31.4014	73.1135	2
52.9094	-1.53846	7
-22.5778	-50.4376	9
38.461	27.2131	11
53.206	5.97229	10
19.1943	72.8163	5
47.8016	13.0411	4
5.64268	102.508	1
38.6637	-78.4605	13
50.7458	7.14477	1
55.5851	-4.48597	2
31.6346	74.8338	1
41.4188	-87.3448	3
20.5582	-87.1722	2
20.3296	-97.8959	17
39.6859	-83.9403	1
48.7202	7.71643	1
36.0975	-119.571	1
56.4652	-2.96344	6
-29.553	-52.2026	2
59.9383	30.4895	21
40.7051	30.3078	2
38.5451	-121.729	1
49.5095	5.75978	2
43.6859	-85.4813	1
20.0715	-100.745	1
18.8865	-99.4893	1
54.9996	-1.61042	11
29.8037	-90.4269	1
10.9316	-68.2784	1
-20.1139	-44.9368	6
9.4336	-64.4526	2
52.8294	1.39705	6
38.5055	-1.69434	2
5.20413	96.6596	1
41.6566	-83.5743	21
-22.6804	-47.0163	8
-7.22418	109.86	5
-8.9356	-36.4725	1
-6.74538	-38.2186	9
41.8056	-72.2508	1
51.8231	107.584	2
39.9586	-75.9209	11
-38.5392	-72.4473	1
1.67996	101.448	2
29.8664	-95.332	25
-33.9153	150.931	3
-3.74566	-38.59	117
28.3422	-81.3648	7
37.7039	-77.4909	1
-22.5918	-47.3616	6
-3.48345	104.101	1
57.2084	25.2601	12
40.4583	-96.3689	1
43.7065	-80.4801	1
8.68996	-82.4509	1
52.4046	-4.00698	2
55.0302	59.5907	1
-24.6098	-47.4528	1
34.3107	-83.8363	7
50.0463	20.0057	8
41.7076	-85.6127	4
38.1944	-84.8552	4
52.1455	-9.86933	1
-20.2804	-40.2928	35
43.9303	10.9369	2
36.5867	-119.447	7
53.1305	4.81761	2
52.7141	-1.37125	5
42.2488	-89.0871	1
44.105	-79.4658	7
29.2116	-81.0254	7
33.4153	-111.685	3
33.0473	-111.367	6
32.215	-98.2162	3
40.1847	-3.68792	19
52.5699	6.53484	14
53.5399	-112.681	1
34.5854	-118.101	9
35.2945	-77.5904	1
17.8038	-97.7842	1
43.6063	-84.0877	1
-29.5606	-53.7644	1
18.564	-96.1485	1
-23.5325	-47.1359	5
28.6112	-100.442	2
46.6755	4.35495	1
33.8891	-117.324	3
52.0608	-1.95727	1
45.6391	-122.619	1
30.1565	-115.58	1
68.6083	27.4192	1
18.1355	-94.4325	12
59.6493	16.6002	1
34.7519	-92.1312	3
35.3899	136.29	1
50.6981	-1.29448	2
47.3135	8.53035	2
-20.9119	-48.6861	1
29.8561	-95.4748	26
38.2206	-77.7833	1
29.0952	48.1332	1
52.0748	23.7265	1
-8.22307	-78.9491	1
19.0322	-98.1543	58
41.2305	-85.7906	1
35.5633	-95.2509	1
7.22068	116.883	1
40.9654	17.1089	1
40.305	-4.5112	1
37.496	-77.2773	1
53.6215	-2.17082	5
-20.4603	-45.4244	2
35.6628	139.427	6
3.01697	-60.6432	20
47.4269	8.6711	1
-7.29068	108.004	1
39.168	-8.57546	1
-7.66334	110.275	2
5.70498	100.439	19
-29.8768	-71.2471	9
45.1976	7.91485	1
3.3821	-76.5294	4
43.0174	-82.5016	1
43.6842	-7.50388	1
41.6849	-70.8998	1
50.5289	2.8929	3
37.7783	-79.985	1
30.0029	-95.2667	5
-7.04247	109.624	9
-6.72789	108.407	1
10.3947	-66.9699	4
36.1434	-97.0826	2
34.7756	-81.6506	1
29.6417	-82.363	1
-6.43874	106.702	18
-18.4885	-70.2961	12
7.4116	-73.5131	1
50.8774	5.96095	19
-20.7841	-42.2826	1
42.4429	-76.4984	2
-28.3542	-53.5479	3
-21.5453	-42.6605	5
-30.0997	-51.1593	297
60.4797	25.1039	5
52.0286	5.38838	2
50.7764	19.1525	1
35.9704	-80.0014	2
12.9348	100.883	1
18.8954	-98.4327	2
43.2118	140.995	1
51.0768	13.7725	2
38.0401	-78.485	1
41.4177	-75.6063	2
4.97249	8.35451	1
54.661	39.7144	10
47.31	-95.9596	1
41.1252	1.26876	4
39.9421	116.396	2
57.2464	22.588	2
50.7888	0.0393991	4
3.52512	101.908	1
48.8383	-0.889377	1
-21.708	-43.4227	68
29.3257	-98.5514	3
-6.59704	106.77	53
38.0072	-121.289	3
43.1372	-80.2764	3
42.3133	-88.0327	9
39.5866	2.6744	10
-1.29939	36.7698	12
-33.9076	25.5553	2
48.4975	32.2543	1
22.1381	-100.995	1
26.2633	-80.2596	3
-0.313978	36.1551	5
43.8274	-83.2575	1
45.6127	9.38089	1
55.7874	38.4574	1
42.9927	-78.7588	2
51.5077	7.47031	2
37.7632	-81.8256	5
44.4808	-81.1498	1
27.1501	78.064	1
30.335	-95.4527	2
-17.7901	-50.9294	3
45.5811	-94.3939	1
4.08487	9.67357	1
19.7819	-70.7002	1
-20.5973	-40.5401	4
53.8438	-1.85079	43
39.2174	34.8449	1
19.3515	-97.897	1
35.7622	139.544	29
5.84809	5.73204	4
53.3933	-2.91859	48
37.7886	-3.60438	7
27.9926	-82.7474	2
43.3511	-4.05138	2
-33.4087	-70.7358	57
45.6987	8.46136	4
34.7077	-120.47	1
-7.32461	108.384	1
45.5346	-59.3287	2
-9.71929	-35.9061	1
53.1739	-1.17896	1
37.6529	-120.991	3
4.81868	114.669	1
-25.6573	28.0972	1
27.9411	-101.135	1
41.5597	-75.7746	1
38.6484	-8.51835	6
49.5625	2.58281	1
41.3605	-85.0871	1
1.44387	125.193	5
34.5261	-117.223	5
30.2192	-85.8576	2
45.1751	-72.7785	1
47.8171	35.1745	3
57.3322	34.8654	1
-7.32762	109.587	3
38.6477	-83.8687	1
21.0686	105.787	1
53.2961	5.02968	1
13.9244	-86.1294	1
-28.4896	-54.2782	6
-5.79931	-35.2215	148
-22.6095	-43.1602	4
51.5599	4.7649	6
-6.08007	-37.476	2
50.907	-1.40461	8
52.2455	15.5315	1
-23.086	-45.5067	45
52.4949	-1.88125	27
36.689	-79.6122	1
-29.7528	-53.8242	19
41.8583	-71.5277	1
51.0097	5.83185	4
60.1479	15.3916	1
40.2875	-85.8332	1
30.0608	140.596	2
60.9446	76.565	1
-22.4378	-46.9978	2
-23.7494	-49.6565	1
53.4199	58.9824	1
-23.195	-50.639	5
-18.978	-49.4897	2
-15.821	35.0252	1
42.9332	12.3883	3
56.4042	39.0419	1
-7.01834	109.793	3
36.3211	-94.1209	1
45.552	-73.7359	22
51.2517	1.12714	5
30.4344	-88.8153	1
52.0673	4.48264	12
51.3315	4.08017	1
60.2971	17.577	1
50.8051	5.80024	12
50.6125	-3.65302	5
50.9199	-2.26014	1
42.2932	-3.84837	1
41.8588	-90.9234	1
36.5855	-119.632	1
-0.587732	111.388	12
5.887	116.05	2
41.3102	-81.1434	1
-7.88924	110.159	2
49.9077	22.3483	1
41.251	-81.3243	2
43.8674	142.682	2
36.048	-90.5157	2
-21.3838	-51.6013	2
29.5604	106.456	1
-3.33532	114.594	5
18.4568	-66.5522	1
38.2019	-90.4205	1
52.339	5.63554	1
34.245	-77.9397	1
-6.32444	-35.5184	3
52.3851	-2.27787	14
-6.32962	106.086	1
52.9933	-1.16315	20
35.202	-101.798	2
51.416	0.568141	3
25.0749	102.666	2
39.882	-83.928	1
48.5973	-3.82266	1
48.9204	2.31398	39
44.5469	10.7681	4
39.6375	-79.5803	1
52.5184	-8.76132	1
37.0046	-85.9195	1
-22.6928	-45.5382	2
28.2478	-17.14	4
29.7556	-95.7383	11
37.3591	-6.31102	1
32.4731	-86.4388	2
-8.0436	-34.9394	263
41.4139	-75.3569	2
36.8834	-82.7409	3
10.4799	-66.8256	11
-9.12833	-70.3057	1
-36.847	174.762	5
-36.7374	-71.0353	411
38.4105	-76.8517	2
40.6331	-89.3985	1
-20.5187	-48.6196	16
38.0934	-3.62617	8
-5.40065	-47.5474	87
-21.7271	-50.9621	1
39.6946	-4.01866	1
4.73241	-74.3417	1
41.4912	-71.3215	2
30.4444	-97.6314	7
-21.2068	-46.9548	1
-21.88	-47.6506	1
57.6834	-2.02078	1
-27.3823	153.116	2
-22.7449	-42.2907	19
-15.4552	-55.8425	22
52.278	-0.714253	3
39.9566	0.263752	2
40.4147	-75.6113	5
2.94886	101.77	66
53.5609	49.0102	1
48.6839	6.11844	5
5.31691	116.152	1
47.0408	-122.893	3
44.1454	-120.583	2
52.9704	36.0825	3
23.7029	120.427	1
50.3881	-4.11457	17
41.6821	-92.9847	3
-26.2617	-48.9665	108
41.5466	-93.5925	3
3.63298	114.533	2
27.4803	-99.5132	1
45.3987	11.8908	14
25.2442	-103.233	1
34.7791	32.4336	1
42.5679	2.32122	1
19.3147	-99.0914	274
52.1983	18.6361	1
19.6007	-98.8937	1
-11.772	-55.4066	1
42.6418	-84.7083	1
50.006	36.2396	2
45.4533	4.7654	2
38.1716	-79.0055	1
43.9779	-83.9717	1
52.5443	5.53126	3
46.0957	-100.628	1
43.1998	6.00046	1
55.7534	36.9753	1
37.5321	126.846	1
33.6107	-93.3787	1
52.4733	-1.6677	3
50.4594	4.85369	1
23.0304	72.5274	1
-19.2764	-48.9094	1
45.015	7.66333	14
39.9051	-86.0621	8
-23.4375	-45.0846	5
42.3147	-87.8633	5
48.3734	25.6818	1
30.2036	-85.6033	13
48.3368	10.9017	2
1.50099	103.739	100
42.6786	2.90885	1
26.0735	-97.4721	1
-26.7642	-51.1084	5
61.4624	23.8953	3
19.7574	-104.306	2
-8.1851	-36.0151	5
5.62564	117.104	1
-29.1689	-51.1754	4
41.3511	-82.8495	1
47.3336	-122.274	2
59.366	28.1106	7
56.345	25.5605	1
-22.9195	-43.0731	39
47.1946	18.4412	1
-23.8963	-48.8749	4
-28.487	-49.0457	5
38.4137	-75.0558	1
40.9045	-85.1376	2
29.881	-95.6657	2
36.3536	-82.21	1
54.1125	-126.558	1
47.1459	-95.1526	1
51.4286	5.39668	11
-14.4692	-44.4627	1
18.1957	120.587	1
57.7482	12.971	1
52.9964	6.98064	4
50.3655	3.52677	6
33.891	-118.029	27
-5.22985	-36.5604	1
44.3978	-122.73	1
23.8416	91.2824	1
31.1099	-97.7881	1
38.5384	-89.8741	1
37.9834	-1.12989	24
-22.0587	-48.7344	6
-6.30234	107.155	6
25.535	-80.3961	2
51.5517	-0.724493	1
51.1349	-0.177367	2
51.6793	39.236	27
40.9589	-78.1239	2
42.6189	-6.72657	3
-2.96616	-40.8077	1
30.6256	-110.978	1
-8.63314	115.245	63
30.9373	-91.4009	8
45.1581	7.3865	1
37.7404	-84.3002	1
35.1546	126.847	1
-7.56067	110.844	31
2.35901	102.182	9
38.339	-81.6727	6
1.73497	103.887	5
-30.7883	-52.2777	1
52.6256	-1.15246	17
50.0981	4.01465	1
35.1038	-110.997	1
49.3736	-0.899311	1
43.6073	4.86874	3
41.3317	69.358	2
44.2672	142.403	1
-23.2839	-47.6766	3
10.065	-65.0214	4
47.2611	39.628	25
35.4633	-80.5898	1
42.1134	-96.3564	1
6.4962	3.34556	14
42.8807	-83.0265	1
53.1089	-0.922045	23
-24.4399	-50.7457	6
41.7208	-87.7018	13
42.4833	-82.9673	3
33.0931	-96.9011	21
44.6562	-63.5925	2
-33.9996	151.068	1
-6.89035	110.651	2
34.6838	-82.8164	1
33.9977	-81.7906	1
34.1998	-88.7168	1
17.3917	-99.7242	3
41.0474	-80.914	1
5.073	103.01	1
39.1098	-121.394	1
-36.0658	146.946	4
41.7906	12.4479	1
44.7302	-0.15762	1
46.1435	-122.966	2
45.8586	1.23198	9
42.0382	-74.1195	1
51.6684	-3.92903	2
38.3628	-82.2775	1
5.31312	-3.99087	3
41.1104	-81.0951	1
32.5983	-96.7676	2
38.069	-90.5715	1
39.9781	-79.6134	4
39.4334	-76.2691	2
55.1254	73.3788	9
42.6725	-71.1804	8
53.917	30.3118	1
38.4458	-83.883	1
55.608	-4.68096	6
39.0428	-94.6446	13
-21.5472	-45.4409	8
30.7949	104.159	1
39.7865	30.512	1
40.5147	-8.5452	1
-22.8211	-50.2294	7
37.0987	-8.68145	11
50.3148	18.7951	1
41.5698	-87.3948	4
52.3373	5.77992	2
-13.3766	-41.358	5
51.6661	-0.0841689	7
-32.4029	-53.3233	1
44.7446	-0.690964	1
13.7237	100.476	7
13.8715	100.585	4
-23.1538	-50.3434	1
48.0239	-1.74696	5
52.5023	13.3755	13
53.1638	-2.73732	1
-15.5585	-56.2538	1
21.4008	-157.979	2
18.1163	-66.1405	10
42.5809	-83.8955	3
49.4555	-1.78797	1
41.6993	-8.47961	1
-22.803	-47.4357	36
-6.819	107.139	3
19.0707	-155.757	3
36.0012	-77.8129	10
5.29528	100.291	5
56.0919	-3.92538	3
35.1705	-79.861	5
43.1058	6.11597	1
14.7442	121.017	4
38.9538	-92.3394	1
1.5999	100.969	1
31.2434	-90.4729	2
-15.7763	-47.7966	299
-5.54427	119.712	1
-22.8871	-45.4893	5
1.29724	101.178	1
-22.866	-47.7365	2
38.497	-89.1439	1
48.3318	3.09309	1
47.553	7.57859	1
40.8083	29.4679	3
42.4709	-87.8591	2
59.8729	29.9006	1
-24.018	-46.5015	44
41.8401	-94.1166	1
19.6014	-90.3361	13
38.8698	-82.8356	2
-19.0577	-56.6532	1
48.5857	2.58094	11
31.5729	-84.1658	1
9.91453	-84.5311	1
-0.891505	34.7287	1
41.065	-85.1273	10
49.2436	6.98279	1
42.7797	20.4893	1
-29.0688	-53.233	1
30.473	-89.0839	2
18.9457	-98.9802	1
33.4681	-86.9024	7
51.5265	45.9785	19
60.0144	16.0396	1
51.3818	8.1494	1
32.6909	-81.9224	1
51.8291	4.99786	5
47.4738	-122.223	1
53.5203	49.4315	3
55.0122	-3.44687	1
-0.0230596	109.329	14
35.5786	-88.3856	1
-24.0958	-46.8159	5
-27.6364	-52.2459	4
49.4117	1.04164	6
39.802	-75.0479	4
-25.9176	-48.5697	1
20.4447	-97.3244	1
46.2267	2.20912	1
35.7157	139.931	2
-6.16896	106.827	688
53.316	-2.65377	9
21.4464	-98.8689	1
32.2341	-95.8521	1
27.6986	-83.8046	5
47.3143	9.62021	14
26.1682	-80.1078	7
40.1236	-77.2367	1
-29.8312	-51.8879	2
42.8738	-85.5989	12
36.7783	-119.418	3
-4.01436	-79.2037	3
-20.0545	-43.4527	12
51.367	0.0664171	7
39.5133	2.47464	2
31.4523	-106.568	2
30.0718	-95.5156	5
-25.3045	-57.3986	1
57.0957	65.1556	2
51.1107	-2.99974	8
41.8984	12.5451	33
62.0549	29.9463	1
51.9375	15.5098	2
3.17427	113.053	5
36.6136	-84.4379	2
53.5197	-2.04633	9
4.20911	103.437	11
4.82842	100.769	2
41.5116	-89.0562	1
44.467	11.1998	5
51.728	8.76856	1
46.5949	-92.5727	2
-16.2515	-47.9597	1
31.4456	-85.6408	1
50.2465	5.33758	1
37.3272	127.118	2
52.2679	76.9797	1
44.0258	-117.0	1
18.8823	-96.926	4
51.1837	2.93167	1
39.658	-8.69251	1
55.6083	38.0755	3
33.6924	-7.39408	2
37.3781	-76.773	1
48.5083	-122.245	1
49.0874	0.498194	1
44.6008	34.3735	1
40.0843	-80.6911	6
37.1597	-93.2769	2
41.2798	-75.8524	3
49.1846	-0.372109	7
-12.2001	-39.0645	2
42.2779	-8.81632	12
51.0617	-4.13772	1
19.8932	-99.3574	9
59.425	24.7382	6
3.07533	101.844	4
54.4893	-6.77766	1
34.5847	-120.137	1
52.002	-0.992498	2
56.7426	37.166	1
42.0851	-83.6809	6
52.2328	21.0607	28
-6.54393	107.453	8
47.0148	142.67	4
41.2679	-80.8348	4
-17.8586	-42.5919	1
-23.239	-47.5175	2
43.4931	-112.036	1
4.67901	118.245	1
34.1662	-106.026	5
44.8663	-0.573196	6
46.734	16.4094	1
41.0452	-76.016	1
-27.0571	153.147	1
39.7547	32.4448	1
-21.112	-42.9762	2
-21.6468	-49.6923	7
-7.52078	-35.3209	6
26.431	-97.787	1
-20.0904	-41.1119	11
38.4172	-78.7156	6
33.7914	-118.156	11
42.4282	-8.62728	12
34.2247	-84.4752	2
40.8481	-8.46797	1
1.00185	116.394	16
45.8592	11.0604	1
56.1598	50.5986	2
29.362	-90.703	1
2.72376	102.224	6
35.1529	129.04	3
35.5289	-108.76	1
-15.7182	-43.4193	11
-15.8278	-48.1291	26
-22.8437	-47.2618	28
-27.5678	-52.4354	1
34.1173	-94.0178	1
44.7115	-93.2835	1
47.1369	9.05923	1
35.2035	-80.836	33
43.7896	-89.3224	1
-27.2422	-52.0333	1
-28.4795	24.6701	6
-7.16178	112.651	458
46.3946	6.54024	2
35.153	-81.9347	1
61.1089	-149.44	2
0.514669	117.536	2
51.9726	4.93596	1
51.1595	4.82911	1
6.24029	100.6	1
54.3197	9.96988	1
10.3937	-71.4474	1
2.09982	99.8326	1
43.2362	-71.1287	1
51.7048	-4.13592	2
-2.63757	-80.3853	4
43.9449	0.652523	2
-21.7916	-51.8625	1
23.3347	39.9188	1
46.3178	-119.985	1
26.9184	75.7843	1
43.6293	-79.2725	33
28.6361	-100.148	1
8.0984	-80.9879	2
51.8533	4.53698	9
33.4312	-82.0648	4
43.0897	12.4516	8
54.777	49.9181	1
18.3606	-92.6592	1
36.418	-119.098	1
-13.3341	-43.2735	2
9.929	-84.0668	16
48.7267	2.6614	7
33.0626	-84.1614	1
40.4331	-104.754	3
61.2734	73.4332	18
24.6625	-107.342	8
15.7594	-87.358	1
35.0943	-97.4224	3
-27.8586	27.2105	1
43.4088	-3.43313	1
-3.30512	102.844	1
40.8497	-89.0362	1
46.1778	10.056	1
-37.8887	144.625	5
34.4564	135.576	5
56.0229	92.8965	13
38.961	-3.97836	2
6.68508	-1.60927	1
6.73413	-71.3237	1
-22.2718	-46.1638	2
56.2339	-3.1437	8
53.0959	6.08418	5
51.3967	-3.34333	1
-22.442	-44.5232	8
42.4131	-85.0966	1
33.6671	-117.66	2
-4.17798	121.613	3
59.9327	11.2539	1
3.40973	102.038	1
41.082	-76.8604	3
35.7876	-78.3678	1
-20.7065	-48.958	4
41.0293	40.5451	1
35.4938	-99.015	1
37.9484	13.4168	4
46.5906	-64.9943	2
43.3305	132.105	8
0.29477	34.7499	1
32.9443	-103.351	1
50.7207	-1.87568	2
40.4165	-74.4465	3
55.4694	9.45451	1
32.6006	-85.4862	1
48.9174	11.408	41
42.1495	-80.0145	2
42.8059	0.561362	1
28.16	-80.6488	3
11.0239	76.9073	1
35.7157	-86.9756	3
-28.0381	-48.6607	1
-3.8199	102.291	3
36.1507	-81.0686	1
26.1265	-97.6399	5
52.7223	-2.10142	2
21.4774	39.9151	5
38.9979	-105.554	1
30.544	-96.6874	1
33.9564	-91.3851	2
-23.8305	-49.4279	1
53.9657	-1.07168	4
36.9189	-111.466	1
-8.20924	-36.7124	2
-23.7873	-50.296	1
30.5964	-96.2957	4
56.8155	60.6136	42
-2.54526	118.03	4
59.9394	30.0922	47
33.952	-83.9983	2
19.2971	-70.2568	1
38.2837	140.317	11
26.3618	-81.7963	2
-26.043	-53.0532	11
-26.8549	-58.3088	2
1.56806	110.038	4
39.9773	-75.2366	47
38.7447	-77.487	4
40.0644	-79.8867	1
36.6376	-87.3675	2
25.6412	-100.294	73
42.4575	-92.2473	1
49.4751	-2.57918	7
51.6443	0.0787538	5
-37.6676	-72.0187	1
-9.99977	-68.2655	6
44.8592	1.70575	1
50.652	-4.03372	3
55.2992	36.1834	2
-21.3208	-50.2002	3
-3.69091	103.792	1
56.995	40.9841	4
38.7429	-76.8957	5
54.5495	36.2193	11
-24.2655	-49.4177	1
39.0261	-86.9358	1
36.4642	-82.4018	1
-24.1265	-52.366	6
36.8428	31.0916	1
41.6136	21.7433	1
39.7536	-84.6373	1
33.3692	-86.7626	4
51.3511	25.9295	1
30.2351	-96.0474	1
32.5692	-116.635	1
-20.785	-49.3592	70
-7.69158	108.655	1
56.6424	40.3355	1
43.7815	-88.4513	5
31.9743	-81.2281	1
5.51177	95.3108	9
37.7241	-89.2091	1
48.7769	-3.55584	1
27.9944	-82.4681	3
53.5927	-0.575417	35
30.4509	-81.6538	11
32.8352	-96.144	21
6.94919	126.224	2
46.6898	-72.881	1
52.5663	-2.16614	37
33.9246	-93.5598	1
43.0062	11.9436	1
-27.3225	-48.5438	1
45.702	5.88663	1
0.754108	124.313	2
42.1039	-88.3352	1
59.5473	30.8645	1
50.3982	8.06646	1
49.2394	6.09919	1
39.8249	-83.1504	2
45.868	-120.288	2
49.44	11.1354	2
1.42922	110.333	18
33.2283	-8.49056	2
32.0593	-81.104	1
35.0715	-78.9175	20
47.6728	-117.412	9
-7.74767	-35.2235	2
32.2545	-107.759	1
59.0838	17.5272	8
52.8647	40.8493	1
20.6709	-99.8958	1
-25.6472	-49.0572	1
53.6799	-1.49772	8
-24.4945	-53.3	3
-30.2086	-53.5499	1
45.3441	28.808	6
40.8759	-75.7298	1
40.3709	-80.7143	1
51.7734	19.4806	7
40.289	-3.79186	34
6.89258	79.9812	136
38.3183	-77.4992	1
-23.1418	-44.6958	2
45.8527	-74.0629	2
32.6577	-97.0025	6
54.5953	-5.86927	10
-23.54	-46.3466	18
-2.57242	-59.9803	524
2.86881	102.469	2
-29.5985	-52.4412	3
45.5718	10.1771	11
33.2692	-85.8352	1
36.5772	-79.4131	8
56.9715	24.1287	34
43.1619	-86.2632	9
42.2885	-83.7515	4
45.6318	5.37364	25
20.0567	-99.3846	3
38.5833	-80.8955	1
34.8272	-95.8439	1
-13.5231	-71.9473	1
60.2756	25.1073	1
36.9646	-82.5534	1
-28.8449	-52.8653	1
38.8048	-77.237	27
45.8101	15.9025	2
44.851	0.657704	1
40.1471	26.4286	3
42.8506	-2.69861	7
27.7709	-15.5548	7
29.2149	-98.8089	1
-18.3797	-49.4663	1
40.6745	-74.1991	33
7.74266	-80.5406	1
-22.2295	-49.6901	1
36.7497	-5.77307	3
33.9801	35.6378	13
-33.5376	-70.6066	39
48.8292	44.7576	3
-9.02805	-42.652	19
30.0204	31.2285	20
-29.5988	-51.0922	22
30.2493	-93.1528	1
-32.1821	-52.1717	2
30.9297	29.3351	1
30.207	-92.0612	1
-15.8406	-47.9784	7
-22.4337	-51.6517	1
-21.2637	-50.3531	1
50.5519	40.1681	1
39.8635	-77.0543	1
45.3231	9.36708	4
42.3835	12.0632	1
33.7553	-84.6588	2
37.2968	-121.817	9
48.0665	-122.178	1
52.3995	16.9063	2
43.7512	7.4129	1
-10.1952	-48.3187	3
-4.76983	-48.0446	1
33.7137	-85.8228	1
38.2604	-8.57582	1
44.8163	20.5038	1
44.617	-76.6916	1
45.8555	9.39481	1
34.8421	138.135	1
39.8873	-80.7441	6
-7.25322	112.766	53
38.925	-76.7311	3
47.1829	6.00776	1
-11.6582	-48.8745	1
1.10101	104.051	12
50.7987	-2.07613	5
-22.812	-46.2762	3
60.9716	25.689	13
56.8423	62.7206	5
-7.00267	-43.1151	1
6.34649	5.60011	1
48.7839	2.21609	1
55.795	49.0696	18
18.181	-66.2706	1
0.631816	101.416	12
40.7594	8.38725	2
-7.96043	111.037	1
-6.32798	-37.7136	1
20.5227	-100.772	7
-21.6987	-45.2245	2
40.2304	-83.3921	2
51.569	5.47186	5
48.8524	2.49321	13
51.458	6.72819	2
51.0792	1.17685	1
19.5421	-96.8861	8
40.5668	15.0018	1
28.5414	-81.2858	1
37.0898	-86.3577	1
35.0302	-106.953	1
36.0511	-119.031	1
34.4428	-86.9503	5
38.19	-83.4751	2
-22.9088	-45.2346	9
52.7277	6.51833	4
25.7167	-80.4419	8
52.2286	5.95	6
20.3742	-90.042	2
43.3207	-1.79059	2
53.5272	-2.57256	7
34.8018	-92.2683	2
41.2819	36.3425	1
-21.2475	-43.7915	3
33.9112	-6.96928	10
53.118	26.0243	1
55.9369	-4.81942	1
62.0504	129.752	9
54.782	31.998	4
35.3236	-78.6539	2
42.4543	-6.01737	2
40.3443	-75.8732	16
45.8459	40.1163	1
53.1185	-1.60029	1
30.033	-89.8826	5
40.8302	-5.27993	1
-29.1018	-54.7498	1
-22.8159	148.705	1
-21.9643	-51.3537	12
49.2644	-84.7477	3
-17.7383	-49.8856	2
14.9666	-91.7885	1
40.8207	-80.3604	1
-29.0227	-51.2341	1
20.941	-89.6236	30
36.9126	-80.5546	2
40.6155	-79.1559	1
42.4618	-79.2894	1
55.6168	-2.82324	1
56.0897	12.7645	3
47.9294	20.3914	1
-8.12448	113.227	1
50.716	-3.48514	7
34.1817	-118.61	7
42.8158	-1.6496	7
27.7456	-98.1253	1
-29.5883	-51.3433	6
-7.82084	110.922	2
-20.1205	-41.5841	1
-3.06316	-60.0155	124
17.3421	-99.364	6
37.3709	-121.968	4
30.7751	-84.0666	1
56.0732	23.8558	1
50.9576	6.96746	4
42.115	-85.4221	1
-23.5594	-46.1857	14
-6.88677	-38.5497	1
41.0525	0.906135	2
30.2978	-97.7534	10
42.3027	-85.215	2
7.72226	8.58209	3
52.6983	5.21271	4
33.1258	-91.9615	15
60.5082	30.0683	1
50.3818	7.60844	2
38.6385	-77.3233	4
37.5717	-4.63799	1
60.2606	24.0141	2
-25.3386	27.1866	1
-3.0098	-55.195	15
43.8096	-89.1173	10
34.9998	-80.5847	3
42.2403	-96.4728	1
-3.81337	114.787	1
54.8912	10.7142	1
-7.44387	109.709	1
-12.0962	-77.0067	12
37.541	-6.31199	5
-7.542	112.573	4
23.6313	-75.9313	2
1.45991	103.403	2
55.8852	38.0763	1
51.7215	36.1846	1
5.73558	117.803	1
45.7869	3.11269	1
36.7296	-120.072	4
-22.3082	-54.7784	1
-29.7416	-51.1403	41
51.1924	4.58687	1
43.3243	-0.379848	2
51.7092	-3.34541	1
39.2288	-76.8096	7
58.5849	16.1845	1
33.9986	-117.43	16
48.341	39.9838	4
38.8355	-9.36057	17
41.2927	12.5735	14
48.0582	-0.76928	1
37.8484	27.8301	1
38.7228	-75.1415	1
28.6304	-106.069	1
-22.2387	-49.1125	9
31.5566	-97.1978	2
40.341	-74.2941	1
7.1991	111.876	1
30.049	31.387	5
39.1695	-89.6657	1
-22.5568	17.1098	4
42.296	-83.9558	1
-33.0233	-71.6413	7
-1.66242	-78.6611	1
57.2047	39.436	2
40.7887	-75.6087	1
38.8151	-77.0909	5
24.3906	54.4964	1
41.2463	-81.8228	3
14.8606	-91.521	3
47.072	-122.314	4
10.0655	-69.3398	22
-22.985	-47.5033	1
40.0387	-3.60411	1
42.6643	-8.11885	3
28.8384	-99.8534	2
40.6419	-74.387	8
55.0811	36.6037	5
56.3272	38.1522	1
19.6283	-69.9035	1
41.2049	-122.273	1
5.80767	102.002	1
41.4214	-85.7437	1
39.0131	-95.7008	1
31.6888	35.7069	1
18.7209	-99.2437	5
32.6574	-114.485	1
43.9389	17.5786	1
49.0327	7.94707	1
-12.4223	-41.313	6
-25.3335	-53.898	3
45.2545	3.20071	1
-28.3065	-53.9244	9
20.1889	-100.143	10
51.8781	20.8895	3
-7.54378	112.222	4
61.7464	50.8191	2
52.9756	-0.003937	1
-7.13476	112.014	13
25.7824	-80.2295	10
-23.042	-49.7425	1
5.96589	102.296	4
38.0723	-78.3402	1
36.8093	30.0184	2
49.1951	11.1317	6
41.6879	-81.3751	3
53.7568	-1.67764	1
45.4434	8.61637	4
47.5686	-101.26	1
31.7836	-106.334	7
-18.878	-46.1941	1
35.1812	-111.608	1
52.5431	13.1424	2
-25.4525	-49.5703	11
-7.31065	107.794	1
-6.24007	-36.4424	1
-2.61177	121.1	1
46.8715	35.3846	1
-17.9039	-51.7309	1
-8.12815	114.398	1
32.5711	-89.8764	5
-20.0759	-43.8929	8
28.1031	-15.46	10
7.16776	80.5783	1
20.7151	-105.276	1
6.4588	3.20446	1
37.7046	-5.2706	1
39.5287	-87.1248	1
35.915	140.095	1
43.2803	3.50011	1
2.89353	112.093	1
33.7277	-118.297	2
1.35164	102.152	10
3.57481	-76.6468	1
-20.7352	-48.5892	52
53.8192	22.329	1
-27.3005	-50.5744	1
32.3923	-80.6836	1
-25.4516	-50.0507	6
2.57615	102.045	3
34.269	-117.45	3
43.2297	13.618	2
10.3858	-75.4724	2
59.9724	10.7215	7
39.736	-104.916	6
-8.44307	115.193	4
38.7466	-3.4134	1
49.0605	142.061	5
44.4786	-78.514	1
44.1411	-84.7992	1
33.4705	-112.229	5
-34.1533	18.8671	3
42.9783	-83.7269	2
-7.1654	-36.7792	1
-22.7939	-51.5643	1
43.4802	13.2037	3
-35.1706	147.735	3
10.1753	-68.2613	1
40.5229	-87.249	2
31.7854	-93.6672	2
37.1195	27.2913	1
54.6577	-5.63615	1
33.1135	-96.672	1
55.3977	-1.69394	1
27.7255	85.3463	2
3.59339	116.629	1
6.62063	3.47702	1
51.3481	-0.480943	6
35.787	-83.5122	3
48.284	6.94495	1
-23.0558	-44.8942	1
30.3293	30.5141	1
13.6883	-89.1493	8
32.8207	-96.7315	16
35.4402	-95.9698	1
40.8822	-73.4097	3
-19.6047	-47.9692	5
41.2798	1.96995	1
42.4647	-96.414	4
-29.3327	-50.7817	1
44.7663	11.817	57
40.7059	-73.7794	16
29.7227	-95.3863	16
30.5857	-95.954	1
61.7359	34.4038	3
43.5448	-96.7388	1
-24.2813	-51.6175	1
68.954	33.1359	23
33.0813	-112.046	1
33.7401	-85.0249	1
32.7217	-79.9747	4
26.1763	-97.9819	14
39.0276	-82.0312	2
-28.2628	-52.4442	13
-23.9507	-46.2257	43
35.438	-105.982	4
-22.4173	-49.1949	3
47.1688	-122.452	8
50.271	19.1946	3
32.8692	-96.9409	12
41.8824	-79.1489	5
14.5884	121.182	2
-22.0619	-42.3393	4
-20.9953	-46.1229	4
13.7241	-89.7287	1
51.7027	7.83884	2
40.9147	-72.6637	1
18.2384	-66.0676	2
-34.5765	147.514	1
39.5337	29.489	2
32.8327	-83.6442	1
-21.491	-49.9037	5
29.7987	-90.7911	1
40.5347	-85.626	6
42.9179	-112.495	1
37.4391	-122.117	4
39.9538	-105.063	1
39.6438	-104.739	4
38.0643	-1.51597	3
-22.8314	-52.1547	1
32.1958	-86.4173	1
-7.9725	112.629	68
4.14261	102.077	2
-29.3292	-49.8051	2
36.5762	-86.8566	1
41.2266	16.2964	2
51.2128	-0.80565	2
34.5747	-83.3042	1
42.2856	-83.5189	1
40.5072	-74.8421	1
47.1772	-1.59246	3
0.709092	100.529	3
-36.2038	-71.8234	9
41.6693	-4.77951	7
36.7977	-98.6671	2
-19.604	-43.2996	5
42.9833	-85.7669	5
59.211	18.3212	1
34.8384	-87.6337	1
56.2246	101.664	2
43.6411	6.86631	1
34.8333	-82.3692	2
42.2589	-71.0155	17
38.9953	-0.220727	2
42.7915	-70.9695	4
26.2106	-81.7751	1
-6.74202	108.555	7
51.3364	0.808984	135
-9.75808	-36.6473	1
-22.8952	-47.0303	106
6.43416	100.27	21
-3.32095	104.082	1
41.3651	-4.12284	1
-22.9365	-46.5619	7
-7.27359	110.458	7
57.6633	12.2899	1
37.6319	-0.720446	3
37.6111	-1.01059	26
42.071	-83.256	1
32.8395	-85.1973	2
43.0613	-75.3089	3
-34.8223	138.718	1
47.9527	-124.386	2
35.1601	-114.569	1
-27.6534	-51.0923	141
33.388	-84.569	2
-20.337	-47.7802	1
53.1826	5.81839	17
-23.1523	-47.053	7
40.5857	-80.0387	2
53.6042	-2.42491	4
28.0948	-17.1674	1
41.5405	-8.41078	4
39.0339	-83.7159	1
-27.0294	-50.8445	1
32.9473	-94.3688	1
36.1007	-79.839	6
34.599	-82.0636	1
-7.18116	-39.2756	3
-6.6989	111.305	1
45.1713	18.0347	1
-24.6146	-51.3215	2
-6.81842	108.224	1
-22.4758	-46.6045	1
47.613	-122.342	34
54.31	10.1351	2
37.7295	-121.635	1
-22.6677	-48.8123	2
46.1621	-1.17657	5
-29.9856	-71.3429	1
52.9529	-1.98672	3
9.97363	76.5992	1
35.9741	-115.164	18
28.5534	77.0866	10
-3.27014	-79.9657	17
37.4358	-4.19537	1
51.8554	-114.522	1
20.9691	-101.43	1
51.7191	-102.415	1
-23.7108	-46.4227	151
30.5363	-94.9722	1
36.8048	-6.29987	2
61.6273	23.1618	9
31.9794	-102.064	1
38.4444	-81.4696	1
-24.8055	-49.8727	7
59.3942	18.6174	2
-22.8383	-48.5474	5
-30.1649	-51.4437	7
37.609	127.134	1
58.8909	55.6322	1
54.4973	-6.08776	2
40.1182	-88.2714	3
19.4742	-99.3104	61
-30.5529	-53.4955	3
44.3212	-61.8117	2
-22.4704	-41.9413	4
36.7919	-108.693	1
32.5036	74.5215	1
53.3596	89.9062	2
42.642	-95.2096	1
26.8782	-101.221	3
32.335	-95.2833	3
54.3314	-5.79557	1
7.44476	3.89869	4
54.4611	17.0282	6
54.0874	18.6901	1
56.8729	24.3542	2
2.91037	101.303	1
41.3916	-73.7197	1
48.8221	3.08861	1
42.2867	-84.9563	1
20.8765	-100.884	2
4.86127	-74.033	1
53.6967	10.241	1
46.5192	-118.124	1
6.01225	116.396	18
38.9172	-78.1871	5
40.854	14.2435	13
53.9054	27.5866	9
41.2598	-72.8689	3
-7.51245	109.035	1
60.6712	25.2853	1
40.4962	-3.36562	2
4.7782	103.421	3
12.8907	74.8356	3
2.04811	103.382	112
34.0485	-81.1503	1
28.9789	-13.5595	1
59.9341	30.3287	134
-6.91833	-36.8987	1
53.644	55.9553	3
59.0018	61.7094	1
33.9482	-80.8178	1
-24.3154	-46.9995	9
20.5125	-86.9495	1
54.7042	20.472	4
34.183	-86.0976	1
39.3143	-81.5291	2
5.03674	103.292	1
55.6168	51.8704	1
29.4326	-94.909	1
22.4648	71.2644	1
38.8734	-1.08899	1
10.3421	-84.4342	3
38.6682	29.3954	1
40.0724	-83.2843	1
-10.2485	-40.7399	3
19.7043	-155.07	2
32.3186	-89.161	1
41.023	-76.3092	1
36.6727	-108.09	6
42.003	-79.8075	6
41.8972	-87.6267	6
49.7471	0.415592	3
-28.7189	-53.5192	10
39.3501	16.1975	1
52.1331	1.41994	3
19.3125	-99.2622	1
42.3154	43.3569	3
20.0301	-102.265	1
3.30508	103.121	1
-37.8309	144.946	6
32.1934	-94.1947	1
-51.734	-72.5002	1
37.1753	-93.4241	1
55.297	-2.07469	4
23.2438	87.0624	1
-28.3896	-54.8743	3
26.2028	-98.2382	10
33.3507	-110.469	1
41.8401	-0.894539	1
39.9014	-6.28302	3
57.4588	9.9976	1
25.9422	-97.4152	3
-25.0343	-47.9877	2
16.5653	-95.0986	1
47.1612	19.5059	2
47.8261	-0.73591	4
-6.48883	108.132	1
41.2788	1.49942	2
-23.1295	-46.5728	31
33.8747	-116.498	4
19.9404	-97.9612	2
40.2097	44.5043	2
39.4007	-9.10914	1
-8.10163	112.165	1
24.6882	46.713	9
14.8286	120.287	1
33.4628	-94.0074	1
42.567	-6.4486	2
45.25	38.1256	1
-24.9371	-53.4138	6
42.9904	-7.57063	3
30.1082	-81.9118	1
-20.9392	-48.5262	1
-34.1819	-70.6897	3
-23.2981	-47.2769	3
51.26	0.193376	1
31.5087	74.3376	2
52.3948	6.26707	1
39.1451	-75.3867	1
-2.87612	-40.496	3
38.6016	-90.5869	2
38.9244	-94.7301	2
38.2726	26.2618	1
54.104	22.9291	3
52.2844	6.44019	9
34.5791	-82.5749	1
60.7003	17.1533	1
5.03401	118.366	1
53.0166	5.67323	5
34.7742	137.358	2
50.5403	137.02	1
39.0353	-104.458	1
43.4462	47.5862	1
-29.709	-52.7772	2
-37.4735	-72.3708	1
53.3668	-3.08255	3
-11.0051	-38.8223	2
54.6851	-1.79769	10
11.2285	-74.2042	1
-27.2766	-51.6758	21
48.5317	19.4371	1
-7.12301	112.394	1
-34.9932	-71.2338	17
-2.20334	113.904	1
52.3712	-0.224309	3
55.6568	12.2483	3
51.4865	-0.303166	13
38.8745	-6.85618	7
4.68095	103.146	2
-22.6404	14.529	2
30.2427	-91.8586	1
51.3066	5.79675	25
54.4456	-6.4123	2
-26.0411	27.9623	3
-18.8562	-42.8028	2
-37.068	-12.3113	5
51.5163	3.83821	6
41.9872	-91.6474	1
54.0223	38.2976	1
11.9587	8.55176	1
18.1323	-66.4919	8
53.879	-2.18935	20
51.8892	0.263468	2
47.0739	5.50228	3
48.383	31.1814	356
-24.6742	-51.7844	1
-4.08929	104.662	1
-5.21541	-42.8028	36
55.0015	82.9557	11
39.6023	27.0326	1
1.47326	124.871	18
-0.943949	-80.7284	3
-9.96566	-67.8197	4
4.0841	117.713	1
41.1609	-88.3436	1
40.8257	29.3059	5
-19.9422	-44.1928	52
-34.5899	-58.3742	12
49.8143	73.0806	1
44.2127	-100.247	3
53.029	-1.45874	2
10.456	-64.183	1
1.34741	103.719	66
18.3197	-64.8823	2
39.1679	-119.776	2
-19.1702	-47.6694	1
16.2586	-92.301	33
-30.0072	-51.0463	1
21.2978	-98.3734	3
44.0793	5.04471	1
46.1485	-93.7353	1
28.6816	-17.7698	2
39.7592	-94.8209	2
-9.41033	-36.6366	2
-7.27568	-35.9777	60
-22.1257	-47.4895	2
52.3445	6.65941	3
5.38433	100.577	1
-25.7758	-48.5577	1
-4.54796	136.896	1
1.21374	-77.2922	1
-14.8821	-40.5663	1
35.4779	139.458	5
30.0967	-93.7702	2
-21.5749	-50.4704	2
8.12923	-63.5409	7
53.3604	6.38202	1
-6.74218	107.304	2
40.9018	-74.3607	3
52.5801	21.4896	1
1.58057	110.369	4
41.0397	28.8131	34
42.7733	-81.1686	1
41.9505	-88.7816	1
55.7782	-3.98878	2
36.147	-115.237	39
33.8594	-117.568	2
-23.8438	-45.343	1
31.5667	-106.274	3
-7.06951	-36.5852	1
35.7012	139.709	109
-29.8024	-56.7397	10
-2.58541	140.628	1
52.1423	26.0964	1
33.1876	-97.1067	3
42.1883	-8.5024	1
38.7068	-90.445	4
51.2202	-0.307649	1
34.3892	-117.323	1
46.6327	142.784	1
40.737	-73.359	3
40.1917	-86.9046	1
-7.51277	110.245	6
35.5898	-84.4845	1
14.3081	-90.3634	1
51.7967	0.636477	1
4.17817	73.5169	19
51.1573	71.4834	2
55.9104	-123.87	18
-31.9298	115.94	3
34.6941	137.853	2
63.7341	-96.2958	1
50.4075	-104.645	1
52.958	-6.39532	1
37.071	-88.6469	1
7.82376	-72.2129	2
19.1003	-103.657	5
-6.10518	105.981	6
52.0062	6.02057	15
29.6425	-98.4539	1
36.0805	139.677	1
-22.4656	-48.4375	1
1.60343	104.15	1
43.1862	-77.6164	3
35.9937	-114.978	2
41.9782	-83.9238	1
41.1663	-85.4802	1
57.5834	39.8386	4
-10.4341	-62.4749	2
27.8633	-97.2194	2
44.5093	-103.892	3
34.8076	-77.4073	3
44.5653	-70.5597	1
65.0408	25.6166	1
-7.64218	110.449	3
27.676	-82.6781	4
50.3688	3.33017	2
-30.7969	27.9638	1
51.7993	5.74157	2
51.7536	-1.22448	15
59.2782	18.4521	1
48.2503	7.45889	2
-8.82047	-68.2462	1
43.4879	-83.3977	1
60.1595	25.0186	6
52.6698	9.59718	1
37.1039	-89.9154	2
18.9212	-99.2433	10
44.8745	-79.793	2
-8.11295	112.557	1
34.9179	-84.9784	1
-26.4006	152.999	1
40.9339	-73.0701	2
43.0532	-88.3126	2
45.5289	-73.5878	3
51.0837	3.71456	2
41.5499	2.45131	2
6.12851	102.243	12
52.3548	4.90405	14
53.7172	27.9867	186
-12.7197	-38.3954	1
38.9767	-75.806	7
6.93137	122.068	2
47.9607	-122.044	1
39.7202	-83.2703	1
-7.61955	111.0	1
48.0796	-4.32464	1
-3.00599	120.199	1
38.277	-122.044	2
39.3421	-82.9883	1
47.4824	19.1295	8
-18.9982	-57.6499	1
0.702557	34.3887	1
43.0129	141.432	1
-22.3352	-47.3295	8
21.363	39.798	1
-3.12394	-47.6536	2
40.1252	-79.4032	1
36.0922	-29.9585	1
30.4569	-97.3958	1
31.7708	-106.504	6
-7.92903	111.956	1
33.5085	-86.4323	1
30.0771	-94.7736	2
-4.03904	39.6816	1
42.4109	-71.0192	2
46.7916	-2.04792	1
-6.27078	-36.0113	1
37.7937	-121.236	1
-34.7852	-55.8888	1
-18.7954	-41.9396	3
5.55782	-0.177215	7
41.2837	-83.9275	1
47.1413	9.84739	2
-6.23796	106.524	25
42.3435	-83.1699	14
43.3506	6.68724	1
44.2005	43.1291	5
43.9291	2.13251	1
-20.2939	57.6795	1
-19.7562	-49.4464	1
44.8294	37.6465	1
54.7745	-1.57497	1
-6.11464	106.158	5
-27.7964	-50.3036	1
51.204	16.1524	1
39.2164	-94.4024	1
35.2402	137.119	1
40.1764	-80.2426	1
-27.1854	-49.6228	1
-12.4826	-38.127	1
-36.5929	-72.1051	1
42.4712	-88.304	1
3.11486	101.471	77
43.1285	131.914	10
33.9068	-84.1486	1
50.8182	-1.09673	6
58.4387	-3.094	1
19.2995	-98.453	2
-5.34493	104.966	1
-25.1476	-50.071	83
-3.14166	-58.4471	4
-7.95361	-35.1035	1
22.3973	-101.935	1
45.5244	10.8134	8
36.1581	-80.8081	1
-30.2911	-56.1623	4
-30.1556	-52.1069	1
24.4913	39.618	3
50.8406	16.4923	1
-23.2007	-48.2349	1
47.0499	9.42955	1
37.6141	-88.9503	1
-2.42398	-54.7349	23
12.1295	-86.2657	27
-29.9346	-50.1143	1
52.8611	4.83023	5
-23.5337	-49.2398	1
40.2918	-3.93694	1
-0.318577	100.38	1
38.0995	27.7338	1
41.5591	-109.867	1
-16.6482	-39.2913	1
41.2332	-96.0472	3
51.0376	7.98684	1
38.6531	-90.2435	10
-3.8834	-40.2451	2
44.7508	44.9924	1
-21.9224	-50.7226	2
40.468	-74.1483	3
-7.99504	110.585	2
33.6603	-117.999	41
36.8898	-76.241	9
37.1524	13.7893	1
38.9637	35.2433	319
-23.6666	-51.3375	1
47.9242	34.9714	1
43.5649	-84.7717	1
48.3144	-3.56532	1
-23.0537	-47.7053	1
-31.8027	-51.6369	1
19.0264	73.0436	3
42.6396	-8.5571	5
34.43	-119.704	3
35.2504	-96.0179	1
-21.2385	-44.2815	23
53.0945	-2.4382	3
34.2585	-6.58228	65
39.8399	-84.9016	1
3.61944	102.777	1
31.9132	-106.414	1
43.2982	-70.61	1
-20.3498	-41.9347	3
-21.4064	-45.4872	49
-5.18745	-37.3473	23
34.9641	-80.859	4
40.9563	-5.66329	4
-25.2963	-49.3218	14
50.102	8.84683	3
52.6088	38.5318	6
6.19791	-75.5794	7
26.7028	-81.8566	1
52.2405	-0.913841	2
33.9313	-86.0993	1
35.0511	136.097	6
33.9934	-83.7629	1
41.0062	-85.7742	3
42.7902	-91.1047	1
48.2392	1.02427	1
0.330222	32.7533	1
46.3571	-94.2241	1
-39.9416	176.591	1
6.50897	116.566	1
56.1478	10.0038	1
-0.197951	-78.4895	9
-5.77547	-37.5882	3
-18.6831	-41.0904	1
-23.6913	133.876	1
38.4007	-122.36	1
-22.7782	-45.0475	6
50.7109	3.15469	3
59.6478	17.9677	2
41.0611	-80.0506	1
-21.5699	-45.7609	1
45.4613	9.15934	19
-0.363503	103.102	3
16.7419	-93.1397	6
37.9903	-84.5133	8
40.923	-3.8423	1
29.6388	-98.2146	1
52.7678	-1.92892	1
-27.3037	-49.0462	2
-20.2601	-43.7965	3
37.264	-8.35618	2
52.1107	-2.73995	2
-8.33728	113.607	2
52.5142	6.10694	13
-21.7554	-48.172	32
7.98355	-75.413	3
33.3084	44.3738	1
1.93157	102.764	2
41.3982	-84.6695	1
42.7689	-78.8542	18
20.559	-103.466	1
40.6968	-79.3437	2
33.8209	-6.07625	1
10.1674	-67.5776	6
43.3292	-3.03657	19
-5.99385	-40.2946	2
-14.2393	-53.1848	75
39.8262	-0.23594	5
40.0379	-105.223	1
47.9687	7.95561	1
51.6631	5.65647	2
-28.0015	-50.3477	8
30.5518	-100.487	1
36.7635	-77.5716	1
-23.9278	-52.3169	6
56.5405	-3.88487	1
34.1342	-116.062	2
30.0322	-94.9386	1
40.9087	-74.1568	9
41.7581	2.06928	28
37.7502	-122.203	7
52.223	5.48034	12
52.2855	8.91683	1
55.0931	59.9685	1
48.6705	16.0186	1
-9.47073	-78.3121	1
29.9234	-90.0409	4
0.291295	35.2846	1
-22.3597	-53.8003	2
51.3551	-0.0803756	18
45.0401	41.9707	12
40.9247	-73.7539	3
53.1051	6.87287	1
19.6281	-90.6814	1
2.54452	102.798	4
2.7987	101.681	14
52.3342	-6.46222	1
36.5982	-88.3264	2
-27.7171	-54.2664	1
41.9236	-72.6549	3
40.1009	-75.1512	5
-15.5435	-47.3503	2
39.4677	-83.2573	1
40.7847	31.2808	1
46.1303	-64.8777	1
35.1422	-90.0556	1
39.3259	-8.72129	10
-29.0686	-51.0353	71
-6.7499	111.025	2
32.5718	-89.1125	1
5.32964	103.141	25
50.5839	17.8031	3
30.3563	-87.2667	7
40.6112	-8.69208	4
45.1448	-89.1495	2
39.9945	-83.0024	12
41.717	14.7697	2
-20.4274	-40.3757	9
-23.6531	-70.4003	10
36.0702	-84.1727	1
32.4414	-87.0356	12
36.745	-3.51985	2
-3.264	103.827	2
35.4662	139.623	2
41.145	-73.4283	7
5.31806	115.213	4
-21.0578	-45.661	1
42.5936	-5.58254	2
36.0749	-89.8421	1
44.2151	20.9238	10
46.34	10.3707	1
39.8905	-83.4345	4
30.3077	-81.6976	1
41.0431	28.9671	29
-23.4892	-51.7215	3
35.4644	-84.3658	2
29.5669	-95.7242	1
-15.0709	-40.868	1
39.4752	-8.20278	1
38.8792	-82.3801	1
39.6922	-3.74875	2
38.3132	-85.7085	7
59.1299	18.1053	1
52.3798	9.76148	4
-20.0322	-44.4428	11
29.6668	-97.3319	1
-27.7658	-51.5708	1
42.0651	-71.2501	2
56.2577	-120.831	4
44.1056	4.07759	1
38.7717	-84.7632	1
36.5075	-4.87291	1
48.9313	6.01027	2
7.52094	4.57393	3
43.5488	5.42355	1
14.4058	121.047	7
-27.0529	-52.9701	2
51.1272	16.9913	3
44.1147	-123.271	1
-26.582	-52.2492	1
55.8554	-4.23242	22
-0.482725	37.1267	1
61.4106	16.0333	1
34.8478	-82.2272	2
-9.03506	-40.589	1
57.1506	65.5568	15
39.8056	-93.56	1
30.0374	-94.0799	1
24.958	46.7042	1
33.9469	-90.7607	1
19.3731	-98.9619	3
34.2383	-118.395	6
-18.4975	-42.7982	1
10.1615	-61.4412	1
-29.3559	-51.9688	5
-19.8463	-43.7914	3
35.2102	-81.1063	2
34.8112	-86.4483	1
35.1941	-94.1872	1
-26.3061	-50.5016	1
37.8708	-122.301	3
51.2736	0.517968	7
50.4227	4.42765	2
-23.1117	-47.1947	13
-3.80489	-38.4502	1
52.6316	5.07012	5
51.8794	0.846722	4
-23.4564	-49.7159	1
43.2779	-1.98771	2
-25.749	28.2347	10
32.9819	-97.3061	1
-21.97	-46.7962	4
45.2145	5.77466	4
53.1602	6.71739	1
34.2952	-80.6213	2
53.0493	-3.06818	6
40.8157	-81.375	8
5.78346	-55.0466	1
15.1474	145.74	2
-33.3698	-70.5106	5
46.7899	4.85034	2
61.0026	24.4479	1
53.2364	-2.39964	3
21.5395	39.2329	19
32.9462	-86.6373	1
51.3415	12.3867	1
46.2237	7.31819	3
22.3352	114.176	2
55.6191	37.7298	9
46.0106	12.614	1
-23.4254	-46.0575	3
16.8634	-99.9278	2
-23.1018	-54.0488	1
39.7987	-89.6167	15
-5.15527	-44.1652	62
56.8138	24.1832	1
43.1433	-84.1681	1
43.4007	5.32224	1
57.5931	25.4597	1
-23.8308	-46.8122	7
-29.4661	-51.7702	18
-1.26501	116.887	26
34.6585	-99.3297	1
10.4807	-66.5283	4
36.4751	-95.0172	8
21.6267	-104.873	3
41.585	9.26626	1
-3.1107	-41.4845	39
28.3329	-80.6104	1
34.1052	-83.9469	4
58.0225	56.1443	27
25.1317	55.418	3
42.2013	-85.5883	4
39.4733	-82.7392	5
43.0556	-2.33565	1
69.7104	18.9258	1
9.03506	7.49385	11
18.7388	-68.4822	2
24.7956	-107.402	1
-1.87046	102.995	1
44.932	25.4396	3
-26.2288	28.1799	1
-0.417549	116.985	1
43.8489	-69.8147	1
37.9824	-101.13	1
36.556	-4.68407	2
55.2444	38.7661	1
20.152	-100.992	1
0.82631	-77.6761	2
34.7129	-93.0326	1
-30.1749	-50.2096	4
6.66591	80.4666	4
34.5664	-83.5393	1
46.2295	39.3749	1
35.7141	-6.91635	3
38.9711	-77.3894	6
39.3725	-79.1507	1
43.5758	-116.553	5
34.0086	-118.497	11
26.6862	-82.0071	1
42.0618	-72.4988	2
-22.1994	-55.544	7
-23.062	-48.9055	12
38.0513	30.1682	1
43.6104	3.87434	5
36.0965	-80.2651	2
41.7625	-72.757	8
3.78124	98.7031	2
51.4658	5.70568	23
-17.3172	-53.2184	2
-19.8274	-43.0981	10
-21.7338	-50.7154	1
-16.3051	-48.9725	15
32.3711	-90.0169	1
-6.4371	106.972	2
-15.5698	-49.9311	1
35.506	-94.1393	1
-6.30861	107.297	17
-27.3264	31.4371	1
38.8687	-94.0632	1
51.9905	5.08207	4
7.10693	125.612	2
26.0269	-80.3279	6
33.4281	-7.71349	1
37.6847	13.8317	2
31.1649	-81.6741	1
41.583	2.00636	2
34.1467	-118.76	9
26.363	50.122	8
42.3446	-3.68944	5
52.2947	-4.18585	1
-23.6351	-48.1082	4
49.06	2.60416	5
38.749	-94.826	1
-25.3889	-49.1906	2
41.7538	-85.2582	4
19.1285	-104.363	1
36.6748	30.5654	1
3.54365	103.095	1
56.0018	-3.77093	6
40.168	-75.288	1
-34.7281	-58.5765	3
31.3906	74.193	1
-19.7776	-44.0706	2
52.0271	4.28801	39
42.6534	27.6989	1
37.0272	-76.3836	4
-23.2569	-45.8313	6
38.767	0.16859	1
34.1744	-79.7849	2
-23.0614	-45.9175	61
-21.216	-49.7579	1
34.1227	-114.302	1
54.5463	-1.21134	5
41.471	-72.8346	61
53.6237	-6.48228	1
36.4756	-5.01266	2
-30.1039	-51.9613	1
38.1027	-1.86839	7
47.5976	-122.151	6
41.5221	-88.1355	3
-2.00454	-49.8583	1
-22.3872	-43.1873	4
2.20133	102.248	44
53.5987	10.0192	2
36.7612	-86.2158	1
1.34454	104.178	1
39.7393	-89.2665	9
49.2689	29.8437	1
42.3526	11.6068	1
44.3311	-94.4758	1
38.8819	-86.4433	1
51.5501	-1.13632	4
28.6959	-99.829	3
37.2739	-107.881	1
-0.471118	117.134	16
42.5647	-6.86053	4
42.7252	-85.4864	1
52.3678	105.021	1
17.0915	-96.725	1
29.7138	-95.5591	4
38.921	-94.3894	27
34.1932	73.2431	1
53.5966	-1.31165	3
31.0359	-92.0423	1
-20.8972	-51.5956	1
51.4295	-0.852259	7
52.3773	-1.24367	3
19.6563	-99.2336	68
43.5824	7.10477	11
43.4095	5.04057	3
-3.7795	115.393	1
26.0461	-98.3168	1
35.2996	-97.5148	1
45.4946	-114.143	1
37.6069	-84.8811	2
52.2571	6.14634	2
-25.4913	-54.7575	1
40.4198	-8.25854	1
39.9646	-85.9286	1
59.4743	32.0514	2
29.8738	-97.6662	2
-6.37765	108.318	3
38.9785	-77.6948	1
28.3542	-16.6908	1
41.9389	-83.4144	1
34.0024	-5.5429	37
42.0471	-89.0288	1
51.1252	-114.185	10
38.0652	-78.9033	2
52.2208	-0.0729529	2
-37.0265	-73.1467	1
40.2659	-7.5764	7
36.4467	34.112	1
33.7677	-84.4181	17
38.4981	-98.3201	4
14.7433	-17.4531	1
-28.6475	-49.1257	1
37.6735	-121.912	3
-19.0045	-48.3585	28
-20.6948	-44.9947	1
-18.0936	178.473	1
50.6077	3.02167	4
52.1954	0.127615	6
33.979	-118.214	24
-34.1218	18.4889	2
-19.5463	-42.124	1
-22.5461	-48.6355	38
31.0682	-97.4697	1
51.054	-1.80082	2
51.6073	18.9153	1
-15.992	-47.9864	3
60.4672	26.9411	2
33.5913	-101.888	11
13.9823	-89.576	4
50.2114	7.56305	1
-30.4164	-53.6701	2
41.0099	28.6202	8
44.5676	-123.274	1
39.0737	-84.298	6
35.5771	-5.34233	2
29.5802	-97.9519	4
-12.6142	-38.2701	9
12.9966	77.5715	15
43.1534	-8.48066	1
11.3382	76.7968	1
51.336	-0.661848	1
40.2393	-3.35203	5
-7.71586	110.608	7
56.3975	8.55838	12
29.2074	-99.7935	7
50.8396	-0.815527	2
49.2648	2.46983	1
43.0317	-80.849	1
49.1762	6.49373	1
19.1589	-98.407	21
42.6232	-73.1131	1
44.6864	8.52242	1
1.64487	103.259	2
8.2887	-62.7329	2
50.2899	4.10235	1
41.0927	16.875	8
-23.47	-47.4366	66
-25.6313	-49.4623	24
41.1179	-77.6047	3
55.9605	36.4258	1
45.1528	9.70399	1
34.8595	-84.7226	3
-1.01657	-52.0695	1
29.476	-95.0998	6
20.6119	-100.399	33
42.6679	-82.9068	1
37.3312	-81.7706	1
-22.5593	-47.9314	4
42.3247	-83.3636	1
40.7695	-73.9676	176
47.8737	1.91213	5
53.2729	16.4496	8
54.2408	-0.39691	1
-4.3572	119.89	1
53.8245	-3.02998	4
-34.4201	19.2017	1
46.6937	20.3467	1
-5.1356	-38.0204	2
34.8935	-120.443	1
54.0082	86.6309	1
-23.932	-48.0101	2
28.6546	77.4477	5
45.2568	4.78355	1
45.4443	11.0005	83
45.4073	-122.238	2
-41.4452	147.127	1
52.1965	-2.21012	8
38.9399	-8.8576	3
25.1198	121.53	1
45.3529	9.68528	2
61.6127	17.0502	1
41.1425	-104.777	2
22.1595	113.55	1
38.8081	-97.6189	2
-26.862	26.6692	1
3.75431	101.949	6
51.9721	6.5152	1
46.4793	-120.468	2
50.1548	4.62511	1
41.0717	-73.5648	1
-5.64371	-36.517	2
30.2508	-98.8504	1
-25.4614	-50.6367	1
51.7369	5.52381	4
50.6166	-2.48971	2
33.5812	-112.129	9
38.7435	-9.15999	48
-30.3331	-54.374	45
35.6944	51.4215	1
53.057	18.5017	1
53.4039	-1.5631	17
-26.9981	-49.2271	14
50.3799	3.10048	2
42.5978	-88.6168	1
49.4918	8.47222	9
48.0025	37.8127	3
41.6708	26.5899	4
36.5794	-95.2194	1
44.3692	9.31641	3
54.1905	16.2133	2
37.6799	-82.1016	1
33.4647	-88.7772	6
46.4755	6.42334	1
19.5106	-99.0987	48
44.018	10.4405	1
-24.2542	-50.5373	1
50.444	30.5167	16
30.8332	-88.116	2
43.6483	-70.3544	3
7.07547	-73.1089	2
6.36543	2.46682	1
53.2192	50.1853	5
35.6293	-106.039	1
30.1685	-97.632	3
43.2567	-82.7983	1
43.7748	11.0946	1
