Latitude 	 Longitude 	 Weight
33.6849	-78.9601	2
37.2376	-6.9188	3
-19.9187	-43.9598	262
25.5399	-103.389	1
39.7574	-75.5432	5
-6.92977	108.856	2
38.1377	13.3472	24
52.0175	5.83418	1
30.0452	-94.8042	1
19.3184	-98.2454	6
-7.8183	112.025	2
29.2311	48.0818	5
34.2666	-5.92025	36
41.3445	-86.266	1
-22.8129	-45.2349	5
42.7466	-75.77	6
35.1172	-80.9568	1
32.6215	-96.8303	1
38.496	-1.28756	1
-0.216815	100.633	1
-19.9329	-41.4612	3
38.0941	27.7296	2
31.6413	-7.99959	6
-19.5499	-56.0323	1
55.7002	37.5611	103
44.9397	-93.106	1
40.8481	-8.46797	3
55.9529	92.4567	1
35.1191	33.3827	1
51.5242	5.97285	2
50.795	-2.61142	5
32.4519	-85.7151	1
44.9917	0.179577	3
50.1212	8.63661	5
-27.7299	27.2351	1
38.8547	-82.912	1
-9.95786	-67.8066	1
30.0365	-97.8179	4
26.9541	-82.155	1
49.4962	0.131479	1
38.3542	-0.474761	6
36.8306	-76.3006	3
54.174	60.2421	2
-26.4195	-51.8397	1
35.3481	139.215	2
51.9187	19.1348	5
32.5755	-85.5019	1
31.1109	-89.3775	1
32.3329	-116.929	1
53.5538	10.0159	1
33.8637	-98.576	1
58.8909	55.6322	3
58.5905	49.6388	3
41.5342	-8.62018	1
36.1498	-95.9934	6
-7.67412	110.831	22
-7.89481	112.507	8
10.2172	-64.6307	4
48.0795	-4.32464	1
31.1099	-83.4234	2
-1.45565	-48.4791	24
31.9457	-89.8384	1
34.7103	138.192	1
36.7543	-2.78205	2
32.0386	-93.6879	1
5.55652	117.855	2
34.0922	-118.308	109
-19.4731	-40.6271	1
-21.21	-48.2936	3
-26.8274	-48.7225	8
44.829	-87.3752	1
39.8742	32.8255	11
32.491	-84.8741	1
0.0261706	36.2735	1
41.0102	28.8199	24
-25.3493	-57.4877	7
43.1305	-79.0476	3
55.5965	36.8846	1
-6.3134	106.732	99
39.9911	-0.0505615	2
51.4387	0.21547	4
8.26739	-62.7628	1
41.2836	-84.3511	1
14.2202	121.125	1
17.8038	-97.7842	1
30.2189	-93.3297	1
-1.27436	36.8131	6
29.0354	-95.3995	1
40.9598	-73.9195	15
33.8899	-84.6668	1
34.7721	-80.3895	1
0.178365	132.259	2
3.04231	101.447	43
37.001	35.3172	1
39.3793	-76.8167	2
-6.818	-37.8213	1
39.1328	-77.1564	5
37.8223	-85.7682	1
-21.2162	-41.8904	1
-20.5235	-54.6388	7
55.9183	-3.26502	6
4.64077	-74.0651	48
41.5609	-87.6987	9
-5.94912	-35.4266	2
51.3146	9.46005	1
4.57077	101.137	2
42.4624	-70.9611	1
52.5136	5.68839	4
-2.90278	-79.0026	3
33.372	-112.215	1
40.0724	-86.9794	1
-28.739	-49.3605	61
51.7347	-1.97539	1
20.5926	-100.367	3
-7.0949	110.925	1
-30.377	-55.1591	1
50.0443	22.7159	2
53.4693	-113.504	1
-4.17521	121.615	3
38.1986	-75.6972	1
-21.4551	-45.2045	1
52.7841	6.12585	3
-26.0411	27.9623	3
34.8572	136.581	2
50.9576	6.96747	1
-0.869174	100.434	6
28.9489	-95.9612	2
37.2384	-77.418	2
42.5092	-7.58527	22
-20.0806	-44.5819	1
-22.967	-43.1807	32
53.533	-1.10687	3
-26.3964	-51.0271	2
41.9383	-93.3898	1
-20.3359	-48.3961	5
14.0022	-89.5559	1
5.34173	-72.3974	1
28.9699	-111.498	1
10.6904	-71.6281	3
-32.0362	-52.0841	1
43.4069	-124.245	1
48.3946	7.44362	11
40.7796	14.7032	1
43.6603	-7.35619	1
40.5705	-74.1054	6
35.0106	-80.561	4
-7.03353	-37.3471	1
-6.90286	107.654	91
-6.39687	106.883	71
-13.331	-39.515	2
-23.54	-46.3466	7
19.4325	-99.1534	206
-27.7131	-48.8638	1
-19.6263	-43.8892	1
46.2688	-119.159	1
11.15	7.66914	1
45.1108	9.17951	4
36.5572	128.714	1
-0.207056	-78.4845	3
40.446	-4.00326	1
40.8231	-81.9178	1
54.782	31.9983	1
-26.4233	-49.1569	9
24.8807	74.6377	2
45.3914	11.7935	1
52.2909	5.24343	5
35.8176	139.367	3
6.68508	-1.60927	2
41.2302	16.5163	1
-22.3011	-48.5366	2
51.3802	19.3716	1
30.7087	-91.4335	2
15.3292	120.589	1
54.1375	-1.52556	1
33.2216	-92.6617	1
-6.84792	107.929	3
30.2245	-85.8949	1
-23.1177	-46.8642	62
-23.4057	-51.9683	7
45.8579	6.13419	2
-29.2094	-49.9965	2
53.6328	-6.71542	5
53.1283	-0.231343	1
25.3379	55.3867	3
0.503619	108.909	1
59.2664	9.50313	1
-6.0846	107.303	1
53.3215	50.0679	4
-23.2969	-45.9737	12
47.825	35.1494	4
34.8421	138.135	1
22.4926	88.3625	9
3.58111	98.6676	65
41.6743	-86.2713	1
51.0719	4.12933	1
43.0352	-76.1391	1
37.3298	-79.5419	1
53.884	-3.01061	1
35.7464	-109.068	1
42.086	-84.5325	1
51.8797	-0.385321	4
54.8761	-2.89313	2
-20.137	-40.29	20
52.0231	5.55162	2
-23.3552	-47.9037	3
4.67901	118.245	1
50.74	-1.96696	26
-2.95904	104.729	8
-30.7883	-52.2777	1
-1.73898	-48.8424	1
3.42593	101.793	5
40.5827	-75.3377	1
46.2557	9.4199	1
-10.8797	-37.1759	6
28.6123	-17.9072	1
33.7109	-84.2927	16
-3.37644	114.684	3
-29.7338	-51.0571	24
-22.959	-49.8674	1
39.1601	-86.527	1
39.2807	-81.5362	1
36.0076	-80.2031	7
5.84809	5.73204	6
-21.7028	-47.27	1
52.5379	5.34582	1
-13.2571	-43.4134	2
35.8023	-90.6756	1
23.5485	58.6634	1
34.7014	-86.6686	7
36.7867	-4.10743	2
28.5091	-16.3378	1
39.2778	-77.8447	1
-31.5614	-52.3342	16
34.161	-79.7693	4
38.3041	-76.5199	3
33.2915	-86.8083	1
56.6794	16.3614	1
51.7553	-0.737698	9
50.6887	3.18426	1
48.4561	135.099	8
31.7071	-83.6403	1
32.963	-87.1699	1
35.0511	136.097	2
1.3404	103.958	56
50.6729	4.57014	1
37.2886	-5.79664	4
50.8577	5.70089	9
62.2087	17.2529	1
-26.4426	-48.7768	4
-23.5108	-46.8823	77
56.1385	40.4177	2
-26.8728	-49.1096	26
0.0188841	-51.0824	139
19.3515	-97.897	1
53.3549	-6.2474	7
-23.6269	-51.6995	1
39.8769	-7.1126	1
33.5839	130.386	1
-0.664499	100.94	1
-22.9527	-47.3038	10
41.1528	27.819	2
25.825	-80.3749	3
39.6061	2.6777	4
36.9433	-77.729	1
38.9979	-105.554	1
51.585	5.06361	15
-13.3341	-43.2735	3
-22.3737	-45.7964	1
16.8505	-99.8528	1
41.046	-73.7939	2
29.8886	-97.9313	6
-27.0818	-53.1948	1
-8.17458	113.656	2
41.7253	-86.0056	3
-16.6648	-49.2672	16
40.7551	29.7882	2
-25.4806	-54.6135	2
37.7914	-3.74254	3
32.6782	-83.1783	10
-7.16245	-47.8799	1
40.5058	-80.2081	1
40.0168	-76.3111	1
30.9297	29.3351	1
-20.4049	-52.1809	1
43.2365	-86.2565	3
43.9856	22.8794	3
43.2225	-79.7589	6
-25.7738	28.2607	1
-29.4585	-51.2683	2
-7.6736	110.623	1
0.83435	-77.6801	1
-0.483732	117.164	7
-7.90244	110.267	14
45.9075	13.3263	1
55.3259	11.3906	1
41.5493	-73.0038	11
40.7035	-73.7087	9
42.584	-83.0519	9
38.6926	35.5193	1
42.5822	-77.154	1
-26.7242	-53.4817	3
6.20389	100.415	4
40.628	-8.63966	2
38.0816	-1.05778	2
42.009	-93.6202	1
29.5604	106.456	1
37.2692	-119.307	29
38.8145	-9.18018	2
34.928	136.441	1
-26.3749	25.4619	2
50.7994	-1.10062	1
-22.1868	-49.9589	2
-18.7968	-40.0622	4
32.5762	-86.6807	2
57.8106	28.3618	1
51.32	0.0368569	10
-1.04675	-80.4674	1
35.6299	-82.1707	1
53.29	83.6478	3
-22.6446	-43.3052	5
-27.1111	-52.6609	6
32.5036	74.5215	1
37.6031	-5.89121	1
53.5911	-2.29118	7
35.094	-118.979	1
-21.8793	-47.9053	22
53.0192	-2.17988	4
-16.5552	-48.0222	5
19.2708	-99.6499	26
37.7631	-81.8253	3
-7.90213	111.257	1
43.5492	7.00103	2
-23.3519	-51.1743	3
43.375	-4.49835	1
54.9735	-2.09464	1
23.9833	38.1947	1
-29.392	-50.9007	3
-7.65633	112.907	1
41.8551	-80.7885	2
28.6546	77.4477	6
18.3197	-64.8823	1
35.3613	-96.9524	1
56.2847	43.851	6
44.4377	4.71534	2
10.0555	-69.3493	9
48.3889	-1.90914	1
48.3104	11.9108	3
-5.92345	106.104	1
41.7597	-88.3011	27
37.5379	-3.63473	1
-32.0893	115.953	1
44.8745	-79.793	1
51.5207	-0.142822	512
38.5249	-76.9785	1
43.3056	13.457	1
3.5538	103.431	3
40.6892	-7.92529	1
53.3934	-2.91859	14
42.1929	-7.5501	1
-27.3517	153.036	1
46.2749	11.4243	2
31.8744	-106.421	12
49.0002	1.93496	4
39.8623	-7.51492	1
52.3238	-2.04743	3
-25.8847	-48.5786	4
-25.4951	-49.2884	325
-22.4359	-46.7503	1
-22.6171	-47.5297	1
39.801	-8.79559	2
51.9081	-8.1906	2
55.6568	12.2483	2
29.481	-98.4934	15
52.3798	9.76148	5
33.8572	35.5421	19
35.53	140.194	2
-6.56928	107.76	1
32.5378	35.8532	2
14.4006	120.99	1
43.6707	7.15032	8
32.5685	-97.3677	1
-17.779	-71.1845	1
57.6359	-3.31702	1
-30.1749	-50.2096	9
51.6286	-0.268632	2
9.06808	-79.3856	3
52.1676	4.7866	1
40.9237	-81.0092	1
51.1573	71.4834	1
50.8875	-1.35486	3
30.5215	-87.0126	16
33.8466	-117.921	10
47.0317	21.1828	1
26.0398	-80.1753	17
31.643	-93.6394	1
55.0767	61.5533	1
27.8435	-101.953	1
53.5609	49.0102	1
-25.9162	32.4805	1
-25.8007	-49.8787	1
53.0099	6.07367	2
-7.22744	-39.3446	1
1.86117	104.63	3
34.8595	-84.7226	2
-12.3487	-46.5503	1
42.2855	-71.2446	10
43.3359	-4.97303	1
45.3529	9.68528	2
47.0005	6.91732	1
14.0492	-87.2145	2
40.7142	-74.1906	14
-22.6404	14.529	2
52.5066	-0.70217	1
46.5369	6.61947	5
40.9514	29.3893	4
52.9563	5.91066	4
-4.03273	-38.6318	2
18.4669	-69.9376	9
32.2187	-101.498	2
36.1386	-78.7694	1
55.0455	73.2951	6
57.1558	-2.20286	4
-27.7689	-48.6676	10
-23.2062	-51.2948	2
29.9757	-90.2637	8
50.2833	3.96092	1
32.3382	-93.8285	3
57.8608	56.2944	1
39.0587	-95.9866	1
52.4128	22.234	1
51.2667	22.8865	7
36.2958	-107.759	1
43.4183	11.8285	1
44.3558	9.23823	1
37.726	-81.2402	4
46.7807	21.1316	1
3.46294	101.655	2
55.1712	-118.791	1
36.7957	-76.0126	2
-29.4497	-55.1328	1
54.1937	37.6289	2
0.45076	101.417	1
38.7819	-82.072	1
-2.30975	102.751	1
51.3927	6.14929	8
-26.9875	-51.1292	3
38.6711	-90.4479	2
-8.10831	-79.0307	1
-21.79	-46.5934	2
36.3906	-80.719	1
0.385382	32.5722	1
36.7926	31.3805	2
27.4888	-99.5772	1
18.9097	-98.4343	1
54.3179	48.4689	2
42.3113	-83.3695	5
-22.8738	-52.5483	2
4.61466	103.442	2
-6.20948	106.596	39
38.0651	-75.5556	3
-27.6462	153.007	3
37.9168	-1.11781	7
59.2296	18.2294	1
39.3917	2.76997	10
2.4404	-76.6188	1
5.8108	100.383	4
41.8761	-93.8225	1
5.18633	-75.855	1
17.9668	-66.5891	2
26.1535	-81.52	1
51.7676	-0.575282	12
53.459	6.62288	6
-10.1156	-48.1132	6
-1.27293	-48.4598	49
3.60958	98.4333	1
-29.9006	30.9726	1
44.7601	-93.1345	1
59.0417	17.3006	1
42.3541	13.3704	1
53.9346	27.6452	2
43.0518	-86.2229	7
51.93	4.38419	8
-24.6977	-53.7903	1
-6.85036	-35.4941	2
59.8759	31.2086	1
41.3708	-87.3209	1
-25.553	-48.4967	3
-20.9047	-47.0194	1
-20.2601	-43.7964	1
-20.2351	-45.5266	1
32.9604	-96.7911	23
38.4165	-82.7227	1
-16.3545	-45.4341	1
29.3635	-98.6119	6
-7.82628	109.949	1
31.9171	-87.7477	1
53.144	8.22096	1
46.4318	30.7542	1
35.6388	-84.2518	1
44.358	8.29177	1
29.4993	-95.1382	2
33.5682	-83.3624	1
41.717	14.7697	1
46.057	9.25658	1
43.6237	-94.9846	1
39.8973	-79.7244	1
-3.67054	128.178	1
39.8725	-75.4306	2
4.9111	114.926	1
30.2978	-97.7533	2
33.391	-111.926	24
12.9688	79.155	2
40.073	-74.7243	2
-6.96392	106.942	2
40.1585	26.4104	1
27.0996	33.8394	1
41.4337	-81.5203	4
47.1193	37.5184	1
49.9655	8.24295	1
41.4575	-88.2728	1
40.7808	29.4825	3
36.6668	140.136	3
50.0463	20.0057	5
33.3757	-82.09	1
37.1039	-89.9154	1
43.2616	-8.87585	1
33.5094	-117.113	1
-31.2458	-54.066	13
36.6606	-80.9136	1
37.7094	-97.344	2
61.5218	0.00022	2
33.6869	-95.5352	1
47.1407	-122.27	5
-21.2931	-50.3347	1
-7.14454	107.439	1
-22.5591	-47.9314	1
47.2484	1.99262	1
36.3584	-79.6287	1
56.3572	37.5291	1
51.2274	-1.48053	1
41.1686	29.525	1
29.5214	-98.691	2
-8.98489	-64.5216	1
31.5452	-84.0774	3
50.2133	19.007	1
42.1157	-75.9376	1
6.1639	-75.6314	2
37.2392	-79.9847	1
41.2101	-79.3762	1
25.4513	-102.182	1
38.9255	-94.3883	3
53.394	-114.226	1
19.6527	-101.276	6
-24.2162	-47.6402	1
35.4168	136.327	3
50.7782	5.97428	37
36.1961	-115.143	24
48.5303	2.25007	1
30.7019	-88.0889	6
57.7202	14.1822	1
41.1559	1.09981	3
39.1101	-9.27397	2
4.23955	103.192	1
-8.7058	116.267	1
47.379	8.53841	1
10.2351	-67.9618	1
18.4662	-97.4224	1
42.3457	-88.0238	3
20.1858	-100.142	4
51.9737	7.60607	1
38.6364	-77.2584	3
42.3527	-83.0992	12
32.3849	-86.1848	6
43.4646	-3.82615	2
49.1048	6.19605	1
42.6768	-83.2158	3
-34.6185	-70.983	1
5.6331	-73.522	3
-17.6863	-41.3566	1
-27.4315	-48.7294	1
36.4242	-78.1711	1
39.983	-82.9772	2
30.4469	-97.6617	3
39.0947	-9.04127	2
43.8552	144.464	1
38.2753	24.508	33
33.5914	-101.888	3
43.6709	-116.683	1
-26.9671	-48.7712	1
-5.54526	-47.4782	1
38.3537	26.8703	1
51.967	1.36254	1
48.0835	3.28753	1
-29.1669	-51.1822	4
-29.0087	-54.012	1
-27.1211	-48.9046	7
2.30121	102.912	2
41.8338	-87.7319	33
13.2991	-87.1841	6
38.6271	-121.517	6
-8.15667	115.038	2
-8.26428	115.34	1
47.3961	-122.296	3
45.6576	9.9636	1
28.342	-81.365	6
55.7179	13.2202	1
-39.7363	-73.1404	1
27.8965	-15.4611	2
30.7227	76.7606	1
44.2005	43.1291	2
53.4122	-2.4367	2
35.0125	134.996	3
10.2461	-67.5824	4
39.1163	-88.5538	1
34.8137	-115.185	1
32.5067	-86.3769	1
2.28449	102.563	1
14.8365	-91.5194	1
-22.3069	-42.4674	1
41.4988	-81.7058	9
54.0237	9.37541	1
50.3567	3.51641	2
13.0909	80.2433	6
54.1934	-8.64507	1
19.613	-99.3395	32
39.1904	-78.1346	1
-33.924	18.4171	1
40.3716	-79.9271	6
40.7912	-77.8635	1
49.0986	-123.121	1
3.43227	-76.5333	1
-12.8753	-38.5026	124
54.7042	20.472	1
28.4581	-81.463	6
51.6656	35.6772	1
35.8121	139.729	12
8.54881	-71.2388	21
-33.1915	-70.6674	5
-20.1841	-42.0865	2
42.4899	-71.1596	5
53.8224	-1.54536	5
-2.62929	-44.3026	20
30.1636	31.6214	2
37.7409	-121.129	1
-15.6284	-56.0116	2
37.7404	-84.3002	1
45.6318	5.37364	25
41.8568	-87.9729	4
60.3639	5.00878	1
-22.5615	-45.0123	1
39.7666	-86.4413	2
45.2482	-75.8001	1
38.8846	-6.62199	1
-19.5537	-42.6053	9
38.7323	-77.4931	1
34.2693	135.363	1
-1.57563	37.1547	1
46.0732	-1.06858	2
43.3531	-5.88123	3
-25.4912	-50.8622	5
37.7703	-122.436	12
-34.5908	-58.5926	2
53.0517	6.72213	1
36.2521	-107.618	1
42.2733	-83.7377	1
37.1523	-85.9316	1
40.0691	45.0382	2
-7.00899	-35.8802	1
38.0349	-84.5066	1
52.5068	13.4246	3
-7.33778	108.459	1
41.6915	-0.927332	7
-28.1175	-52.0838	1
55.6452	38.0072	2
51.2355	5.67891	7
35.3745	-98.7838	2
37.4931	14.0548	1
35.4826	-97.4792	1
37.6633	-97.1649	1
34.7407	-82.2697	1
30.243	-93.1512	1
33.3078	44.3742	2
-18.7954	-41.9396	3
-22.0587	-48.7344	1
-6.45548	106.701	2
-25.3059	-52.1332	2
35.1546	126.847	1
33.9482	-80.8178	1
36.4012	-6.10464	1
37.5463	-77.4351	8
3.6039	102.262	1
61.0466	73.4479	1
43.3205	-93.7716	1
49.2877	19.9562	1
-8.01188	111.456	1
29.8738	-97.6662	1
39.9205	116.582	1
-21.1871	-50.9449	2
-32.2122	-52.378	4
39.6375	-119.284	1
-21.677	-47.5085	1
-23.6828	-46.5955	1211
7.22068	116.883	2
35.3046	-82.4495	1
45.4996	-73.5765	1
20.9751	-97.3965	1
51.9436	0.63517	1
2.77339	101.817	1
39.8579	116.386	2
-14.5043	-56.8506	33
-21.1427	-50.6213	3
46.8415	-71.3703	4
51.0797	5.91599	1
3.35359	101.253	5
34.3165	-83.8349	2
43.4717	10.6355	1
41.1023	-8.47804	3
36.0018	-78.9011	2
0.830694	104.072	1
53.5927	-0.575417	11
36.4486	-77.0942	1
51.1357	23.4886	2
53.6799	-1.49772	8
6.89258	79.9812	4
37.6323	-0.720397	18
1.42734	103.765	84
39.7987	-89.6164	2
3.82881	103.217	7
48.4429	35.0001	1
41.4242	1.93562	7
20.1056	-98.7758	3
52.4472	5.21763	1
-7.2278	107.838	2
53.118	26.0243	1
44.9778	-122.985	1
-28.71	-55.8067	2
52.4215	4.63598	1
-25.4539	-54.4571	24
52.7393	-1.14114	9
49.455	1.1377	2
53.9652	-6.3737	3
-24.4517	-47.809	6
32.2638	-9.23011	1
-22.1609	-54.8613	6
49.9844	19.4262	1
38.2114	-84.2514	2
-22.926	-45.4756	2
41.8477	3.10898	2
-26.9191	-48.9518	3
26.9268	-80.1183	1
42.4958	-82.8919	2
51.9779	-0.228634	2
59.9724	10.7215	6
52.4205	6.7129	2
37.9484	13.4168	2
37.7748	-0.808374	2
2.83626	101.637	4
51.1107	-2.99975	4
30.1607	-96.4097	1
-16.6161	-43.9388	1
56.8544	35.8997	4
29.9932	-95.2657	4
43.8791	143.971	1
21.139	-86.8463	6
51.8046	-0.0272309	1
3.89572	103.077	2
33.9021	-118.066	6
41.585	9.26626	1
-5.79931	-35.2216	110
28.9789	-13.5595	2
8.59286	-70.1777	2
-25.135	-51.0961	1
10.3421	-84.4342	2
56.4872	25.2909	1
37.275	-82.1051	1
38.9114	-78.1868	2
35.0907	-90.6321	1
28.7217	77.1599	1
34.1753	35.6365	11
-7.30713	110.124	1
0.0	0.0	44
-6.70257	-35.1591	1
19.1714	-100.113	3
45.8279	3.16039	1
40.0009	-78.3509	1
43.6251	1.33179	5
-26.7888	-50.9989	8
51.2594	0.193078	1
41.6817	-88.1566	7
42.4666	-2.45213	2
-16.7033	-47.5108	2
53.1653	5.7135	2
51.7536	-1.22448	14
-23.4194	-50.881	3
26.0457	-98.3167	2
42.5532	-8.78694	2
34.1102	-117.366	9
-27.0077	-48.6232	5
9.30559	-75.3964	1
-0.789275	113.921	1
30.4	-89.1021	3
57.9099	59.9579	3
38.2367	-0.83591	3
1.64526	103.594	4
51.5034	-0.575023	6
1.42926	110.333	5
59.3179	18.0299	21
40.8456	17.2978	4
-30.0997	-51.1593	221
41.2919	-96.0407	5
4.89504	100.738	1
2.57619	102.045	1
43.388	6.07831	1
25.7772	-100.381	1
35.846	-78.6572	5
-26.2918	-48.6681	2
39.4207	26.8072	72
30.3589	-115.58	1
50.5839	17.8031	2
39.4225	-0.352529	43
9.4602	-70.4718	1
36.7306	-108.223	6
56.8105	24.6057	1
33.5846	-84.411	4
-29.106	-51.5365	7
41.0533	-73.5327	1
20.5715	-97.5237	2
-33.5563	-70.7886	7
19.0076	73.0234	7
9.98025	-84.8153	1
42.9501	-81.3672	1
43.5084	-5.69194	1
-23.1036	-45.7178	1
49.7777	6.64945	1
9.35088	-79.8379	2
31.0359	-92.0423	1
30.5929	31.4755	2
50.5168	30.4991	7
-33.8733	151.205	5
41.585	-81.5478	2
28.6211	-81.4564	3
46.2048	6.14319	2
20.6692	-103.269	7
34.2371	-6.61767	15
52.9975	6.55836	3
36.0695	-94.1421	2
49.9413	36.2382	1
-33.5569	-70.5677	18
-7.65179	111.543	1
43.6294	40.2607	1
53.0165	5.67313	2
51.2636	-2.18824	1
41.5286	2.21521	2
41.3292	-74.3538	1
54.661	39.7144	9
37.1109	-113.532	1
33.5914	-112.125	7
34.9491	135.701	30
20.2643	-97.9679	1
55.795	49.0696	6
37.023	-76.2925	1
33.5323	-81.7266	1
34.0493	-84.2241	1
2.04537	102.585	1
37.3831	-5.92359	20
-21.953	-44.6479	4
-24.5935	-50.9566	1
-22.0567	-47.0475	1
53.2791	34.3808	5
57.6811	11.734	3
40.0821	-82.8274	1
-29.3289	-49.8051	1
32.7665	-89.1292	1
-25.5982	-53.1241	1
21.1223	-101.648	2
-21.5824	-51.0714	3
48.8383	-0.889377	1
25.7787	-100.168	11
19.8523	-90.4788	2
-23.5356	-47.654	9
51.8039	55.1908	2
20.7153	-100.441	15
38.1848	-85.6384	6
41.3651	-4.12284	1
35.0831	-85.2504	2
38.9637	35.2433	131
32.8246	-117.109	6
-20.8756	-54.2616	42
57.2263	-2.77727	6
16.663	-92.5344	1
44.0358	42.8779	8
-6.59819	-36.8105	38
-23.4458	-51.4481	3
31.3228	-94.7266	1
32.1155	-111.041	1
5.19828	96.3175	1
41.2305	-85.7906	1
39.7643	-104.855	6
17.97	-102.224	1
52.9223	6.81094	1
36.6704	-121.629	1
-19.4679	-44.2477	2
39.6478	-75.664	4
32.1295	-110.869	11
-8.54911	114.11	1
43.135	-77.4868	1
48.6995	2.50631	13
49.7491	2.35242	1
-1.19236	-46.7872	1
-23.9555	-46.5075	151
-14.4335	-58.126	6
-26.2475	-49.3813	3
41.3852	-73.004	1
-27.9931	-54.2949	1
39.8427	-86.1276	8
31.8057	-106.183	5
-29.706	-51.507	5
-20.4029	-44.7732	2
2.79902	101.494	3
35.0055	-78.0994	1
22.6263	88.4172	4
50.9057	-114.055	1
43.4438	-71.2069	1
-29.2451	-51.5858	4
41.2375	-8.60462	17
42.9483	-74.174	2
31.1689	-100.077	12
-27.6099	-48.4789	20
-5.58561	-35.2744	3
10.0649	-65.0211	1
42.2645	2.97967	2
18.7209	-99.2437	7
36.2183	-121.131	2
-28.946	-49.4603	1
-22.0668	-42.9237	3
27.1501	78.064	1
19.2002	-96.1921	2
31.3299	-89.2945	2
43.1419	-93.4044	1
33.9042	-84.1725	1
-23.194	-49.3852	1
33.836	-83.8985	1
36.7229	34.496	1
43.0984	-75.228	1
30.0084	31.1887	1
-2.47715	-44.1946	4
41.3941	2.1393	26
48.4426	-2.73824	1
34.7298	136.181	1
38.7497	-76.9645	6
52.5231	6.13323	3
53.2819	-6.38954	6
21.363	-157.915	1
-26.1696	-50.2584	1
38.0933	-3.62618	3
51.5051	4.2956	4
44.973	8.2275	2
33.6304	-83.6129	1
45.4908	-122.558	1
25.886	-100.865	1
50.2893	2.77684	1
52.6088	38.5318	2
-43.4782	172.716	1
-22.7855	-43.3698	18
-25.3706	-51.5523	3
5.98353	100.865	1
48.6475	44.3981	4
-23.8364	-46.7118	2
2.89774	102.403	1
37.1429	-5.92161	1
-6.07925	-35.3013	12
25.9905	-80.3607	1
18.5639	73.9134	1
-26.8143	-49.2703	3
51.773	0.201674	1
33.6245	-80.9266	3
-20.8472	-41.1388	2
54.8716	-1.45727	2
-26.6479	-48.7357	1
28.5599	77.2103	2
43.3292	5.4539	1
-6.8083	110.842	2
-23.5501	-47.8728	1
30.0919	-95.628	1
-22.737	-42.5939	8
-19.1468	-44.9291	4
19.5421	-96.8861	5
52.0046	4.21273	12
-21.6181	-48.4446	3
38.0513	30.1682	1
50.4594	4.85369	1
41.243	-82.703	1
45.6359	-122.619	4
36.6223	-6.23199	1
39.2846	-76.6205	15
54.4604	18.544	1
45.65	9.20811	3
39.9576	-83.2461	1
53.5703	-3.01747	3
6.50213	3.60775	2
34.0203	-6.83744	32
-29.8907	-50.9563	18
-7.19822	-48.2052	1
37.7046	-5.2706	1
39.8271	-84.9162	1
38.4511	27.1696	23
35.7495	139.587	5
32.3622	-90.1816	2
45.8143	4.89297	1
-23.2365	-51.7305	2
-0.95044	-80.7199	1
-23.3921	-46.4538	53
35.8883	-80.1146	1
13.8742	-88.628	3
-28.476	-48.8285	1
34.0352	-118.16	21
-22.4652	-50.6364	3
46.4115	20.3839	1
50.9188	-4.20762	7
38.8634	-76.8666	17
51.1889	58.6101	1
37.8914	-121.497	1
38.7724	-92.3074	2
-27.1854	-49.6228	2
-8.74789	-63.8919	2
30.3381	-84.311	5
46.3272	-0.461021	1
30.0988	-94.1289	1
4.65102	-74.2182	4
35.5007	-97.6584	1
-7.16442	112.631	5
-23.147	-49.9738	2
-21.4822	-43.5053	1
-20.3975	-43.6687	2
43.1396	-80.2965	2
44.0577	-75.7771	1
-7.11117	-38.7853	1
36.9504	127.026	1
-8.14091	112.372	1
12.9331	77.5394	8
41.7502	-87.8524	1
29.7839	-95.3045	5
39.1084	-93.2102	1
36.5895	36.1566	1
4.17598	73.5036	3
5.6627	-0.204882	6
50.716	-3.48514	4
-26.1568	-52.6728	3
52.8108	-1.62878	2
45.7248	9.65637	1
67.9222	26.5046	7
38.7571	35.3632	1
51.4058	-2.65234	5
56.1623	15.5919	1
-2.22308	113.915	1
61.4979	23.7657	1
-15.8418	-48.0262	13
-6.99231	107.533	1
43.7739	10.3897	1
-7.91187	113.811	1
42.2883	-89.1159	1
45.6457	0.145144	1
67.1987	19.4656	2
32.4835	-93.7859	3
-30.2041	-50.8677	2
13.786	100.63	3
8.95264	-75.4465	1
4.93414	-52.3054	1
41.6158	-87.5008	8
-3.79889	102.268	1
28.0941	-81.9725	1
40.732	-80.37	1
38.5303	-81.8977	1
-35.4146	149.077	1
47.0752	-122.409	2
43.2141	-8.29132	2
-18.5635	-46.5197	1
55.7163	37.812	7
31.12	-97.6828	1
40.897	29.2167	13
43.3612	-8.41932	2
38.429	-121.386	3
47.7173	-122.207	1
43.3276	-3.10427	1
-22.8215	-43.0007	4
51.387	0.52302	5
19.6596	-99.116	78
44.9319	25.4398	1
36.1302	-89.0197	1
49.7781	9.94286	1
37.6743	-122.1	2
-21.1722	-42.2562	2
50.8418	4.41038	2
37.6529	-120.991	2
39.1625	-0.25092	2
-32.1947	-52.8591	2
26.8074	-80.6531	1
36.5855	-119.632	1
-14.8623	-39.353	1
42.1257	-87.8362	2
2.43559	102.861	3
49.5427	5.68384	1
-22.3971	-47.613	2
34.5512	-77.9288	1
42.5199	-4.00558	1
42.4889	-91.4571	1
40.0962	-122.643	7
2.71494	101.963	11
-23.2514	-47.0591	3
33.736	-117.801	1
40.7636	-73.3197	1
40.2958	-74.1634	1
-32.8463	-71.2318	4
34.6766	-79.1967	1
-6.7296	107.043	4
43.1139	12.3807	1
-26.2485	-49.9051	1
-1.74911	102.839	7
37.1804	-3.59799	9
43.8399	-79.0917	2
4.92069	-74.0665	1
-19.8865	-43.634	1
47.2371	38.8775	1
3.23187	101.386	4
-27.3972	-51.5977	45
51.8873	5.39845	7
41.5372	-72.8019	15
49.1846	-0.372109	4
-19.0044	-48.3585	20
34.4239	132.388	2
39.6885	-84.0263	1
-27.2447	-48.6993	1
-19.6019	-40.7725	2
49.1994	-122.913	391
34.171	-118.511	8
33.9327	-83.3625	1
-22.916	-43.4474	290
51.89	0.822592	2
-6.74091	108.14	1
30.0836	-95.9871	4
-28.7303	-51.6044	2
25.81	-80.1401	9
56.0615	-3.44184	3
41.7312	12.9942	2
42.3433	-7.90485	1
37.7587	-122.235	2
36.3076	139.35	1
27.9944	-82.4681	5
32.3007	-81.8725	2
42.5147	-92.4476	2
38.7442	-75.1534	2
61.5218	-75.0065	1
57.6508	39.8704	2
32.3976	-99.4992	1
33.8988	-118.396	4
40.2161	-74.7742	4
-23.6566	-49.7803	1
34.0609	-4.97544	2
-6.98635	107.846	2
-8.80241	115.15	3
29.8239	-95.4621	17
35.1647	-89.956	3
-33.357	-70.4993	4
35.0137	-92.001	1
50.631	3.0472	5
3.21835	101.712	128
-0.0055879	109.298	4
43.2532	-87.9159	1
-28.1327	153.45	2
29.5943	-95.2503	7
39.2037	-0.431581	3
34.5719	-118.055	2
46.5847	0.371571	1
-29.6926	-51.2449	8
26.1763	-97.9819	1
51.4736	5.6531	7
32.8629	-96.9614	8
39.0929	-94.4169	1
36.7652	-2.61206	1
-6.9393	-38.6919	1
-12.3337	-38.4158	1
42.6396	-8.5571	6
37.7837	-90.4268	2
36.4751	-95.0172	1
13.0713	79.437	1
45.5433	10.8366	2
7.28708	80.619	1
40.2255	-8.45231	1
51.9037	-9.03369	1
24.8935	67.0892	2
-5.18654	119.441	21
38.6043	-95.2789	1
-22.7098	-45.0091	1
5.51292	103.047	4
57.1506	65.5568	11
-20.4274	-40.3758	11
48.8128	1.94829	8
22.1745	-101.007	1
-9.53333	-35.6873	18
39.1812	-93.878	1
41.0078	29.1263	15
-21.6608	-50.5263	2
36.7967	-4.68937	3
-22.7373	-42.0436	2
48.8488	2.81634	4
4.19853	101.271	2
46.5237	-80.9282	1
43.7807	11.2448	3
45.0739	-83.4229	1
54.1479	45.2109	1
41.5428	-88.0666	1
47.5193	42.1912	1
28.9837	-98.4327	1
52.1333	1.42003	2
10.6494	122.955	1
14.5576	-90.7331	3
-21.8843	-52.1946	1
-27.3043	-49.9758	1
-22.5245	-44.0809	13
32.6236	-86.0323	1
33.7392	-117.107	1
-23.513	-51.0998	27
0.330222	32.7533	1
51.2339	5.87835	1
40.1564	0.0452418	1
51.5618	-3.33357	3
34.9667	-78.7415	1
-21.0987	-48.8276	3
-27.7171	-54.2664	2
55.0844	38.7977	1
37.5786	14.9303	2
-4.67279	120.36	1
-2.1966	-56.7099	1
43.1168	-79.3299	4
9.14763	7.32554	1
52.1423	26.0964	1
37.3841	140.105	1
41.5257	-97.3104	1
-22.2387	-49.1125	9
54.6851	-1.79769	2
31.9563	-106.596	6
39.4733	-82.7392	6
41.6578	-91.5273	1
51.8873	6.30365	4
31.5709	-91.3458	1
42.0063	-87.6731	1
21.4878	39.2596	2
51.1477	-2.72409	1
-26.2721	27.8657	3
57.0085	40.9942	1
31.877	-95.8197	1
-14.2393	-53.1848	19
40.1112	-91.0197	1
-2.22487	106.18	3
-23.4208	-46.7623	20
35.011	-89.9561	3
36.6191	-79.393	4
35.8133	-78.0971	1
56.5222	84.982	7
36.227	-115.296	2
38.9399	-8.8576	2
-21.2134	-47.818	25
-25.7954	-48.7722	1
-22.7241	-47.2901	13
51.346	-2.9811	2
59.1077	-2.52048	1
56.7909	23.9296	1
-5.57684	-37.0035	2
43.8752	-79.3134	1
43.522	10.9426	1
-1.71186	113.698	2
23.6254	-102.558	4
-21.9575	-50.5321	2
-37.8715	144.592	4
18.9157	-99.2445	6
38.5642	-92.1652	1
-20.1651	-47.4249	2
10.0554	-84.4352	1
5.74916	101.865	1
-5.63676	-35.4174	4
-7.02902	-39.2958	1
51.4542	-0.0179565	10
37.9688	12.9749	1
19.4685	-98.7874	5
-17.4297	-39.8367	3
53.2218	6.56477	4
29.9042	-95.6339	1
49.4448	7.60418	2
-5.569	-50.0651	4
51.7452	4.18774	1
13.0543	99.9416	1
45.451	-98.4837	1
39.4715	-0.694595	1
-1.2252	101.741	1
29.3414	-95.0274	1
39.0705	-96.8364	1
-2.42837	106.432	1
18.0227	-92.9074	4
-25.4665	-49.0602	3
9.96563	-71.1256	1
50.5958	-2.45485	1
53.3498	-2.21184	25
44.7503	45.0003	3
32.8352	-96.144	7
34.067	-84.661	2
39.9789	32.7006	11
-12.0286	-77.0553	23
31.8941	-81.6164	1
41.9564	-71.2151	1
25.6826	-80.3851	1
-34.9996	138.631	2
-7.14941	-34.882	67
22.3111	-100.956	12
30.4805	-84.346	2
-21.112	-42.9762	3
53.1958	45.0387	3
58.5534	31.2773	6
-20.3075	-40.4704	2
32.5286	-92.6343	3
32.5302	-92.122	1
53.8169	10.3664	1
-22.5778	-50.4376	29
48.9858	2.46036	26
19.1943	72.8163	5
33.586	-84.0883	2
53.069	-2.40308	2
40.2295	-3.43926	2
48.7202	7.71643	1
53.6424	-1.79027	6
36.7328	-119.727	2
-29.553	-52.2026	1
-9.80042	-37.6872	2
20.0715	-100.745	1
18.8865	-99.4893	1
53.0947	6.42258	7
42.9564	-85.6601	1
9.4336	-64.4526	1
52.8294	1.39705	8
55.3146	36.2328	3
19.2658	-99.0055	1
41.0843	-81.513	3
5.20413	96.6596	1
41.6566	-83.5743	9
-22.6804	-47.0163	2
34.4259	-119.859	1
51.2001	5.53526	5
-6.74538	-38.2186	1
51.8231	107.584	2
39.9586	-75.9209	14
34.1998	-88.7168	2
-33.9153	150.931	1
-18.4249	-49.2195	3
33.9498	-117.399	2
-22.5918	-47.3616	9
42.8753	-83.0264	2
14.3814	-87.7091	1
33.7418	-84.1543	3
-20.2804	-40.2928	21
43.3881	-1.68395	2
-28.4795	24.6701	6
40.2488	-77.0246	1
-4.01464	-79.2036	1
52.6027	39.6031	4
29.2116	-81.0254	5
33.0473	-111.367	2
52.6962	-1.77482	1
46.0905	-100.663	1
18.1251	-66.4993	5
41.8238	-71.4	5
31.5411	130.589	1
40.5222	17.5674	1
54.3985	9.9839	1
-27.5825	-48.6727	2
5.8942	102.335	1
13.69	-89.19	9
40.5198	-74.2792	1
59.6493	16.6002	1
34.7519	-92.1312	3
-37.7954	144.756	1
42.7706	-73.8879	1
35.8196	-86.4345	1
36.6907	-5.88062	3
29.5808	-98.2674	2
37.496	-77.2773	1
45.5716	10.1773	6
54.5362	36.2486	5
3.01697	-60.6432	1
7.06799	-73.8627	1
-29.8768	-71.2471	4
40.0025	-75.118	18
43.0174	-82.5016	1
37.3951	126.964	1
31.4187	-103.488	1
34.7756	-81.6506	1
30.3887	-86.4823	1
34.3092	-118.428	1
43.1614	10.6173	2
-20.7841	-42.2826	1
42.4429	-76.4984	1
-28.3542	-53.5479	3
-21.5453	-42.6605	1
-8.58183	116.107	1
43.5654	-84.7753	1
30.9282	-84.5916	1
52.0286	5.38838	1
-23.8184	-46.1231	2
35.4887	-77.3717	1
27.953	-81.8797	1
60.1541	24.9206	1
44.9444	-93.2816	4
41.4177	-75.6063	5
2.16404	102.43	1
31.2077	29.9628	3
34.192	-93.0617	1
41.1252	1.26876	1
50.7888	0.0393991	4
33.6891	-116.202	3
-21.708	-43.4227	95
51.6631	-0.418032	4
52.9807	-1.89511	2
37.2942	-89.5261	1
14.5129	121.167	4
2.93265	101.756	24
55.7874	38.4574	1
43.7307	-79.7417	1
18.1323	-94.4838	20
30.335	-95.4527	2
50.4909	30.744	1
4.08487	9.67357	1
-6.43778	105.939	1
53.8438	-1.85079	14
-6.95023	-35.6921	2
-8.66924	115.224	36
45.4384	-73.874	2
-33.4087	-70.7358	13
27.7709	-15.5548	2
38.4246	-96.2066	3
-22.7449	-42.2907	22
45.5346	-59.3287	1
53.7594	-2.71447	4
-9.71929	-35.9061	1
38.9961	-5.72451	1
-23.4677	-49.3996	1
-15.4552	-55.8425	7
30.8457	-83.2832	2
38.6484	-8.51835	2
49.5625	2.58281	1
1.44387	125.193	3
27.8996	-97.1535	1
57.3322	34.8654	1
6.01958	102.071	1
-7.32762	109.587	1
33.1839	-117.297	3
55.0478	-4.02478	1
2.44455	102.292	5
13.9244	-86.1294	1
-28.4896	-54.2782	1
-23.8633	-46.2901	117
60.0278	29.8604	1
51.5599	4.7649	4
39.7291	-86.2538	1
-6.08007	-37.476	2
52.307	104.253	1
-23.086	-45.5067	6
52.4949	-1.88125	12
-29.7528	-53.8242	10
41.9306	-74.0374	1
52.0508	113.401	1
30.0608	140.596	3
28.036	-80.6483	8
60.9446	76.565	1
44.9008	-89.5695	1
34.3621	-89.5633	1
-23.195	-50.639	2
35.0242	-89.7814	1
56.4042	39.0419	1
41.0953	29.3891	1
-25.2239	-50.6319	2
48.5518	2.6561	6
51.3315	4.08017	1
60.2971	17.577	1
-24.286	-47.1393	1
42.2932	-3.84837	1
41.8588	-90.9234	1
-23.5185	-47.2424	4
-0.587732	111.388	4
-24.6385	-54.2475	1
49.9077	22.3483	1
38.4128	-78.7059	1
41.4459	12.8999	1
-22.522	-41.9373	1
52.2397	0.706021	2
52.8676	5.04595	1
52.3851	-2.27787	5
-6.59939	106.773	19
43.451	6.79082	2
25.0749	102.666	2
-30.2906	-51.9006	1
55.8466	-4.42373	2
48.9204	2.31398	48
35.6679	-86.8911	1
-22.4223	-45.4475	1
38.7892	-84.7438	1
48.2491	7.52806	4
31.0383	31.3629	1
51.782	4.5276	3
41.1932	29.0474	3
-8.0436	-34.9394	149
53.4578	-2.62177	6
52.7141	-1.37125	4
39.3826	-76.4697	1
20.6167	-103.421	2
40.6394	17.9315	1
55.3571	86.0964	1
-36.7374	-71.0353	145
40.6331	-89.3985	3
-20.5187	-48.6196	8
35.6001	-84.4953	1
-5.40065	-47.5474	44
36.0392	-115.029	1
49.1776	1.33333	1
-21.2068	-46.9548	1
-16.0342	-48.0634	2
51.4647	-0.412167	6
32.7364	-97.3353	4
52.278	-0.714253	1
33.1298	-91.9612	1
51.5541	0.127886	3
48.6839	6.11844	3
33.9112	-6.9693	3
8.85141	-76.4247	1
50.3881	-4.11457	21
-26.2617	-48.9665	127
28.2478	-17.14	1
3.63298	114.533	1
49.0031	1.62507	1
25.2442	-103.233	4
-23.6856	-70.4155	5
-6.39189	107.299	1
-11.772	-55.4066	2
-31.9505	115.854	2
33.0623	-84.1613	2
41.9534	-80.5685	1
55.7534	36.9753	1
51.1349	-0.177367	1
35.6471	139.709	19
37.3781	-76.773	2
30.2036	-85.6033	3
31.5633	-97.1374	1
19.7574	-104.306	2
-8.1851	-36.0151	2
48.6822	2.16379	6
40.815	-73.8169	3
33.4875	-80.8655	1
52.0472	-0.699798	3
47.1946	18.4412	1
-23.8963	-48.8749	5
-28.487	-49.0457	5
-20.6515	-40.4855	4
40.5404	-79.1578	1
41.6163	-72.475	1
42.1971	-8.77156	4
1.00185	116.394	4
19.2995	-98.453	1
-7.2771	112.717	187
-11.0019	-37.1007	13
38.4943	-0.730304	1
41.9472	-88.7741	1
1.07179	103.922	3
38.4638	-76.4824	1
32.9998	-80.18	2
55.6179	37.6979	3
25.535	-80.3961	3
41.3896	-82.1119	4
14.3207	-90.402	1
43.0715	-88.1639	3
51.6793	39.236	14
40.9589	-78.1239	1
-25.2945	-57.6599	2
30.9373	-91.4009	19
39.8249	-83.1504	1
38.339	-81.6727	2
27.86	-82.708	6
34.9849	-101.915	2
43.6073	4.86874	9
48.8394	2.65118	6
52.508	103.836	1
42.0924	-76.8095	1
47.2611	39.628	9
51.7689	4.95118	1
51.569	5.47186	4
-24.4399	-50.7457	1
40.8754	-124.081	1
57.0204	9.89013	1
32.0636	-81.111	1
34.4508	135.573	5
34.6838	-82.8164	1
33.9977	-81.7906	1
-25.0606	-53.398	4
-33.0198	-71.5421	2
44.5073	-103.874	1
49.6105	20.7044	1
52.5802	21.4896	1
49.8397	24.0297	1
23.2389	-106.415	1
40.683	-94.5285	1
41.1104	-81.0951	1
39.6966	-74.9081	1
41.3948	-73.4721	2
40.686	-112.043	1
55.608	-4.68096	3
29.3332	-98.4392	2
43.418	-88.3368	1
38.8912	16.6113	1
-13.3766	-41.358	3
13.7237	100.476	5
40.2141	-74.0253	1
33.93	-81.2356	1
45.6628	-93.9142	1
-27.0294	-50.8445	3
18.1163	-66.1405	5
51.2387	6.04793	6
-22.803	-47.4357	7
6.60366	116.862	1
52.6729	6.42484	1
35.1705	-79.861	3
41.2598	-72.8689	1
4.80789	-75.7363	2
-15.7763	-47.7966	77
48.8724	5.1711	1
38.497	-89.1439	1
33.7237	-90.5501	1
47.553	7.57859	2
37.581	13.7554	1
38.9547	-95.2522	1
19.6014	-90.3361	9
1.47326	124.871	3
41.065	-85.1273	3
19.1862	72.976	3
12.1256	-86.2621	4
3.89922	-76.3016	1
19.1644	-98.4097	26
-23.8438	-45.343	1
33.4681	-86.9024	2
51.5265	45.9785	6
43.5602	-7.82595	2
11.3205	77.6843	1
26.4742	-80.1207	2
53.5203	49.4315	1
32.7211	-97.0653	1
-24.0958	-46.8159	1
41.5372	-71.2918	1
39.802	-75.0479	4
46.2267	2.20912	1
40.4676	17.3857	2
-6.24699	107.078	31
27.6986	-83.8046	5
0.247298	-51.0637	61
-7.59731	112.236	1
4.22618	103.418	2
14.5562	121.023	11
36.7783	-119.418	4
-36.8476	174.763	2
-20.0545	-43.4527	3
31.4523	-106.568	3
38.9785	-77.6948	1
41.8984	12.5451	11
-41.4721	-72.9358	2
42.3071	-1.98076	1
62.0549	29.9463	1
-22.5985	-46.5122	3
24.0753	91.1153	3
53.5197	-2.04633	18
7.07258	122.208	1
41.5116	-89.0562	1
38.6204	-9.19497	15
41.5999	-83.9358	2
-29.4661	-51.7702	8
35.4644	-84.3658	1
38.98	-76.7341	1
39.5878	-104.898	51
38.8936	-77.0146	22
-12.2001	-39.0645	1
43.6939	12.6789	3
19.8932	-99.3574	10
44.8294	37.6465	1
50.4484	4.23991	1
59.425	24.7382	3
32.1751	-90.2864	1
-5.1356	-38.0204	2
52.2328	21.0607	7
-23.6351	-48.1082	4
36.0768	-79.7726	1
37.0338	-94.4947	1
45.0378	38.9976	2
44.8663	-0.573196	4
19.7247	-98.758	4
-6.7699	111.463	1
-27.0571	153.147	1
59.9106	30.4915	1
-21.6468	-49.6923	3
-7.52078	-35.3209	2
26.431	-97.787	1
-20.0904	-41.1119	3
-2.21043	-80.9579	1
33.7914	-118.156	13
42.4282	-8.62728	1
58.0006	55.9483	9
48.1736	16.3269	1
52.9964	6.98064	1
-2.67893	118.889	1
24.7907	-107.398	5
-21.4313	-50.0693	2
-7.8151	110.928	1
32.5455	-83.8825	5
45.7469	4.68005	2
49.837	-123.767	1
44.7115	-93.2835	1
35.2035	-80.836	8
52.0842	5.08277	1
46.3946	6.54024	2
61.1089	-149.44	1
51.9726	4.93596	1
51.1595	4.82911	1
10.3937	-71.4474	1
2.09982	99.8326	2
24.1721	91.3594	1
3.13446	101.838	1
43.6518	6.80498	1
43.6293	-79.2725	11
43.2944	-5.67792	1
52.619	4.63308	2
40.4331	-104.754	2
61.2734	73.4332	4
35.4711	-86.08	1
-20.5252	-45.5419	2
36.1392	-5.84957	1
39.7264	-121.838	1
55.8567	37.3602	5
20.6847	-100.985	1
-29.9153	-51.1773	25
38.4232	-82.4156	1
40.8497	-89.0362	1
56.0229	92.8965	3
38.961	-3.97836	2
33.5731	-7.57941	11
-6.69493	-35.5978	5
35.845	-80.2506	1
-22.2718	-46.1638	1
56.2339	-3.1437	4
41.408	-82.655	1
-29.5925	-50.8105	31
33.362	-79.2548	2
-22.442	-44.5232	19
33.6671	-117.66	2
-27.0531	-52.9701	4
9.02552	-79.5272	19
47.1141	-122.551	3
1.22835	110.697	1
48.9174	11.408	91
-7.54533	110.747	5
36.6649	-4.54945	3
44.9179	-92.051	1
45.5557	-73.7365	6
41.5499	2.45131	2
36.1094	-80.1043	1
40.4778	-3.70351	206
52.3871	13.1165	24
46.371	13.3094	1
56.8155	60.6136	9
50.9402	29.9046	1
59.9394	30.0922	9
50.4468	2.72105	1
12.9921	77.6696	1
38.2837	140.317	1
-17.7712	-48.6892	1
39.845	-83.3922	1
35.6332	-88.839	1
55.8656	37.5944	2
52.5843	-2.12454	3
25.6412	-100.294	33
-9.99977	-68.2655	1
50.652	-4.03372	1
52.2372	-0.906742	1
-22.8213	-50.2294	2
36.7511	-3.95517	1
-7.30976	109.866	1
-24.1265	-52.366	9
19.0036	72.8355	13
41.6163	-91.9127	1
-20.785	-49.3592	26
52.0511	-2.6917	2
14.8838	-89.5132	1
-12.1958	-77.0103	1
-6.24007	-36.4424	1
51.9721	6.5152	1
29.5333	-97.9993	1
-7.28945	109.032	1
43.1302	131.935	5
35.7602	-81.297	1
43.0062	11.9436	1
35.4008	139.376	5
30.4191	-91.0985	2
55.0811	21.8826	1
3.03296	101.654	79
49.2394	6.09919	1
49.44	11.1354	13
-6.47657	108.303	3
35.0715	-78.9175	11
36.1866	-86.7851	4
47.8568	1.91054	1
59.0838	17.5272	4
56.537	21.0366	1
42.0618	-72.4988	2
3.09481	103.085	1
-15.8579	-48.9564	1
51.7734	19.4806	2
-23.1418	-44.6958	2
-22.696	-47.6586	8
-3.27013	-79.9661	7
-2.18386	-79.9031	25
29.603	-95.5624	4
-2.57242	-59.9803	179
42.6513	-73.7571	2
35.8928	-79.0684	2
-0.887348	119.869	1
53.4084	18.388	1
-29.5985	-52.4412	1
54.6929	25.3049	1
56.9715	24.1287	9
-3.08928	-60.4448	1
51.4284	5.3963	14
20.0567	-99.3846	1
32.9826	-111.522	2
38.8048	-77.237	9
0.80173	127.384	1
42.8506	-2.69861	7
52.2797	5.96314	2
-18.3797	-49.4663	2
35.5625	139.388	3
33.809	-84.3951	17
33.9801	35.6378	6
-9.02805	-42.652	4
18.5491	-70.0637	5
55.0193	-1.65244	3
-32.1821	-52.1717	2
52.496	4.78806	1
30.207	-92.0612	1
-34.7366	-58.4242	2
45.3231	9.36708	3
52.4598	-1.53326	8
13.5111	-88.347	1
37.5054	14.8045	1
48.0665	-122.178	1
-22.6928	-45.5382	1
52.3995	16.9063	1
52.5138	6.60128	1
41.6051	-90.6223	1
39.6901	-105.126	1
0.613618	-51.695	1
39.2207	-84.4665	8
35.8399	129.202	1
-22.812	-46.2762	28
8.17047	98.2958	1
60.9716	25.689	15
0.91704	104.44	1
42.6349	-71.3362	2
36.0243	-108.627	1
0.631816	101.416	3
20.5227	-100.772	2
32.9469	-85.964	1
34.0071	-118.761	1
-7.61651	111.947	1
-29.3448	-50.7668	2
52.747	6.96446	1
46.9163	-96.7844	2
41.3781	-83.645	2
-22.5095	-44.7715	1
-34.9744	-71.2202	2
-21.2475	-43.7915	2
62.0504	129.752	1
53.3123	-0.935788	1
26.1855	-97.676	7
40.3443	-75.8732	13
30.033	-89.8826	6
-21.9643	-51.3537	9
37.4241	-81.01	1
39.4192	-77.3793	8
-23.6509	-47.5666	1
32.4415	-87.0357	2
41.2062	-74.002	2
34.1744	-84.1296	1
-29.0227	-51.2341	3
54.6287	-1.65157	4
20.941	-89.6236	12
45.4846	-122.805	1
36.4504	-89.9632	1
38.0782	13.5131	1
56.0897	12.7645	6
-6.84146	107.483	3
38.3047	-92.4371	1
42.0178	-71.0242	1
42.8158	-1.6496	1
1.59412	103.812	2
-29.5883	-51.3433	10
-42.8833	147.328	1
31.947	-81.9309	1
-21.3455	-48.0716	3
17.3421	-99.364	1
41.5217	-5.39254	2
-7.41606	112.583	2
-23.5594	-46.1857	5
39.1804	-96.6106	1
23.7674	90.3707	7
49.185	-2.0931	1
42.3027	-85.215	2
4.27265	100.636	3
-22.8843	-42.0225	1
41.3587	-72.1046	2
48.6374	7.44455	1
19.0225	-98.3065	3
-32.6271	-70.6982	5
35.0225	-106.748	7
60.2606	24.0141	1
32.4216	-104.245	1
36.1133	-5.48741	8
32.4114	-80.5417	1
29.985	-82.1255	1
40.1809	-3.65453	7
-7.85007	112.7	18
55.8852	38.0763	1
47.031	8.1752	3
18.8437	-97.105	3
-7.10378	-49.9421	1
39.2288	-76.8096	3
0.138739	117.493	1
38.8355	-9.36057	11
45.6567	8.96161	1
41.2927	12.5735	2
29.9651	-95.4931	1
38.0386	23.6837	2
42.0147	-4.52663	5
52.3549	6.47703	6
39.1495	-76.5732	1
40.5559	-3.26524	3
48.2004	4.26328	1
38.0505	-121.345	2
36.8465	-2.46833	1
-20.9449	-54.9564	1
46.8359	7.65833	1
57.6999	11.9527	1
45.8586	1.23198	7
-22.985	-47.5033	1
38.2565	-85.814	6
39.1978	-76.0371	1
55.0811	36.6037	5
34.738	-92.3429	2
41.8309	-79.1529	1
44.447	-79.8013	2
28.3323	-81.5967	2
19.3631	-96.3667	1
34.4012	-118.917	1
43.9389	17.5786	1
-22.5874	17.0842	1
19.0322	-98.1543	53
-28.3065	-53.9244	4
51.8781	20.8895	1
61.7464	50.8191	2
38.9417	-92.3242	1
-23.042	-49.7425	1
48.7837	2.37134	29
54.3768	-1.71081	1
49.1951	11.1317	9
41.4283	-91.0438	6
39.1274	-84.5957	1
41.0769	-111.967	1
-18.878	-46.1941	1
-27.595	-50.3811	1
-6.04242	-38.1007	3
18.6511	-91.7901	1
36.0744	-79.27	1
25.091	55.3853	1
42.2869	-71.0914	9
32.5711	-89.8764	4
-20.0759	-43.8929	3
28.1031	-15.46	3
44.675	11.0532	1
-7.04804	110.428	12
33.7277	-118.297	2
-20.7352	-48.5892	34
-25.4516	-50.0507	1
49.0605	142.061	4
-3.0098	-55.195	4
44.8064	10.3344	1
-21.5472	-45.4409	3
34.0342	-117.604	1
-7.1654	-36.7792	1
39.6148	-3.33958	1
43.4802	13.2037	1
40.5229	-87.249	2
4.44572	-75.2293	1
54.6577	-5.63615	3
-15.7182	-43.4193	2
6.62063	3.47702	1
51.7215	36.1846	1
-30.1039	-51.9613	1
53.1039	-1.03437	12
32.8207	-96.7315	10
40.8822	-73.4097	2
-19.6047	-47.9692	1
44.7663	11.817	18
32.5355	-96.6594	1
68.954	33.1359	8
-16.0604	-45.2447	4
-23.6496	-46.8549	74
43.0579	-87.9671	38
-28.2628	-52.4442	10
-20.6948	-44.9946	1
1.85964	103.096	8
50.4228	4.42765	4
52.1915	5.3937	2
51.7027	7.83884	1
39.5337	29.489	2
32.8327	-83.6442	2
5.5095	95.3083	2
-23.7454	-45.6207	9
14.6652	-90.557	5
-7.9725	112.629	18
62.649	30.3449	1
47.1772	-1.59246	2
21.6118	39.132	2
41.6693	-4.77951	3
-23.5259	-45.8662	4
-19.604	-43.2996	1
32.5311	-94.3431	1
40.7062	-111.9	11
-21.8447	-51.7514	1
51.3364	0.808984	140
-9.75808	-36.6473	2
-23.4842	-46.5864	47
-22.8952	-47.0303	75
32.5378	-117.017	4
51.2271	6.80273	1
-22.9365	-46.5619	1
69.3904	12.2745	1
-0.28786	36.0729	1
-27.6534	-51.0923	125
37.5394	-122.282	5
-20.1234	-44.9224	4
-28.6863	-51.9454	1
31.4993	-82.8484	1
28.0948	-17.1674	1
48.0814	7.35276	1
45.1713	18.0347	1
-24.6146	-51.3215	1
35.3632	137.238	1
47.613	-122.342	3
39.5756	-77.2907	1
9.93467	-84.0369	9
-29.9856	-71.3429	1
56.321	-3.01698	1
14.5007	-90.5606	3
29.2333	-94.8733	1
-23.7108	-46.4227	96
43.2519	-2.93316	10
35.4771	-80.6274	1
61.6273	23.1618	59
20.152	-100.992	1
50.2033	-5.49001	1
59.3942	18.6174	1
-22.8383	-48.5474	4
4.24884	117.907	1
56.3431	36.7211	2
40.1182	-88.2714	3
19.4742	-99.3104	24
-30.5529	-53.4955	9
30.0137	-90.0812	1
36.7919	-108.693	1
48.3414	-122.675	1
26.8782	-101.221	3
32.335	-95.2833	2
2.25483	102.275	5
36.0012	-77.8129	5
42.1104	11.8025	3
38.0083	-122.262	3
6.01225	116.396	3
63.0866	21.6425	5
34.5299	-117.314	7
38.5055	-1.69434	2
2.04811	103.382	27
53.644	55.9553	1
34.624	-77.4785	3
52.1908	4.4131	4
-23.1538	-50.3434	1
42.164	-79.3893	1
53.0915	-6.60631	1
60.2955	23.2921	2
30.0526	31.3419	5
-10.2485	-40.7399	2
20.7161	-105.274	1
36.6727	-108.09	2
42.003	-79.8075	7
53.5846	-2.48296	2
-31.9036	-71.4953	1
42.9001	-83.5023	1
-28.7189	-53.5192	4
49.2547	1.17894	1
42.3154	43.3569	1
41.2218	-80.8044	3
43.3552	5.18785	1
6.05624	102.246	5
33.2205	-87.5417	1
29.9837	30.991	4
10.5048	-66.9057	10
-25.0343	-47.9877	1
38.8299	-90.296	2
40.8239	-73.0558	1
-23.1295	-46.5728	10
18.0818	-96.1149	1
32.9078	-96.6057	3
-3.78965	-38.5199	55
14.8286	120.287	1
-20.9392	-48.5262	1
-23.2981	-47.2769	2
52.9399	-1.28503	4
33.7437	-84.6917	1
38.9244	-94.7301	1
38.2726	26.2618	1
48.3884	2.96241	1
34.0617	-117.184	1
39.0353	-104.458	1
-29.709	-52.7772	1
-23.6961	-52.3891	1
-5.17913	-36.3534	1
19.2767	-99.1655	72
41.3218	-73.8386	1
-27.2766	-51.6758	80
-22.0695	-46.5695	1
56.008	-3.88049	2
48.262	-65.5966	1
29.2121	-82.0633	1
52.3712	-0.224309	1
51.8869	4.68604	2
52.0474	4.47811	2
35.9269	-89.894	1
40.5581	-75.9769	1
32.459	-80.9836	1
35.2892	-78.9453	2
-37.068	-12.3113	4
51.5163	3.83821	4
15.5085	-88.0462	1
53.879	-2.18935	1
50.8575	-1.62926	2
36.3982	-78.9771	1
48.383	31.1814	74
-24.6742	-51.7844	1
51.0672	-0.310301	1
-5.21541	-42.8028	12
55.0015	82.9557	3
42.7418	-84.626	2
49.6732	10.7279	1
39.5609	-83.7787	1
-19.9422	-44.1928	10
49.8143	73.0806	1
41.7771	-72.5238	2
7.10412	-73.1206	3
39.1679	-119.776	2
29.7908	-95.11	2
16.2586	-92.301	16
32.7217	-79.9747	1
51.703	5.32491	20
37.2968	-121.817	1
42.6996	-71.1623	1
-7.27568	-35.9777	14
-12.6667	-38.2047	2
-22.1257	-47.4895	2
34.6919	137.715	2
8.12923	-63.5409	14
-6.74218	107.304	1
-21.9722	-47.4137	1
8.93071	-79.7355	2
37.1203	-80.5517	1
31.8036	-96.2175	1
51.8283	5.85065	2
47.3219	9.61368	4
59.9342	30.3287	62
-29.8024	-56.7397	4
37.0757	-79.6515	1
-29.2154	-51.3715	8
5.1439	-73.6876	2
23.6125	58.4538	1
34.1916	-82.1528	1
-20.6488	-41.9102	3
6.31416	99.8535	1
33.3955	-111.738	1
-6.35789	106.495	6
53.7619	-0.331942	2
-7.51277	110.245	1
18.3867	-66.1591	3
52.7455	5.30913	3
24.4965	54.3806	2
52.921	-4.14255	1
63.7341	-96.2958	1
19.1003	-103.657	2
51.6398	-3.00568	1
36.0805	139.677	1
14.6148	-61.0764	2
-8.52594	115.258	6
47.9047	-0.624939	2
-8.81968	13.2461	1
46.225	7.34329	2
-15.4838	-44.3804	1
34.0374	-80.9375	7
-26.7096	-51.9527	1
35.5074	139.762	4
-23.4479	-45.0758	2
39.2204	9.09584	1
36.7535	-6.3461	2
42.3466	-8.84242	1
-33.6252	151.136	1
5.18499	97.1433	2
-10.1991	-48.3122	5
52.3548	4.90405	2
53.7172	27.9867	33
50.1622	-5.08698	2
54.5985	-1.08028	48
31.8077	-92.7361	1
40.0168	-75.6709	1
-3.00599	120.199	1
-23.5807	-46.706	2
47.4824	19.1295	4
-22.3352	-47.3295	7
-7.60227	112.687	1
42.8752	-5.63796	1
-3.12394	-47.6536	4
29.6543	-95.3877	2
-6.97802	109.925	2
-6.6801	108.533	3
52.9146	-1.46997	5
9.95954	-84.1911	2
-23.1873	-47.756	5
22.2437	-97.8374	7
52.0978	0.0312869	2
18.768	-98.9826	1
-21.4377	-48.5185	1
-21.8786	-42.6876	1
41.9845	2.8404	2
10.9854	-74.7927	13
-26.1206	-51.0906	18
-7.39976	109.238	4
39.0919	-94.5755	3
43.9291	2.13251	1
5.36751	100.421	7
-6.16896	106.827	261
51.7485	-3.37372	3
37.5249	-121.92	3
60.2084	14.6944	1
40.8845	14.2289	1
34.4829	-110.288	1
41.7656	-72.6803	5
28.3558	-16.3707	2
54.3165	10.1336	1
-26.0693	-53.1264	21
28.8276	-81.8909	1
-25.1476	-50.071	23
29.978	-92.1275	1
39.2527	-84.7921	7
-30.2911	-56.1623	9
36.4768	-110.655	2
-23.2007	-48.2349	1
56.3975	8.55838	2
-2.42398	-54.7349	4
37.1205	-8.54469	4
-3.8834	-40.2451	2
45.0402	41.9708	4
-26.9752	-52.5357	1
-7.45968	112.742	4
39.4012	-6.44088	1
35.2602	139.662	1
51.8147	1.07715	1
-36.815	-73.0241	1
-21.2385	-44.2815	12
33.9794	-84.0084	5
-6.51005	110.766	26
48.8932	2.0658	2
38.2003	-84.8521	1
-25.8609	28.1367	1
-20.3498	-41.9347	1
-21.4064	-45.4872	148
-5.18745	-37.3473	25
-6.23368	107.361	2
-25.2963	-49.3218	9
50.102	8.84683	1
14.7319	121.068	1
54.2576	18.6452	4
11.4122	-69.6597	1
44.6179	-75.769	1
35.1236	135.667	2
6.50897	116.566	1
-8.54306	-35.012	1
-25.4528	-49.5696	14
39.4771	-87.295	2
49.8538	-97.2044	1
-9.3956	-40.518	1
44.1049	-79.4658	4
16.7419	-93.1397	2
39.8495	-74.8563	1
43.3588	10.5079	2
53.8153	21.9472	2
3.15609	101.583	3
-8.33728	113.607	1
-8.12121	112.573	1
21.0487	-87.0318	1
-21.7554	-48.172	16
41.3982	-84.6695	1
51.3067	-0.551271	2
39.7481	30.6191	2
26.2263	-80.2082	6
-28.0015	-50.3477	5
40.9147	-72.6637	1
-23.9278	-52.3169	1
-30.0017	-51.0547	1
-28.4873	-52.2858	1
-17.9138	-43.6532	1
41.7581	2.06928	6
40.1452	-82.966	1
40.7139	-89.5956	1
13.7575	-60.9829	1
20.5971	-102.559	5
37.7713	-3.90164	1
39.0313	-80.4725	1
32.4714	-89.4343	1
2.83016	-60.6753	1
40.7913	-72.8118	1
40.9169	38.3896	2
40.3174	28.9373	2
-23.2102	-46.7565	2
39.4677	-83.2573	1
33.732	-90.7138	1
40.6357	-74.3984	2
39.3259	-8.72129	7
-29.0686	-51.0353	85
49.0487	2.09035	1
32.5718	-89.1125	1
5.32964	103.141	7
35.673	-90.5286	1
30.3563	-87.2667	9
39.8753	-86.2848	2
-20.595	-47.3472	5
35.7593	-5.86816	1
-29.1713	-51.7304	1
26.4929	-81.7837	1
53.2729	16.4496	2
52.5788	-1.19918	2
42.5936	-5.58254	1
44.2151	20.9238	2
26.6876	-78.9669	1
46.34	10.3707	11
35.5211	129.103	1
41.0431	28.9671	12
37.6893	-75.722	1
30.3449	-81.6831	2
33.6921	-118.011	19
45.158	5.66956	4
39.6922	-3.74875	1
-26.1965	27.9963	1
44.8808	-93.5452	1
-29.96	-51.7253	1
-20.0322	-44.4428	3
-23.8811	-47.9975	1
45.3871	-75.6506	1
56.2577	-120.831	1
48.9313	6.01027	1
35.1688	136.949	1
51.5289	0.438526	6
40.3199	-3.89323	14
-26.582	-52.2492	1
55.8554	-4.23242	13
42.3526	11.6067	3
51.2779	-1.1012	1
6.04031	116.133	3
19.9066	-100.559	2
33.3109	-93.6298	1
39.2782	-84.9637	2
51.5773	4.06722	1
9.84037	-84.3272	1
45.6348	11.4861	2
-3.30507	102.844	2
-29.3559	-51.9688	2
51.171	7.07061	6
-26.3061	-50.5016	3
-23.1117	-47.1947	6
33.4595	-88.831	1
39.0242	-82.0312	1
-2.67479	-79.6162	1
53.3604	6.38202	1
53.0493	-3.06818	2
40.8157	-81.375	2
37.5204	127.059	2
-3.11963	-59.9854	40
29.6965	-95.7697	3
34.8861	-77.791	1
32.773	-80.9685	1
31.9883	-102.041	1
31.2434	-90.4729	1
-35.4325	-71.6372	1
-23.4254	-46.0575	2
38.2755	-80.8505	14
-5.15527	-44.1652	13
42.4878	-83.2373	46
53.4027	-0.78372	13
40.8893	26.9047	1
37.622	-1.01556	108
-21.65	-41.4319	4
24.958	46.7042	1
-3.1107	-41.4845	23
58.0225	56.1443	23
-5.88379	-40.2877	1
-29.1878	-51.8741	4
-21.5888	-48.8205	2
43.0556	-2.33565	1
38.0643	-1.51597	2
61.7274	17.1035	2
-0.417549	116.985	1
37.9824	-101.13	1
36.556	-4.68407	4
32.8482	-79.816	1
42.2695	-82.1697	1
34.6789	135.516	9
54.4893	-6.77766	1
35.7141	-6.91635	2
-29.8636	-50.5628	5
-22.1994	-55.544	3
-23.062	-48.9055	1
45.7883	-122.471	1
-1.27644	-47.9432	1
43.6104	3.87434	3
3.75399	102.541	1
42.0429	-73.9485	1
30.5288	-91.1994	3
-16.3051	-48.9725	16
41.1848	-73.199	1
45.4025	9.12875	12
44.1023	-103.248	2
39.7164	-83.88	3
53.351	50.2153	1
23.715	92.7192	2
45.401	8.94849	2
45.8459	40.1163	1
-34.5827	-58.4062	1
52.6401	1.27308	2
42.4586	-85.7095	1
-34.1778	-58.9596	2
-7.78094	110.364	59
42.3446	-3.68944	3
-23.2966	-46.2331	1
52.8021	-2.11921	3
48.3311	7.31337	1
27.6881	85.3415	1
36.6748	30.5654	1
10.3629	-66.9636	4
-19.7776	-44.0706	2
33.4488	-4.15708	1
51.3869	5.78222	2
42.6534	27.6989	1
-23.2569	-45.8313	8
-23.0614	-45.9175	19
34.0459	-117.772	3
6.33519	100.263	4
-1.26856	-78.6406	2
5.06951	-75.5094	7
39.0493	-76.9246	3
-2.00454	-49.8583	1
-22.3872	-43.1873	2
61.2104	-149.863	1
39.7393	-89.2665	9
49.2689	29.8437	1
38.8819	-86.4433	1
39.2514	-2.61475	1
52.8471	-2.29813	1
40.5857	-80.0387	4
40.3356	-3.73984	1
17.0915	-96.725	1
-33.9116	18.6699	1
52.3773	-1.24367	3
55.97	12.8618	1
37.7508	-121.952	1
-1.25518	116.912	5
40.4198	-8.25854	1
39.9014	-6.28302	2
48.2679	4.08649	1
59.4743	32.0514	1
34.9804	-79.2297	1
40.5615	-74.5291	2
-10.3355	-58.5891	2
-4.83807	104.875	1
21.4214	39.5043	3
42.2911	-84.4241	3
40.651	-73.8712	12
34.0024	-5.5429	9
27.7118	-97.3252	1
28.7047	-17.7979	1
54.7305	56.0378	1
38.4981	-98.3201	5
14.7433	-17.4531	2
39.0538	-77.4537	3
30.0967	-93.7702	2
50.6906	-1.28923	1
-37.9096	145.248	1
35.9076	-81.5531	1
-22.5461	-48.6355	23
41.6047	-93.7134	4
51.6073	18.9153	1
40.1021	-74.9515	1
13.6378	-88.7853	1
-22.2295	-49.6901	1
-30.4164	-53.6701	2
41.0099	28.6202	10
44.5676	-123.274	1
39.0737	-84.298	2
39.857	-84.1133	3
-4.03904	39.6816	1
1.58768	110.321	2
43.1534	-8.48066	2
-26.4283	-49.3274	1
50.8452	-0.130547	2
8.01066	-62.4074	1
37.6698	126.764	1
44.2277	4.16393	1
3.25594	113.067	1
49.1762	6.49373	1
23.4681	-106.272	3
33.2205	-97.1262	1
39.8744	-75.2407	3
-23.47	-47.4366	115
-25.6313	-49.4623	3
41.1179	-77.6047	1
51.3574	-0.181588	1
-1.01657	-52.0695	1
50.1801	19.2869	1
42.0068	-71.4939	1
42.6679	-82.9068	1
40.7695	-73.9676	39
-21.0578	-45.661	5
40.7753	30.3997	1
46.6937	20.3467	1
51.4774	-0.887665	3
-21.7896	-48.8606	1
34.0675	-118.01	11
45.4443	11.0005	37
43.3078	-1.97537	2
25.4431	-100.959	1
37.0681	-88.6205	2
3.75431	101.949	1
-1.59416	103.619	1
37.8771	-3.62834	2
-30.3331	-54.374	37
53.4039	-1.5631	16
-26.9981	-49.2271	7
33.4558	-80.5001	1
49.3479	6.94227	5
36.0473	-115.261	7
41.4823	-87.5661	1
41.6708	26.5899	2
36.3048	-108.691	1
35.107	138.868	1
51.8917	-8.50706	1
42.0007	-92.6536	1
6.36543	2.46682	1
-12.1581	-45.006	4
40.0076	-3.69751	17
