Latitude 	 Longitude 	 Weight
50.0645	5.76072	1
-19.9187	-43.9598	65
30.0452	-94.8042	1
52.1184	-1.01848	2
19.3184	-98.2454	2
55.5715	38.2275	3
43.1863	-70.8904	1
41.7479	-88.16	6
57.2547	60.1177	1
34.6809	135.163	1
35.165	136.911	3
52.9908	6.25643	10
-6.83788	108.232	2
49.1197	2.52179	8
36.5771	-79.4133	1
16.959	-99.7356	4
35.341	-80.7606	3
10.2099	-71.3146	1
37.3518	-79.181	1
52.0429	18.3787	2
9.18928	12.5042	1
36.4181	-95.599	1
53.9265	27.5648	12
18.3568	-93.251	1
33.6039	-117.658	6
40.97	-5.65174	1
36.3998	-78.1593	3
51.5288	0.00616451	64
49.097	7.10438	1
38.611	-0.0362707	1
47.546	-122.061	4
3.67766	100.987	1
54.7597	55.8957	13
50.795	-2.61142	4
38.1299	13.6112	1
32.4519	-85.7151	1
27.8303	-97.2212	1
42.0483	-72.5696	2
38.502	-117.023	2
40.6141	-74.4499	11
-22.4012	-49.4018	2
48.3429	-122.674	1
41.568	-72.1428	6
-29.5564	-49.8927	1
-15.6069	-47.6195	1
50.6294	-2.46326	2
18.6269	-68.7116	1
47.47	-122.337	2
54.7515	83.0878	1
54.174	60.2421	1
43.6814	-79.7831	5
42.7118	-80.0441	1
-26.4195	-51.8397	4
35.8305	-85.9786	1
33.7532	-112.317	2
42.4875	-83.2484	49
32.3329	-116.929	3
38.2862	140.289	4
49.6221	6.5865	2
10.403	-61.4709	2
22.2703	-97.9168	5
56.4004	-3.47885	1
28.2478	-17.14	2
29.2069	-99.7833	1
5.27975	-73.5843	1
-22.7177	-42.6203	1
31.1099	-83.4234	1
53.3934	-2.91859	9
59.2241	9.54735	1
30.6733	29.334	1
-37.0419	-72.3728	1
-37.7362	145.015	13
58.6047	99.1873	1
40.0331	-75.085	43
13.3272	77.1249	1
-22.4361	-45.3967	1
42.9427	-74.1917	1
5.55652	117.855	1
30.5215	-87.0126	1
-19.4731	-40.6271	1
36.743	-119.243	2
1.1306	104.055	1
32.491	-84.8741	3
-2.09085	-79.9031	52
1.52295	124.881	3
39.8507	-74.9097	1
-38.2363	-72.3494	1
49.1061	0.722818	1
-25.7366	28.3778	1
49.0321	7.9472	3
52.6003	39.6002	4
61.1843	-149.929	1
38.5806	-76.0794	2
-23.6839	-46.9469	6
-23.3197	-46.7313	2
9.38547	76.5752	1
-37.9214	145.196	1
41.9538	12.52	2
43.6293	-79.2725	30
-6.90558	107.626	76
33.6666	-112.455	1
2.78473	102.233	2
28.4811	-81.3687	24
40.9598	-73.9195	28
41.355	-81.6931	11
41.9782	12.7103	1
-29.9153	-51.1771	10
43.222	-123.356	1
47.1641	11.8614	1
38.4061	-0.430703	2
51.9141	6.56715	5
-20.893	55.4468	1
33.5914	-101.888	12
18.0722	-66.7445	2
37.8223	-85.7682	2
34.1318	-117.278	14
55.9183	-3.26502	2
-23.8078	-47.7261	2
41.9161	-72.786	2
34.3701	-89.533	1
21.3258	-157.801	6
53.2109	5.67335	10
-20.7399	-48.9021	2
41.8686	-80.1317	1
-23.3116	-51.3669	1
39.8699	4.22283	1
52.2362	5.19492	4
43.0888	-70.7565	1
5.75841	102.274	1
52.7907	5.14252	5
52.899	6.885	4
53.5786	-6.12073	2
24.7888	46.7847	4
41.2863	-72.4946	1
5.54012	-73.3598	13
23.6024	58.4051	4
-21.5588	-51.596	3
49.5892	10.9845	1
38.7988	-77.5935	1
62.0286	129.743	2
-3.27014	-79.9659	4
3.44052	102.417	1
19.6302	-99.1307	1
-20.0806	-44.5819	2
51.6669	-0.606697	1
19.2256	72.8619	8
41.7273	12.3005	1
41.9383	-93.3898	2
-20.3359	-48.3961	2
47.4956	-122.197	8
-32.1078	26.465	1
45.2215	-123.204	1
-21.1873	-45.4382	1
56.8105	24.6057	6
43.7257	10.8047	1
41.5379	2.11086	1
28.9699	-111.498	7
62.649	30.3449	5
56.0731	-3.44523	5
50.841	-0.783252	1
43.2699	-2.93232	9
33.3811	-111.599	1
47.0979	1.86477	1
47.5249	-122.639	1
34.1682	-111.931	2
4.08145	-76.1946	1
46.0205	-73.4506	1
8.25755	-62.7807	3
49.4061	8.68319	1
41.7387	-88.009	2
19.7969	-70.6893	4
47.4815	-0.563019	8
19.2843	-81.3815	2
47.0739	5.50228	2
-6.9383	107.775	3
19.4325	-99.1534	157
31.9855	-87.5928	1
-19.6263	-43.8892	1
46.2688	-119.159	3
56.1932	-2.99872	1
-22.8927	-43.1176	21
-22.9949	-43.2393	3
37.6868	-122.472	44
43.513	3.41615	6
47.1954	-1.40941	1
33.2073	-87.5151	3
25.7936	-109.029	1
24.5955	-104.841	1
37.8251	-7.87556	1
33.4381	-86.7415	6
19.7496	-88.0135	3
30.6409	-88.2401	2
-22.8851	-43.8292	1
38.0453	23.7882	1
-23.417	-54.5603	2
39.1232	-94.7484	1
1.5726	110.327	1
-34.0376	151.097	1
-5.11723	105.314	2
56.1459	8.81087	1
37.9995	-84.4434	7
43.4058	5.02596	1
28.7678	-106.909	2
-6.46615	107.445	2
51.2496	5.7175	7
31.6643	-7.99466	4
38.2271	-85.2423	1
42.7847	-73.8638	5
-23.4057	-51.9683	5
35.3103	136.791	1
29.5215	-81.2365	2
49.3598	1.79644	2
34.7602	-87.9681	1
52.3188	6.90207	16
37.0187	-4.56312	1
20.1323	-98.3604	1
5.00681	116.19	1
53.011	9.03651	5
34.2071	-77.8721	3
40.1411	-74.8493	7
53.3215	50.0679	5
-23.2969	-45.9737	11
47.434	-120.328	1
35.4946	-97.5789	4
50.3528	-3.59143	1
47.68	2.62935	1
-24.7871	-65.4129	1
27.7117	-97.3219	6
39.3735	-104.841	1
53.5906	-1.19892	3
32.0844	-96.4779	1
-22.1847	-49.958	1
3.58111	98.6676	22
49.6555	0.872918	1
37.5153	15.0883	1
54.0536	-2.19073	1
-33.9408	18.8574	8
52.0263	4.92474	16
42.0255	-93.6459	1
-27.8411	-54.5215	1
-19.9785	-43.782	1
35.7796	-5.80586	2
39.4159	-76.7984	3
6.38993	100.426	6
13.5341	-89.8194	1
46.9589	-122.823	3
10.4974	-66.8833	8
36.8585	-111.446	1
43.6111	3.16391	4
41.5215	-72.808	8
40.6945	-8.52017	2
-27.1656	-48.5244	1
42.8962	-78.876	9
29.0535	-97.2056	1
57.7	11.9701	4
51.8797	-0.385321	3
35.309	-98.7166	2
-16.6428	-49.2612	17
25.1042	55.3361	4
40.3913	-80.5495	1
-33.8362	18.6612	2
5.95791	116.073	8
12.9838	80.2014	2
52.0231	5.55162	17
25.0241	121.461	1
43.893	-0.500742	2
50.406	6.83129	1
4.89525	100.716	2
54.4869	-3.53844	1
47.6965	13.3458	1
-16.393	-71.5373	1
34.8299	-86.5103	2
36.5559	-4.68427	14
53.4619	-1.04773	2
50.5422	-4.1535	1
21.9267	-99.9972	1
-29.6051	30.3877	5
61.0025	11.1317	1
40.0318	-83.1697	1
50.1927	8.74736	1
24.6702	46.7043	1
50.7316	-1.85106	3
45.7578	4.8351	26
53.0765	-2.42689	1
-37.6679	144.849	1
16.2345	-93.2764	1
44.7532	14.7711	1
53.3549	-6.2476	28
-29.7338	-51.0571	14
-3.10641	-60.0264	24
18.3197	-64.8824	3
-33.6792	151.302	1
26.587	-81.9427	2
51.9829	6.72707	2
43.8226	4.23046	2
36.2447	-115.034	9
11.2895	124.961	2
52.5379	5.34582	4
35.8023	-90.6756	1
42.6582	-78.7513	1
34.7014	-86.6686	8
49.05	2.20207	28
27.8773	-15.4801	1
-1.00247	100.443	2
36.2749	-95.8355	1
-29.753	-53.8242	3
-17.3796	-44.866	1
-31.5614	-52.3342	8
18.8795	-99.1606	3
52.2694	-6.96723	3
52.9704	36.0825	1
45.6583	10.0366	3
46.1174	6.01368	5
5.82035	100.65	1
57.8651	14.1586	2
-24.0534	-48.27	1
54.3051	47.9533	1
38.3102	26.6817	1
-18.7336	-39.7561	2
15.5186	-88.0159	4
52.7528	6.71888	2
-7.27568	-35.9777	5
12.8048	74.9329	1
50.6729	4.57014	3
48.6989	-1.38745	1
40.6195	-74.2957	11
-6.89416	-35.456	1
37.3053	-6.11304	3
14.564	-89.4527	1
48.7143	1.35211	3
35.9672	-84.0093	2
56.1385	40.4177	2
51.6688	-3.74911	2
22.3111	-100.956	6
50.784	0.29937	5
52.7599	0.405295	1
53.9091	-1.58238	4
49.4932	0.794911	1
34.4079	-117.3	1
52.4949	-1.88125	11
32.3515	-95.1304	1
42.7714	-8.93907	1
18.2621	-66.8486	8
57.0077	23.5093	1
33.7419	-78.8531	1
47.6131	-0.469075	1
-6.90182	112.06	1
41.0054	47.8825	1
50.823	12.8918	1
32.8262	-83.1949	1
41.6939	-73.9187	1
42.2754	-71.8077	3
46.4355	30.7468	2
4.80132	101.057	2
43.5398	7.00931	8
41.5722	-72.3705	1
40.8174	14.3403	6
38.7615	-93.7299	1
29.5233	-95.1673	4
40.4632	-74.4216	4
38.778	-104.765	1
39.4672	-0.389292	10
42.4651	21.4726	1
44.0598	-121.315	1
59.3611	17.8284	1
37.7914	-3.74254	1
-26.1082	28.0631	86
38.8778	-99.3181	4
32.6782	-83.1783	21
33.7533	-115.447	1
-29.1668	-51.1531	1
25.0966	55.172	4
35.0779	-92.4591	3
34.5776	-106.792	1
42.2387	-84.4078	4
32.799	-116.954	3
-6.70495	110.85	1
40.8391	-73.3074	2
48.1106	5.14245	1
-1.27293	-48.4598	86
49.3715	6.14425	15
41.1845	28.7444	1
49.2644	-84.7477	1
41.2431	-82.6364	2
39.1109	-80.4091	2
28.4684	-16.2488	1
42.6756	-74.4925	1
42.3278	-71.0505	46
41.9628	-71.8591	1
-17.7752	15.7716	1
43.2601	-4.08216	1
-21.6793	-49.7809	7
42.6991	-71.1589	9
39.5473	-76.3659	3
50.5161	7.52475	1
-26.7242	-53.4817	1
-17.8298	31.0548	1
40.5358	-3.64409	23
64.1047	27.4529	1
41.8333	-86.2449	1
37.2692	-119.307	18
34.928	136.441	1
32.8207	-96.7315	13
47.8026	13.0543	1
51.0013	5.25542	1
-26.3075	27.9439	46
59.4048	27.2963	1
32.5762	-86.6807	2
31.9552	35.8692	1
43.771	11.2828	1
6.44473	100.241	5
1.51464	103.384	1
38.4104	-121.414	9
59.484	25.0225	1
28.003	-81.142	1
-20.3975	-43.6687	1
20.1089	-98.7233	8
46.0803	7.08705	2
20.8765	-100.884	4
28.0316	-80.6622	4
19.3343	-97.9228	3
-26.4775	-51.4095	2
1.66329	103.551	4
45.4482	3.26856	1
-21.8793	-47.9053	12
19.2708	-99.6499	25
59.1288	37.8988	1
33.9119	-6.97157	6
55.8547	37.6536	12
41.7021	-85.9271	1
14.7582	120.958	3
42.3353	-83.3939	1
-29.6926	-54.8034	1
-29.392	-50.9007	1
42.4868	-71.2054	1
39.1815	-119.738	1
48.2201	16.3799	2
66.0813	76.6874	1
41.7697	-72.6735	11
-1.26703	116.864	1
-23.4593	-46.596	33
56.2847	43.851	6
5.35607	100.587	4
38.1729	-122.589	5
37.8344	-121.278	3
50.217	4.84421	2
41.7597	-88.3011	13
14.5499	-60.8726	3
37.7764	-81.1864	1
51.5207	-0.142822	3550
34.5778	-113.173	1
-21.78	-41.3059	2
46.8119	0.51596	1
36.0922	-29.9585	1
51.4775	-2.60259	6
51.6474	-0.773204	2
-26.1206	-51.0906	4
52.5263	13.3926	4
26.1404	-80.1456	20
49.4378	7.7067	2
-22.2628	-45.9406	1
-30.4636	-51.6415	1
11.2677	-74.1893	1
51.3967	-2.85146	2
29.4457	-96.3972	1
-3.77009	102.297	1
-20.3371	-43.3298	2
50.0185	20.1311	1
-30.5444	-52.5168	1
39.0181	-84.6349	5
-19.2891	-41.9029	1
42.9272	-72.2808	1
49.1048	-122.802	8
51.272	-0.395409	6
3.21739	101.76	77
32.4358	-92.2945	1
19.0187	73.038	3
56.6469	60.7841	2
36.7566	34.5481	3
59.7239	30.4085	1
45.9902	-112.49	1
18.216	-71.1042	1
47.1068	-122.33	7
38.5305	-8.86894	36
40.752	-74.1899	43
48.4384	-123.512	2
48.7736	1.99674	66
41.6755	-71.4999	9
-22.6028	17.071	2
30.3411	-97.3686	1
55.5308	37.0457	1
49.426	2.08618	1
53.0928	6.90795	8
41.3933	-81.5262	12
34.1194	-117.908	49
43.1273	-115.687	1
37.6178	-122.071	9
59.0919	16.5695	1
39.7989	-89.6167	1
47.9981	-4.09773	2
43.6291	-70.3447	1
-23.6817	-46.7755	9
48.8432	2.82076	7
27.0344	-80.1087	2
25.172	51.4217	1
40.4182	-76.4716	2
44.1364	4.08806	2
39.1158	-76.7099	6
53.7974	-9.54298	1
20.5715	-100.368	3
42.7139	-78.9278	1
40.9471	-72.6707	1
19.4141	-70.6431	3
42.3043	-83.6029	3
47.8737	1.91213	9
41.3773	-82.1205	1
41.5308	-88.2047	3
32.6727	-96.7668	3
27.5458	-99.5723	1
-26.0416	-53.0545	2
36.5603	-87.3465	1
-28.586	31.4007	1
42.2917	-85.5872	5
18.4964	-69.8309	4
44.0358	-78.8645	5
52.5066	-0.70217	1
49.8067	73.0968	1
44.4006	33.8032	1
-32.7748	-70.9682	1
27.5719	-99.4307	1
-7.606	110.785	4
39.5006	-77.4015	3
36.8639	-119.752	10
36.0644	-115.019	13
52.9483	4.77601	3
38.6582	-121.052	1
51.5258	5.11875	11
28.4768	77.0675	1
-7.21096	112.725	34
-27.7689	-48.6676	2
26.0411	-98.3511	1
36.6219	29.123	1
-13.434	-38.9034	1
29.9757	-90.2637	7
27.7593	-98.2282	1
38.5617	-121.461	18
56.7315	-2.6548	2
41.1623	-8.60546	8
39.0587	-95.9866	1
51.2667	22.8865	1
41.3781	-83.645	2
46.3651	6.47418	1
51.0183	2.34338	6
52.52	-1.47609	12
19.3035	-99.2209	8
51.8848	-0.535022	6
38.9023	-77.0129	83
29.2871	47.886	3
47.2158	5.97328	1
12.4364	-86.8855	1
-31.8978	26.8727	1
28.1187	-15.5226	5
54.1937	37.6289	4
42.4265	-8.07867	1
46.26	5.65171	1
14.5343	-91.6821	1
43.9407	4.83351	1
33.8976	35.4809	8
36.1337	-5.35317	1
31.2491	-84.2465	1
34.5574	-86.9737	1
42.705	9.45186	1
-23.7873	-50.296	1
19.5305	-96.9341	4
10.9543	-63.8669	3
54.3341	48.3024	1
29.448	-98.6027	20
-20.1343	-40.2992	2
5.8924	100.379	1
50.026	20.9759	1
51.6893	5.12375	5
5.39716	100.315	22
43.5784	39.727	1
32.163	-106.662	1
37.9168	-1.11781	2
39.3917	2.76997	1
47.3904	0.695972	6
38.7764	-90.5184	1
17.9668	-66.5891	4
52.1311	4.68895	25
37.6501	-97.3118	18
38.2514	-76.4808	1
53.459	6.62288	9
29.6365	-95.4288	11
46.225	7.34329	1
33.9306	-116.891	2
4.44737	-75.1943	1
34.5406	-117.361	12
55.66	-4.94744	1
56.9574	65.7582	1
-29.9006	30.9726	12
52.1888	-0.454755	2
49.2533	7.3688	1
49.1101	6.70258	1
49.1829	1.3674	3
35.3318	33.302	2
51.4943	3.62649	2
35.5039	-80.8488	3
33.8439	-112.099	1
18.3835	-65.7873	1
44.0645	3.92486	1
56.2936	44.0748	1
52.2561	18.2626	1
54.772	56.0513	2
-6.00147	-37.8323	1
48.9898	4.51219	2
52.5598	-0.251757	3
17.5491	-92.9537	2
64.435	40.7704	2
18.0828	-67.0463	3
52.9651	5.02403	1
33.9498	-117.399	32
31.9557	-83.7741	3
48.5455	7.49881	2
35.1828	-89.8967	3
-29.2662	31.371	2
37.9532	-91.7625	2
53.0263	-1.1191	8
32.7995	-97.2914	22
35.7092	-79.7959	1
52.5526	5.92182	11
54.3179	48.4689	2
42.8509	-106.278	1
33.4841	-112.603	2
40.9368	24.4136	1
52.9815	6.74891	5
56.1623	15.5802	1
-29.4693	-54.6294	1
-3.30288	114.603	3
41.0523	16.7039	1
41.7314	12.6617	1
36.6034	-119.444	4
50.8531	4.35493	16
-34.3903	-72.0086	1
40.073	-74.7243	7
36.3584	-79.6287	1
42.23	-8.73202	2
40.1355	-86.0154	1
53.5125	55.9388	4
-21.8205	-46.5447	1
46.5907	-64.9944	1
38.9261	-119.972	1
48.6559	2.3913	77
6.08409	116.165	1
10.4838	-66.5339	3
-29.7633	-50.0173	1
37.2048	-77.3928	2
52.2858	5.65324	12
3.17648	101.617	210
33.0449	-117.254	2
39.1308	-8.89329	1
15.4002	74.006	2
-24.6498	25.6985	1
-21.2635	-50.3531	5
48.1481	2.26631	1
33.6507	-116.002	4
38.1216	-6.69347	1
40.8012	-89.1994	1
33.4444	-84.1637	1
53.6424	-1.7902	3
3.91597	-76.2882	2
34.8072	-92.2974	3
-31.2458	-54.066	2
39.4765	-88.1749	2
45.2482	-75.8001	2
61.5218	0.00022	10
36.3822	-86.4673	1
7.78536	-72.219	2
-32.9575	151.704	1
-23.2011	-46.9084	13
33.046	-109.319	1
49.8739	8.63861	1
-23.3766	-51.1543	3
50.7378	3.25392	10
-34.7433	-58.5835	3
41.7306	-7.40674	1
1.73479	103.887	1
47.9163	106.929	1
52.542	31.9441	2
51.2216	22.5635	1
18.022	-92.9165	24
41.2101	-79.3762	1
-2.42022	-54.7105	1
29.0616	-82.0561	1
47.2751	39.7779	1
38.4728	-81.3951	1
-34.752	138.639	1
41.91	-91.6449	1
19.6527	-101.276	4
-23.7071	-53.4119	1
45.9296	9.29721	2
37.6325	-0.956809	4
34.1362	-118.663	4
54.0765	-1.58976	1
45.3364	12.1272	1
-7.0575	113.26	1
50.7782	5.97428	44
37.5389	127.004	7
43.2667	1.13645	1
46.81	1.68199	2
46.6409	142.785	2
46.009	0.0940275	1
53.0195	-2.15902	2
36.1053	-78.2974	1
38.1754	15.5304	2
43.1045	-79.5515	1
44.7237	-1.15653	1
20.5401	-97.4576	2
-27.5341	-53.8776	2
28.1744	-81.4634	3
38.6364	-77.2584	7
53.244	6.58062	19
-1.75216	112.635	5
43.8715	-1.31843	1
43.4619	-1.57345	3
39.3765	-76.4633	2
38.9271	-77.3437	5
52.5699	6.53484	6
39.983	-82.9772	5
34.1065	-118.342	31
-5.14383	119.426	12
19.3343	-70.5202	1
48.0339	-0.718513	1
-2.9299	-41.748	3
38.7556	-9.14934	19
50.9138	-1.40057	5
50.8399	5.31865	1
44.2839	0.247698	2
45.2916	-73.2312	1
38.9406	-76.5642	2
53.2133	10.3758	10
38.2753	24.508	12
54.112	102.175	1
19.3287	-99.4658	7
-26.9671	-48.7712	3
52.1255	4.43542	26
40.9219	-76.9719	1
37.2944	-120.324	3
4.8129	-75.7005	1
47.1305	2.14902	2
39.7559	-75.5458	14
-27.1211	-48.9046	1
50.466	30.5131	9
53.401	-8.30764	1
40.1381	-83.0732	1
17.5117	-91.9881	1
47.0881	8.28108	5
-21.3928	-50.1297	1
32.2197	-90.2317	2
28.3286	-80.6246	1
57.4295	26.9838	3
42.67	-82.7542	2
44.331	-83.9446	1
42.9441	-73.8052	1
1.53015	103.624	19
19.2824	-70.2625	5
47.4824	19.1295	6
46.5287	6.65208	7
35.4907	-110.896	1
35.0125	134.996	1
41.1199	14.7904	1
-23.2854	-47.674	1
-22.3069	-42.4674	3
50.0225	20.5449	1
-18.4436	-70.2939	1
41.4988	-81.7058	12
51.2476	4.7174	2
53.1336	8.44304	1
45.1396	-122.846	6
43.7484	-1.09442	7
37.2461	-8.19459	1
39.8243	-7.50505	1
-22.6133	-43.7186	1
-22.7373	-42.0436	1
-7.3308	106.48	1
-29.5985	-52.4412	1
14.283	-90.7943	1
52.0047	4.76794	5
18.181	-66.2706	6
43.3876	-5.18055	1
-12.8753	-38.5026	10
17.9698	102.613	1
6.02876	102.405	2
8.74428	-82.4338	1
44.8263	8.19848	1
35.5771	-5.34233	3
45.448	-73.8545	1
51.8986	-2.07653	4
-29.9381	30.2689	1
28.5135	-99.8675	1
39.1205	-121.612	1
33.4337	-117.62	5
27.8961	-82.2979	1
46.1958	20.0014	1
64.5245	39.7407	3
41.471	-84.5501	2
39.6355	-79.9522	12
38.5592	-77.0341	5
39.0456	-75.5522	2
34.2749	-85.1956	1
47.6967	2.01912	2
33.4357	-111.913	13
43.6747	5.49805	1
-15.8401	-48.0087	4
-20.7428	-49.8342	1
14.5232	121.158	17
39.7666	-86.4413	2
-41.284	173.288	1
36.3437	25.7721	1
53.7214	-1.4935	5
-23.3921	-46.4539	39
54.4286	24.0043	1
30.5594	-97.8599	2
-24.6405	25.8588	3
33.8431	-117.582	2
41.9912	-92.5835	3
43.0712	12.6006	1
42.5084	-94.1873	1
23.6254	58.2096	1
-33.892	151.198	13
-25.4912	-50.8622	1
35.3343	-81.8737	1
54.0205	-6.29593	2
34.1844	-118.132	18
33.8179	-117.966	32
39.9568	0.263752	1
46.6272	13.3652	1
40.0691	45.0382	1
45.5871	5.27948	2
51.2992	6.46855	2
29.5862	-95.6384	8
45.6763	11.9487	1
41.6915	-0.927332	8
51.3181	12.3286	1
55.4223	-2.78718	1
18.2009	42.5141	1
36.4751	-95.0172	4
51.2384	6.81431	2
37.0336	-7.83707	1
51.2607	3.22216	1
36.0442	-78.9301	8
48.9502	3.02255	1
19.3877	-99.0082	12
-25.4953	-49.2884	69
37.6633	-97.1649	2
35.1595	-98.4425	1
37.7006	-121.424	1
41.5254	-73.7031	1
-6.78381	39.1223	1
44.9295	4.90575	2
-33.8284	150.956	4
33.9482	-80.8178	1
45.5228	4.89476	2
42.0844	-71.0278	5
37.5463	-77.4351	9
44.3693	0.468752	1
44.7894	-68.8108	1
37.2559	-6.93399	1
-32.2122	-52.378	3
-21.677	-47.5085	1
-23.6828	-46.5955	518
34.5227	-83.3171	2
35.8679	127.074	1
35.6895	139.692	29
-33.3935	-71.1235	1
48.1159	-1.68833	3
42.3996	-8.8257	3
43.2605	-99.7157	1
36.6259	-121.832	2
45.5255	-94.1515	1
40.9948	39.6761	1
-21.1427	-50.6213	2
47.6588	-117.423	4
31.9125	-106.425	13
3.35359	101.253	15
51.1689	7.65501	3
31.7051	-106.282	35
-25.433	28.707	1
41.2203	-73.1973	13
51.56	0.236186	11
-20.4444	-44.7707	1
14.7693	-88.7776	2
47.3321	5.03236	5
33.9889	-80.9807	4
42.9069	-8.51115	1
-0.291066	36.0576	1
39.0206	-85.8824	1
33.231	-97.1168	5
-23.5339	-47.0999	3
6.89258	79.9812	50
-34.1218	18.4889	6
-24.3787	-47.9319	3
52.6004	19.1766	3
-18.3797	-49.4663	3
3.82881	103.217	13
6.67781	-1.57353	3
52.0671	6.56603	1
26.2545	-100.093	1
-22.4209	-43.917	1
52.4472	5.21763	2
48.2218	22.0752	2
45.7567	9.85388	1
37.4241	-81.01	1
-28.71	-55.8067	1
-6.25441	107.012	35
-25.4539	-54.4571	2
52.2164	-6.54621	1
23.9985	38.2069	1
33.9314	-84.1344	7
41.0195	-73.7194	9
-15.7182	-43.4193	1
28.5882	-81.2549	21
48.4226	0.09195	1
29.8955	-95.5844	10
-15.3232	-49.1072	4
23.1873	-102.875	1
1.34631	102.164	1
-1.57563	37.1547	1
51.9432	10.2169	2
48.7051	6.19066	7
59.9724	10.7215	5
39.586	-2.27786	1
52.4289	9.50889	1
55.3878	13.0158	1
37.6794	-4.29582	1
37.1658	-4.14489	1
7.51789	4.5204	3
32.4437	-81.7724	5
21.0906	-101.645	5
36.8687	-2.37369	1
38.9462	-3.23507	4
29.9932	-95.2657	5
20.4321	-86.878	1
49.218	6.16284	12
29.2103	-81.0967	4
44.0424	-123.073	4
53.3941	-114.226	1
3.89572	103.077	5
38.3493	-94.5891	1
-5.79931	-35.2216	43
59.3004	18.2476	2
16.2993	-95.231	1
45.5151	11.6243	1
40.2962	-76.8088	2
35.8385	-111.437	1
-19.4455	-42.6011	1
53.3601	6.41883	6
-15.5912	-56.0629	2
5.1846	97.1397	2
-7.30713	110.124	2
50.6163	37.3015	1
0.0	0.0	75
-6.56158	107.758	1
46.8354	-100.768	1
55.7126	52.4007	1
54.104	22.9291	1
35.8792	14.4836	1
45.8279	3.16039	3
39.0191	-122.055	2
42.4324	-83.051	15
30.0535	-94.1114	1
51.2038	-1.47852	1
35.5279	-108.69	2
43.5574	-5.93149	1
64.829	-147.669	1
44.5446	6.06132	1
53.1201	48.4036	1
56.6282	47.8837	4
49.5234	0.11651	1
38.5569	27.3113	1
35.4006	-78.5227	2
38.9287	-78.4674	2
46.5747	-96.0849	5
51.7134	0.161963	1
47.9424	21.7009	2
-27.0077	-48.6232	5
40.9151	-74.174	17
52.0054	5.89657	12
50.733	2.67367	2
-0.532802	117.108	1
-36.6029	-72.1008	1
-27.9234	-52.4302	1
39.9865	-0.0576741	7
53.3718	-3.17049	3
52.2769	104.365	2
9.59119	-69.2201	1
-17.9709	-67.1192	1
35.8223	139.575	1
33.3067	-111.743	3
41.2919	-96.0407	9
34.1662	-106.026	1
45.9092	-1.25825	1
39.4207	26.8072	194
-7.08721	-36.3705	1
-33.4336	-70.6556	44
-25.916	32.4801	2
26.6042	-81.6624	2
13.4746	-88.1831	1
32.5302	-92.122	2
31.7692	-106.488	3
42.3162	-82.9105	1
50.4738	4.16422	4
6.3053	99.8518	2
33.5846	-84.411	9
35.5571	-78.1994	1
33.2526	-8.51436	2
2.29916	102.912	5
45.1884	-68.9845	1
41.289	-80.5188	2
42.9501	-81.3672	1
52.5329	-2.09756	2
54.0308	41.6153	1
53.5117	-2.65219	3
43.0851	-77.6555	2
-23.1036	-45.7178	2
49.7777	6.64945	1
31.0359	-92.0423	1
20.8692	-100.423	1
47.9819	0.195548	2
41.585	-81.5478	1
-22.7334	-47.6258	2
14.1982	121.145	2
50.8452	-0.130547	4
52.151	-7.55615	1
45.4657	-118.388	1
10.0793	-69.2773	2
42.6339	-71.3303	2
52.9975	6.55836	6
42.3254	-71.2136	1
44.3692	9.31641	1
-0.0577484	109.34	7
53.7823	-0.295876	3
42.7466	-75.77	10
55.9229	37.8668	3
28.8288	-81.3262	2
41.077	-80.7326	4
54.661	39.7144	3
34.0191	-83.997	3
32.3154	-86.2545	3
2.8253	-60.7144	2
53.1006	6.05947	12
25.2491	55.3017	1
39.7601	-94.7823	2
37.023	-76.2925	4
64.5713	40.522	1
15.7339	-88.5993	3
50.0799	45.3835	1
39.3828	-84.4038	2
54.2721	-2.79158	9
37.3009	-80.0786	1
55.6593	13.3644	2
47.471	-0.355094	1
48.6466	-4.32468	1
34.5338	132.441	1
49.0216	12.1104	1
53.2791	34.3808	1
57.6811	11.734	2
40.0821	-82.8274	1
51.5183	7.45934	1
44.4352	26.0552	1
49.1235	2.37477	6
39.4668	-106.016	1
19.0753	-98.2532	35
55.4359	65.2991	1
54.8833	-2.93251	2
41.3798	-73.4213	8
-9.53333	-35.6871	9
48.7674	7.26384	1
-23.5356	-47.654	3
51.8039	55.1908	1
33.4595	-88.831	1
34.2535	-118.3	7
25.9652	127.132	1
20.7153	-100.441	9
30.6437	-9.55373	1
36.853	-75.9905	2
32.3165	-96.8614	1
18.1359	-65.8092	3
48.0663	-2.96974	1
34.0209	-118.211	176
10.1916	-67.4592	2
32.8246	-117.109	11
34.0071	-118.761	1
51.6959	4.87839	4
-20.8756	-54.2616	14
48.4803	-2.65507	1
40.9357	-4.11436	1
-29.5935	-50.9027	2
-23.4458	-51.4481	3
45.0533	4.81494	1
5.12529	103.216	1
57.7686	40.942	1
41.594	-83.673	3
43.2534	-5.77267	2
39.7643	-104.855	23
36.1042	-83.4754	1
48.0892	20.6757	1
32.5975	-83.6604	1
36.6704	-121.629	1
58.0581	11.8921	1
14.3273	120.943	8
39.0691	-76.8549	14
40.7403	-84.1599	1
50.1577	2.34012	1
30.516	-84.3411	3
33.8101	-117.824	17
55.4767	47.1683	2
-6.31352	106.771	100
34.3956	-118.872	1
-27.9931	-54.2949	1
39.9287	32.8188	1
38.5183	-89.9988	2
41.6499	-81.3837	2
14.8557	-91.5425	1
20.6735	-101.34	1
39.8427	-86.1276	8
43.276	-8.2247	1
51.9114	5.40638	5
-23.5334	-46.7845	67
51.3949	0.0986039	2
41.5124	-87.6356	15
50.2512	1.88252	2
51.0579	0.999159	1
47.568	-1.02207	1
-33.9984	150.866	1
41.0341	28.8598	18
37.9836	-105.707	1
20.6516	-101.17	1
34.0821	-84.555	2
50.7463	-1.65985	1
47.5336	6.82311	2
10.201	-64.6132	3
43.5679	11.1332	1
56.0589	54.2785	3
43.5428	-99.2455	1
49.2884	-123.073	19
53.6324	-2.16703	7
40.7772	-86.234	1
44.574	38.0395	2
29.777	-95.4112	28
-28.946	-49.4603	1
-22.0668	-42.9237	7
-1.15746	-50.5734	4
37.1573	-121.932	3
43.3551	11.0296	1
34.1583	-119.151	5
35.6382	-97.4796	2
46.3212	-101.391	1
51.2606	4.35816	10
11.669	-70.1871	1
33.1696	-94.9761	2
54.7042	20.472	2
33.836	-83.8985	2
48.0755	2.05795	1
39.0784	-108.628	1
46.1393	9.44084	1
4.43242	101.218	2
41.3941	2.1393	26
48.9458	2.49126	147
34.775	135.307	2
32.5544	-83.8907	1
-29.7264	30.8907	1
32.2595	-64.8203	1
36.3394	139.027	1
27.1501	78.064	1
-6.53375	106.8	12
44.683	-63.9794	1
38.1221	13.3461	1
38.3857	-85.7617	1
-32.018	115.938	1
51.4586	-0.968786	15
53.1185	8.76248	1
46.5786	-120.537	1
29.6744	-95.2009	17
39.906	-5.22533	1
33.9069	-5.18814	1
40.9147	29.186	7
57.384	18.2162	2
-36.1589	-71.8153	1
-25.3706	-51.5523	1
-28.7791	-49.2773	7
34.2585	-6.58228	3
48.6475	44.3981	6
51.534	4.4711	1
42.3201	-72.6447	1
36.0244	-108.627	1
30.0108	-95.4185	4
45.099	-123.086	1
47.7399	7.34285	4
50.8444	0.11724	3
43.6155	4.0092	27
33.6245	-80.9266	3
38.2326	-122.033	4
19.8041	-90.5279	2
39.9341	140.898	1
34.0203	-6.83744	8
-5.57728	-36.9084	2
49.3525	6.00012	2
-26.7559	-53.1977	1
30.033	-89.8826	5
-23.5501	-47.8728	2
55.8619	36.9367	1
45.0948	-93.4415	1
60.7218	28.7527	2
51.6842	6.43621	2
52.0046	4.21273	43
54.3223	-1.50124	2
2.06667	45.3667	1
45.4265	-75.4865	1
30.8207	-83.3129	4
-21.6181	-48.4446	3
51.4022	5.38426	16
35.8048	137.246	1
51.8379	4.35844	8
18.0133	-76.7433	1
50.4594	4.85369	10
42.3405	-87.9173	3
38.9954	-9.14118	2
-36.9045	-73.0307	2
14.6031	-61.0631	9
58.163	55.8611	1
22.7894	-98.5974	2
43.3909	-80.3993	1
26.2554	50.6458	5
-28.897	-49.7014	1
-23.8107	-47.1875	2
42.7829	-96.9184	1
44.8865	-93.419	4
34.3104	134.044	1
-1.09656	37.0174	4
41.5008	-73.0555	2
-6.30011	-37.2675	1
43.3734	-8.42428	2
-29.7974	30.399	1
47.7321	-1.96704	1
43.0216	-83.805	3
41.2412	-77.0387	1
-35.2289	149.124	1
43.6199	-116.331	1
34.5698	132.753	1
-23.2365	-51.7305	1
26.1776	-98.0945	7
53.2117	50.2209	1
36.0969	-79.2733	1
44.0704	-99.4359	1
42.6489	-83.7389	1
41.6195	-93.5469	2
38.8634	-76.8666	17
51.1889	58.6101	2
38.7724	-92.3074	1
21.5005	-158.024	2
-36.9527	174.844	2
-22.5242	-44.0973	1
4.00418	101.317	1
40.3472	-75.9194	2
33.543	-79.0238	1
40.4675	-85.6483	1
40.3653	-82.6694	3
51.6453	-3.90717	5
33.8226	-116.465	1
-23.147	-49.9738	1
55.4717	10.6404	2
-22.3011	-48.5366	1
38.9704	-95.2604	3
33.5837	-7.63943	13
0.024281	-51.066	86
-9.45102	147.194	1
36.9504	127.026	1
-25.2655	-54.0981	2
34.6477	-92.3714	2
40.9336	29.3665	1
32.2238	-8.83357	1
35.1564	-90.0479	1
13.6792	-89.2748	43
21.4458	39.8609	2
5.6627	-0.204882	13
-22.697	-46.8066	2
46.2853	-72.7574	1
50.9025	6.04256	4
-33.9472	25.5635	3
51.3819	-0.282529	13
49.5503	2.51287	1
46.6556	-52.6409	1
48.3009	4.08293	1
46.2465	6.13303	10
53.1901	-3.05277	1
15.2964	120.949	1
-6.90288	110.2	1
51.6214	5.84831	6
-34.1777	-70.6909	1
-30.2041	-50.8677	2
53.4424	-2.23348	30
27.7611	-82.6445	2
35.8468	-86.4113	2
-3.28996	102.875	1
51.0777	1.18403	1
41.5562	-93.7708	3
-33.578	-70.6415	1
38.3369	38.28	1
38.9588	-78.1828	1
41.6843	-87.6613	5
5.54298	115.841	1
37.2068	-7.22977	1
-35.0944	143.305	1
52.3834	13.1196	4624
33.0226	-115.869	2
50.5236	21.4648	2
50.8322	-0.325209	1
50.9404	0.366004	4
45.0586	-76.2932	1
43.592	5.00623	3
47.2883	16.1935	1
38.9635	-92.4195	2
35.4662	139.623	3
49.4847	8.47672	3
31.4505	-16.5609	1
50.9576	6.96746	2
40.7078	-111.824	4
19.8044	-96.1443	2
35.228	-78.0614	2
-20.4945	-43.8409	2
0.325125	32.5729	5
24.4914	39.618	1
52.7529	6.95947	9
35.6915	-78.5771	6
-31.8133	115.822	1
4.24884	117.907	2
48.1956	-96.5837	1
51.8756	4.65062	26
31.8634	-96.7767	1
19.3231	-98.5222	1
40.9193	-98.3446	1
46.9022	-102.77	1
46.2525	-63.1218	1
40.8555	-111.933	1
-30.1146	30.1161	1
41.3285	-75.0476	1
-23.2514	-47.0591	2
52.3828	5.79172	1
-8.28715	-46.3713	1
3.38192	101.418	2
51.0887	-0.204328	1
10.2746	123.853	5
50.6711	-1.32759	1
-4.83533	-38.1518	1
37.1853	-5.78667	1
51.5599	4.7649	9
42.9907	-85.9508	2
39.4806	-121.532	1
-1.74911	102.839	16
51.3241	-1.92567	2
37.1804	-3.59799	6
45.2403	4.67092	1
-27.2447	-48.6992	3
34.1773	-86.1437	1
38.6302	-3.47079	1
47.2371	38.8775	1
3.23187	101.386	16
30.7436	-88.1078	1
26.3723	-98.1432	1
0.781751	127.379	1
-23.086	-45.5067	4
51.7131	5.31818	23
40.0602	-80.7224	2
3.07292	101.519	106
49.1846	-0.372109	6
47.8954	-3.90081	1
37.8326	-79.9813	1
39.0535	-77.0967	30
38.1167	-122.277	4
47.5266	-68.5495	1
31.8302	-102.497	1
49.1994	-122.913	20
12.9873	77.5488	2
47.4324	12.2198	1
45.5906	9.75364	1
53.8603	-68.4259	2
46.8221	5.12109	1
38.2365	-0.646418	1
-23.5474	-46.4481	4
42.5654	20.9269	3
30.0836	-95.9871	4
-28.7303	-51.6044	2
25.81	-80.1401	39
57.2016	52.7806	1
36.5833	-119.603	1
57.2982	26.5998	2
-4.56298	136.9	1
37.7587	-122.235	21
38.9512	-76.747	1
27.9944	-82.4681	6
36.1624	-121.731	1
29.0394	-80.8989	1
43.6177	3.79051	9
57.1691	23.2264	1
9.31683	-79.8994	1
3.88423	-77.0741	1
46.1711	9.8706	1
4.64713	101.203	26
46.358	48.0633	1
19.5898	-99.2714	13
38.725	-89.9666	1
10.6698	-71.6131	9
-23.1637	-47.7493	1
43.1722	6.04661	2
19.0522	-104.316	1
33.855	-84.5158	26
34.0609	-4.97544	4
22.7705	-103.574	1
-25.7559	28.0883	15
46.6736	-1.42789	3
53.5041	49.4267	1
43.0841	-89.4064	1
38.193	-85.7958	4
40.3706	49.8109	2
54.6669	-6.79809	1
51.8463	-2.23952	3
41.1083	1.14677	1
47.1753	-122.481	4
-7.40369	109.25	2
36.7699	-119.87	1
34.0342	-117.604	23
44.6484	-63.5913	1
33.9777	-118.07	20
25.7367	-100.274	23
51.2633	-1.12071	1
31.8453	-116.6	1
-28.6815	27.0658	1
34.2981	-79.4625	1
32.8629	-96.9614	13
-1.44517	-48.6382	3
43.2781	5.38527	25
47.7153	40.2123	1
40.9631	-72.1942	2
34.962	127.526	1
42.1027	-84.2983	1
36.5037	30.5364	1
41.6743	-86.2713	3
53.2847	-1.28603	2
35.0815	-108.836	1
41.4778	-74.3575	1
-24.6146	-51.3215	1
38.9842	-97.0461	1
39.1671	-86.5235	5
23.6914	-166.6	3
8.4751	124.671	3
41.5065	-71.2988	1
33.2236	-96.6805	2
51.9037	-9.03369	2
-22.8514	-45.2315	2
52.7256	5.69742	6
44.6104	-0.891214	1
38.6043	-95.2789	1
49.2299	-122.592	1
-34.5898	-58.4148	4
51.6664	-0.0844125	4
50.2004	3.83698	6
53.2361	5.98307	4
14.684	121.094	20
-3.74656	-38.59	26
54.8609	53.0677	1
1.49117	125.156	1
-20.4274	-40.3758	19
20.6767	-103.337	12
49.2976	-0.464678	1
43.2569	3.28616	4
40.6708	-88.7666	1
37.8698	27.2644	1
19.2395	-103.722	1
38.9681	-94.4523	5
30.1371	-81.5328	5
36.7982	-76.1589	8
-29.753	31.0577	1
-34.9156	138.627	2
45.0119	-93.2936	10
52.958	-6.39532	3
-1.44241	37.0495	1
21.8495	-102.327	1
32.6052	-115.476	2
37.7847	-89.0441	1
51.5898	0.694465	4
60.8658	28.3074	1
52.1333	1.42003	5
57.7303	107.396	1
41.0457	-123.674	1
18.5556	-72.2611	4
47.3959	-2.51222	1
22.3973	-101.935	5
42.086	-84.5325	2
-6.19018	106.847	164
-16.3303	-48.9599	2
-23.513	-51.0998	21
-6.14684	106.695	22
42.429	-83.5088	3
0.330222	32.7533	1
51.9295	6.0772	11
54.8374	-5.10327	1
33.662	-6.4168	1
39.8536	-104.672	1
-7.76838	110.389	24
30.2092	71.4982	1
42.8284	-1.61662	4
35.543	139.444	4
2.16974	102.426	3
26.3065	50.159	2
33.9888	35.6425	6
-27.3882	-70.294	2
41.408	-82.655	2
10.2078	-68.007	5
56.1308	47.2532	6
31.7897	-115.229	1
41.5008	-99.6809	2
-33.0467	-71.5104	8
42.0651	-71.2501	3
43.1168	-79.3299	4
9.14763	7.32554	1
-25.6571	28.2532	23
37.3841	140.105	9
50.0837	8.64018	1
44.0577	-75.7771	1
35.2467	-78.9661	3
35.3666	-78.7047	5
43.0735	-75.289	3
49.8988	2.28468	2
45.5537	2.2941	1
-17.7344	-48.6285	2
-24.2758	-47.2308	1
20.9991	105.888	1
43.2078	2.34842	4
44.0209	-88.547	1
51.0912	7.11339	3
19.1985	-100.14	1
48.8168	2.19521	82
44.5956	4.75645	1
43.6283	-0.163618	1
33.6575	-116.191	8
-5.17438	-43.002	1
40.04	-76.3004	1
57.11	24.971	7
41.3448	-72.0356	2
19.6328	-70.2838	1
28.3864	-81.4938	6
-21.3838	-51.6013	1
56.5222	84.982	2
42.9226	-75.9806	2
46.5847	0.371571	11
60.9967	69.0689	1
-29.2155	-51.9275	1
-21.2134	-47.818	14
-21.9454	-50.7638	1
55.1559	61.3679	1
40.6322	-7.82542	3
53.9413	27.7071	1
-27.25	-52.3158	1
-22.7241	-47.2901	16
37.4156	-5.97852	3
29.8313	-98.7669	1
44.7996	-91.4977	1
51.2503	9.40482	1
-14.5329	-49.1422	1
47.8046	-3.26917	1
-1.71186	113.698	1
23.6254	-102.558	6
50.6448	2.93045	18
41.9955	-4.56808	1
41.1552	-87.8597	2
9.65787	123.853	1
44.1074	-84.1208	2
58.5905	49.6388	1
43.7697	5.25714	2
48.2365	4.70707	2
41.6039	2.55368	2
48.1665	-53.9832	1
4.94955	114.842	4
30.0709	31.22	6
19.4685	-98.7874	3
-17.4297	-39.8367	1
41.6294	-71.0051	1
50.362	3.51425	3
42.7368	2.52309	1
52.253	-7.13226	1
37.5216	-120.85	1
52.8471	-2.29813	6
52.0716	5.74901	2
39.1912	-84.5709	14
33.9171	69.0739	1
46.0074	3.10839	1
45.451	-98.4837	1
44.0927	-103.213	1
51.1635	10.4541	1
43.091	46.8513	1
12.8151	80.0404	1
53.34	-2.72874	3
51.9595	7.61859	2
39.0705	-96.8364	1
-25.4665	-49.0602	2
1.80499	111.844	2
40.9954	17.2192	1
35.6825	-105.982	1
22.0942	-159.342	1
33.6163	-114.602	1
31.8941	-81.6164	1
37.5195	-5.59482	2
-7.14941	-34.882	37
-26.8728	-49.1096	6
32.5628	-117.116	4
51.6862	3.72291	1
45.0929	39.042	1
53.1958	45.0387	1
43.3189	-76.4181	1
-20.3075	-40.4704	3
32.5286	-92.6343	2
59.6961	15.7424	2
-19.9422	-44.1929	2
2.92664	101.791	54
42.3094	-83.1353	11
33.9392	-80.3483	1
30.4939	-89.059	1
34.4494	-88.6632	1
40.0744	-80.8708	1
52.6361	-1.13111	10
20.3296	-97.8959	3
55.6728	12.5521	3
-29.4296	-55.5907	1
43.0129	-85.6759	2
-12.5893	28.2171	1
59.0689	11.4386	1
47.5793	-3.0443	1
56.4652	-2.96344	3
39.9012	-83.8071	1
-29.553	-52.2026	3
37.2537	-121.793	17
37.2692	127.008	1
32.835	-109.709	1
49.9678	30.1814	1
42.8597	-8.64986	1
53.1776	6.34408	1
39.3286	-78.2504	1
40.3483	-94.8538	1
31.5012	74.2807	1
22.1145	-100.932	1
30.1428	31.4016	1
-27.3642	29.878	1
51.5083	5.98973	5
4.49771	114.026	2
50.6205	3.41043	1
32.5886	-82.3389	1
41.0843	-81.513	5
-25.5159	-54.6444	1
54.9165	23.9959	1
-8.9356	-36.4725	2
-6.74538	-38.2186	2
47.4481	40.0944	2
41.8056	-72.2508	2
19.6283	-69.9035	1
34.1998	-88.7168	1
-20.1646	-43.9547	2
44.8075	20.479	4
57.1199	24.7473	1
-22.5918	-47.3616	7
-20.7497	-45.2854	5
41.3716	-8.44038	2
-20.2804	-40.2928	23
3.07154	101.74	112
16.2552	-61.5252	3
43.6008	1.4329	14
33.7665	-116.976	2
33.9318	-84.3625	11
-30.5431	29.4193	1
-7.88293	-36.304	1
52.2113	4.89025	3
30.3449	-81.6831	62
34.0508	-85.9468	1
32.215	-98.2162	1
38.7575	-77.4284	5
52.6962	-1.77482	2
19.8289	-97.3606	1
41.4728	-71.9578	1
55.9432	37.4856	5
50.6692	3.78191	1
40.9976	-75.171	1
-34.8712	-56.2019	1
-2.9167	104.714	10
10.3854	123.653	1
42.572	-83.3814	5
30.1565	-115.58	1
46.8717	-96.7489	1
-27.5825	-48.6727	2
52.0976	8.7075	1
-34.0411	18.6871	2
18.1355	-94.4325	4
-26.5588	27.8732	4
34.7519	-92.1312	1
53.2285	-0.546804	1
-6.391	106.915	9
26.6609	-80.1197	4
19.1579	-98.4065	2
20.0847	-101.243	1
-36.7374	-71.0353	135
3.01697	-60.6432	1
47.4269	8.6711	1
-3.20404	104.656	1
43.3205	-93.7716	1
-22.227	-54.8001	6
56.451	9.38422	1
25.4861	-80.4125	1
39.3632	-7.13544	1
-1.26388	36.7885	19
-22.7106	-47.7944	9
24.8262	-107.443	2
51.9624	6.25111	31
40.5646	-74.1468	3
-30.0997	-51.1593	38
40.18	-74.2029	3
39.8113	-84.2022	4
51.3896	30.0995	1
41.0086	-76.8475	2
33.048	-112.015	2
31.2077	29.9628	3
51.8917	-8.50706	1
-21.2573	-48.5654	1
-31.2525	-52.1256	1
17.3033	-100.324	1
41.6	-86.7192	2
-22.959	-49.8674	1
-21.708	-43.4227	4
55.8867	-3.60894	3
40.6413	-73.6941	13
57.7466	-4.68754	1
-29.9108	-71.2439	2
37.2942	-89.5261	1
35.0004	-85.707	1
53.6483	55.736	2
44.9966	3.92434	1
51.582	4.98488	11
8.24602	124.247	4
20.9978	75.5565	1
50.0051	8.2586	1
45.7601	-93.6508	1
6.70555	3.34009	6
34.1876	-118.89	1
-8.06241	111.918	1
-6.32544	106.581	3
54.3609	18.6908	3
-25.4544	-57.4362	1
46.7848	4.74586	3
4.08487	9.67357	9
43.7225	-79.5466	12
-20.5973	-40.5401	2
28.4556	-80.7631	1
40.3255	-74.0347	1
52.6614	-1.95216	1
-20.1737	28.5375	1
34.9671	135.773	11
54.0	-6.14701	1
26.434	-82.0771	1
38.8044	-7.46008	1
34.8568	32.3629	1
53.6111	-115.344	1
2.43647	102.187	9
50.6359	-3.38649	3
52.6535	5.03781	7
65.0688	26.0067	1
-26.0892	25.8788	1
-22.3823	-47.5563	1
-8.21545	-34.9249	7
33.7721	-118.169	26
3.40739	-76.5322	5
56.0225	-3.91709	2
42.8863	-87.8838	5
34.1088	-117.463	10
34.5512	-77.9288	1
-23.8633	-46.2901	38
38.1401	-97.2194	3
45.6869	9.21677	3
39.4986	26.9322	1
50.029	36.2275	1
40.5247	-3.81615	12
-19.0044	-48.3585	11
-19.8261	34.8434	1
30.0608	140.596	4
48.9757	2.87391	9
44.9008	-89.5695	6
7.35495	-2.33849	2
57.1506	65.5568	6
43.4405	6.71316	9
49.4549	-2.54558	1
-23.195	-50.639	2
-1.36379	-48.3489	5
45.4039	-122.757	7
51.2378	-0.748831	2
45.552	-73.7359	18
36.863	31.0535	1
50.6125	-3.65302	4
43.9137	-79.0283	4
56.0046	-3.70683	1
54.2776	-0.406175	2
-30.377	-55.1588	3
-0.587732	111.388	1
-6.1935	106.426	1
39.5146	-8.56205	3
37.5656	-122.324	8
-19.5891	-44.8814	1
32.4456	-82.219	1
36.4925	-6.27167	3
7.88847	-67.478	1
-23.2422	-45.8233	1
7.69168	-72.3563	1
48.6235	22.2929	1
45.958	12.3127	2
14.072	121.328	1
40.5194	-80.1895	2
-6.32444	-35.5184	1
49.0271	2.02	7
-28.2483	-49.1723	1
47.7687	1.69148	1
61.18	25.5325	1
25.0749	102.666	2
40.3298	-79.9239	15
48.9204	2.31398	228
33.7227	-5.00904	1
33.0372	-80.0314	2
3.78062	101.447	1
44.5211	-94.7203	1
28.7343	-81.9165	1
35.619	136.884	1
41.6748	-72.9206	2
-19.7547	-47.944	1
-8.0436	-34.9394	50
-28.4795	24.6701	4
22.0414	-102.356	3
32.0569	34.792	1
49.2696	-122.756	11
-32.8745	27.4121	1
39.2083	-96.4695	1
28.6004	77.2296	5
48.3995	-4.41322	1
-20.5187	-48.6196	2
28.69	-99.8318	1
34.9531	-111.668	1
53.8438	-1.85083	3
40.3553	-111.985	1
39.7416	-8.95246	2
7.05427	80.0052	1
42.8704	-85.5839	2
39.8592	116.277	1
44.3205	-96.9198	1
-15.4552	-55.8425	9
38.1041	-122.849	1
52.0468	5.17961	31
40.9811	27.5186	1
45.8506	-0.0853094	1
41.5496	-72.6521	1
42.3345	13.4229	1
32.664	-97.4002	2
-26.3842	28.131	2
56.9665	23.7219	5
50.3881	-4.11457	5
47.0618	-0.879588	1
-26.2617	-48.9665	31
59.9935	30.6451	1
51.6131	-1.25058	9
51.8517	5.07643	4
10.0345	-84.1605	4
25.2442	-103.233	2
34.767	135.631	1
48.4227	2.15247	2
32.983	-97.1731	1
53.8589	-6.53749	1
30.2036	-85.6033	8
40.5009	-88.9979	2
34.3985	-119.75	6
-6.29909	107.291	7
45.6059	5.02599	6
14.6244	-90.6158	14
36.5909	-4.53063	5
27.8842	-82.7806	1
40.9841	37.9183	1
31.417	-103.499	4
-26.7642	-51.1084	1
-8.1851	-36.0151	2
63.6135	29.1893	1
-33.9781	18.5465	16
15.3192	-91.4653	2
-20.9954	-46.1229	2
54.9797	73.3775	2
30.4602	-91.1116	4
54.1125	-126.558	1
37.2215	-93.2863	1
53.6396	-1.33901	1
41.0839	-0.168958	1
1.00185	116.394	4
-11.0019	-37.1007	17
48.1203	-1.40327	1
53.374	-9.01421	2
55.3497	-131.672	1
48.9915	1.73697	13
-24.2508	-51.6792	1
-22.8041	-43.2957	8
51.6793	39.236	5
44.9863	11.361	1
-2.96616	-40.8077	1
51.5906	-3.33319	3
-8.63314	115.245	20
30.9373	-91.4009	4
7.96237	-80.4174	1
39.8249	-83.1504	1
2.93658	101.623	6
18.4502	-70.7356	1
6.8106	3.45855	1
9.04731	7.51172	6
50.7173	-3.51067	1
36.9868	35.2983	2
47.2611	39.628	14
3.47844	101.868	1
50.8559	2.09597	1
28.5563	-82.114	1
51.7841	-1.37633	2
38.721	-94.5572	3
18.3709	-95.7662	1
40.8754	-124.081	1
48.0113	7.38504	3
25.256	51.552	2
56.205	95.7269	1
16.87	-99.8957	1
33.1218	-85.389	1
34.6838	-82.8164	3
37.9823	-0.661471	4
43.5356	5.43174	1
-25.0607	-53.398	1
41.7514	-74.0607	1
-7.06031	-35.2031	1
45.8586	1.23198	17
5.6574	100.524	2
53.0344	5.66777	6
41.1104	-81.0951	1
-22.2336	-47.0166	1
41.3085	69.3404	1
55.1254	73.3788	7
21.5378	39.2026	4
8.44534	-82.4275	1
-27.1411	-51.5855	1
50.1191	4.70417	1
46.4102	-117.028	1
4.39977	115.232	2
40.8038	-74.4799	2
-28.0377	-48.622	1
35.0309	-89.8319	1
38.2383	-77.503	1
43.3987	-94.8158	3
51.2517	-0.198239	3
41.3024	-81.3444	1
48.58	2.27179	8
45.4173	5.42021	1
-15.5585	-56.2538	1
45.7433	3.27751	2
18.1163	-66.1405	8
-22.803	-47.4357	41
-23.6673	-70.4041	1
-25.9139	28.1541	3
-28.8141	32.0565	1
36.0012	-77.8129	6
4.93179	-52.2916	1
35.1705	-79.861	6
29.3333	48.0264	15
45.0473	5.05964	1
19.6901	-98.9812	3
-15.7763	-47.7966	45
-22.6984	-48.5467	2
34.0704	-84.2218	4
51.8825	5.60462	1
39.6468	27.8959	2
-26.0858	28.22	2
40.7916	-96.7352	1
33.7237	-90.5501	1
47.553	7.57859	1
39.6191	-77.7809	1
47.6583	-117.191	1
-24.018	-46.5015	7
17.9513	-92.5541	1
19.6014	-90.3361	18
33.4875	-80.8655	1
43.7294	3.30052	2
-18.6364	-46.4172	1
9.91499	-83.8076	2
49.2436	6.98279	1
-29.0688	-53.233	1
43.0352	-76.1393	4
33.4681	-86.9024	2
51.5265	45.9785	9
35.4237	-78.0522	1
51.054	-1.3269	1
-21.242	-51.5713	1
38.985	-3.92128	1
47.2696	-0.1037	1
40.1818	-80.2635	2
1.83582	103.325	1
43.2231	0.0415459	4
-24.0958	-46.8159	1
-27.6364	-52.2459	1
39.802	-75.0479	3
53.8401	-7.09499	1
27.6986	-83.8046	18
35.4242	-94.3842	2
31.3322	-99.8584	1
-20.0545	-43.4527	1
25.6737	-80.3729	32
51.6035	4.31716	16
41.3593	-81.9144	1
52.8758	6.00265	3
43.7207	-81.6061	3
28.5235	-82.2938	1
40.0293	-105.24	5
27.5043	-80.442	1
56.5405	-3.88487	3
20.6312	-103.472	1
51.728	8.76856	3
38.6204	-9.19497	16
-6.54949	-36.0482	1
28.8661	48.2368	1
37.9507	-122.549	1
51.9268	4.50282	3
-22.916	-43.4473	97
35.4644	-84.3658	1
15.4606	120.945	1
-20.4573	-54.6689	1
-25.1839	-48.8404	2
-27.7664	30.0344	1
40.1819	-3.68876	3
41.1355	-85.0619	3
37.9734	-121.999	1
33.6998	-112.035	4
45.6883	1.62067	2
-12.2001	-39.0645	1
57.5931	25.4597	1
-8.15917	114.392	1
34.0592	-81.1998	1
52.2328	21.0607	8
33.7555	-116.302	3
47.0148	142.67	2
-23.239	-47.5175	1
20.517	-99.8764	1
2.5	-76.5833	2
36.0768	-79.7726	2
28.9714	-95.9662	1
6.11885	99.9883	1
45.5316	-122.936	1
-7.60585	112.311	1
33.5727	-85.098	1
32.5065	-94.7552	1
51.3075	-0.555468	3
55.3391	9.53349	1
50.8708	-1.57762	12
57.7482	12.971	1
51.0026	-0.385167	1
47.9854	-99.0024	1
5.85989	102.015	1
42.4282	-8.62728	11
41.8546	12.4191	1
48.6189	2.97564	5
57.9232	59.9781	6
59.0018	61.7094	1
33.9463	-117.257	3
34.4089	-118.501	5
54.6618	-6.21788	1
48.1345	-1.93444	1
31.2437	121.523	1
45.9131	11.0809	1
45.184	5.71568	8
28.0311	-82.757	2
38.5296	-82.7489	2
-27.2422	-52.0333	1
40.3244	-82.9003	1
53.6499	-6.80205	1
20.0009	-99.2163	2
26.1584	-81.7417	2
52.3802	6.13264	23
53.7918	-1.71224	5
-5.3536	-49.0826	2
33.4375	-112.411	3
50.4183	30.6516	1
50.7995	6.46198	1
43.511	-8.26934	1
54.777	49.9181	1
-20.8802	-41.0119	1
53.9798	-1.1351	2
46.8415	-71.3703	5
33.0626	-84.1614	1
61.2734	73.4332	2
24.6625	-107.342	2
40.5778	22.9559	3
42.6818	9.30511	1
-7.02755	110.411	9
47.8173	0.233035	1
40.8497	-89.0362	1
41.1472	-81.3391	2
-6.69493	-35.5978	8
56.2339	-3.1437	1
26.8967	-105.987	1
-22.442	-44.5232	5
41.2372	1.71072	2
18.8352	-95.8132	1
50.4867	-3.52961	1
3.81427	103.361	1
45.9677	5.83158	2
39.3078	-101.67	1
-9.9362	-67.8178	1
4.20344	100.665	2
1.27929	124.881	2
48.9174	11.408	1
41.2212	-85.8674	1
2.04894	102.584	1
37.9824	-101.13	1
51.3927	6.14925	7
40.4457	0.404148	3
49.3294	8.43412	5
40.5867	-98.3813	2
38.9979	-105.554	2
39.3585	-74.4256	1
14.6684	-90.4611	1
18.7647	-69.2559	1
30.2473	-95.1981	1
33.865	-84.6845	3
56.8155	60.6136	31
51.0154	-113.96	4
44.5502	38.1802	1
-2.54526	118.03	2
59.9394	30.0922	3
35.9265	-79.0393	1
-17.7908	-63.1868	5
-26.0842	27.8772	4
1.84467	102.978	6
-17.991	-49.6681	1
39.7424	-122.013	2
36.4563	-82.9133	1
-6.92454	-38.5345	1
4.17777	73.5115	1
51.2579	5.08757	1
35.6125	-87.0478	1
50.652	-4.03372	1
-32.7214	17.9563	1
35.9507	-80.0249	1
51.2258	22.7495	1
45.9746	-0.790735	1
46.1252	-122.893	1
57.5613	18.2031	1
-0.179049	-78.4776	2
18.4323	-69.9749	7
-24.1265	-52.366	2
-32.7911	-71.5281	2
41.6136	21.7433	6
40.2168	44.583	1
35.149	-106.634	1
52.8731	5.81972	1
1.37031	103.895	145
-6.88627	-37.5162	1
53.7587	9.64585	1
-20.785	-49.3592	9
29.3578	-98.4915	3
29.5749	-95.0277	5
52.09	8.28513	1
52.4579	-7.21803	1
55.8573	-4.30607	8
46.9838	6.87818	1
40.7631	-73.7779	7
52.8327	-9.43986	1
48.5681	7.80744	12
49.6344	-1.63346	3
53.4346	23.4208	1
44.0415	1.43687	1
1.42922	110.333	12
35.0715	-78.9175	19
36.1866	-86.7851	8
3.89864	100.938	1
58.0394	60.5549	2
52.6745	-1.34497	2
34.7143	137.283	1
5.43502	103.011	1
34.1302	-114.294	2
37.4263	-77.5166	1
-24.4945	-53.3	3
36.0349	-80.1999	7
37.2336	-80.4338	1
51.7734	19.4806	3
52.0839	6.07227	5
37.9334	23.9448	1
-30.0199	30.8301	5
51.5207	-0.338066	3
0.247298	-51.0638	123
43.7975	4.68492	1
32.8327	-83.6442	1
-2.57242	-59.9803	66
4.93567	8.34129	1
6.34712	-75.5668	9
44.5876	33.5182	1
53.2449	6.85378	3
47.4925	-117.57	1
18.4231	-91.4346	1
56.9715	24.1287	32
51.3972	0.400914	5
43.1619	-86.2632	2
42.6465	-84.0766	1
51.8534	-10.3272	1
42.9705	-71.4441	1
34.6203	-98.4766	4
35.5799	-76.6725	1
59.4397	24.7369	1
38.8048	-77.237	21
42.8506	-2.69861	6
-36.7852	174.773	1
32.1774	-110.884	10
50.5025	2.50719	4
43.2607	-79.9135	1
11.0236	-74.8051	8
36.4205	-121.315	1
35.3046	-82.4495	1
39.1805	-77.2678	9
7.07126	125.608	1
57.6508	39.8704	1
44.9373	-92.9218	1
52.5572	-1.70355	1
47.1038	-104.707	1
32.4258	-87.0176	1
39.2371	-122.182	1
-18.8055	-50.5958	3
50.7367	7.09062	1
30.207	-92.0612	1
42.3387	-7.87468	2
-16.3856	-46.8307	1
12.1147	-86.2714	22
43.7383	7.42425	5
53.0991	-7.21759	1
48.0665	-122.178	5
38.7105	-9.32922	8
52.3995	16.9063	2
-9.34273	-36.0826	1
-39.8153	-73.2263	1
44.6301	25.7327	1
14.6632	-89.6243	1
36.9714	-122.035	1
39.2801	-7.42616	1
-22.5319	-41.9478	1
51.1666	6.00654	7
42.6988	2.90468	2
22.1674	-98.5054	1
5.0652	103.009	1
60.9716	25.689	15
42.1177	-83.2747	1
30.6684	-97.5971	3
52.1976	0.126573	2
55.795	49.0696	13
48.3115	21.5647	1
41.9646	-87.9853	4
52.5696	13.051	1
-25.1082	29.0458	1
37.7205	23.4587	1
42.4562	-2.42913	1
47.9519	6.76841	1
58.1956	15.9976	1
55.6289	37.7078	9
51.4331	4.10658	1
56.5143	21.0132	2
50.831	8.12265	1
52.7277	6.51833	7
-34.9744	-71.2202	8
50.9842	-2.709	1
35.7184	139.873	2
-7.58889	-34.9452	1
51.7993	5.74157	5
18.467	-66.0907	9
26.4876	-81.8421	3
42.9259	-9.26292	1
39.7578	-121.799	2
42.7194	-84.6871	5
-1.54352	102.272	1
46.8564	142.672	1
28.9419	-106.163	3
45.7655	-0.614422	1
48.4786	2.54733	4
-27.4195	29.1639	1
-1.45003	-48.472	13
54.0351	-7.41016	1
-21.9643	-51.3537	1
-21.2645	-45.0228	1
54.1133	-9.14822	1
40.6943	141.36	2
51.4027	6.77358	8
-8.65451	116.524	1
20.941	-89.6236	17
37.7591	-87.1432	1
60.4899	16.5702	1
38.3047	-92.4371	1
4.55868	-75.6539	1
52.6401	1.27308	1
35.441	-97.3924	2
-16.1025	-47.9272	1
37.0792	27.2554	2
22.0696	82.1698	1
51.6366	-1.08016	2
43.8718	-72.4515	1
1.5254	103.838	24
10.6026	7.48344	1
33.2952	-111.886	4
-23.5594	-46.1857	18
6.5246	3.38242	8
55.3506	86.0784	6
52.4185	-1.59378	2
33.9977	-81.7906	1
42.3027	-85.215	2
48.1107	-1.19703	1
7.72226	8.58209	2
34.0708	-117.127	1
37.9636	-122.329	3
55.774	37.5329	91
38.7497	-76.9645	1
51.4588	7.02797	2
45.0729	7.67575	3
43.4584	11.8795	1
32.4216	-104.245	1
-3.0098	-55.195	1
33.3096	-80.5392	1
-32.0071	115.757	2
34.9998	-80.5847	3
31.8493	-106.635	4
45.7821	-64.8824	2
10.0553	-84.4349	3
47.876	-122.22	2
39.2288	-76.8096	3
40.3821	-111.786	1
48.341	39.9838	1
41.2927	12.5735	14
51.2339	5.87831	23
-33.3216	-66.3117	1
30.3157	-81.3852	1
-22.2387	-49.1125	10
-8.05587	111.737	1
33.393	-117.173	1
42.4696	-96.3695	4
52.0119	-0.274485	2
40.5559	-3.26524	5
43.1016	-78.9585	1
18.0004	-77.0048	2
33.4929	36.2476	1
51.7688	4.75251	7
24.3906	54.4964	1
39.2836	-94.9485	1
53.4529	-2.51254	7
33.5711	-81.7702	1
13.9875	-89.5925	6
42.699	-83.051	1
-9.13306	-36.0205	1
46.8091	7.17737	4
54.006	-0.461663	1
55.0811	36.6037	4
40.8082	-77.8167	1
34.0161	-118.47	11
40.998	-4.65544	1
3.72886	103.095	1
44.447	-79.8013	2
1.5284	102.046	1
3.50334	101.526	2
26.903	75.8351	1
46.2625	-119.313	1
-29.3292	-51.5004	8
35.904	-84.4728	1
20.1889	-100.143	1
42.4648	-70.9326	1
52.9756	-0.003937	1
-6.75375	108.562	4
45.7022	9.58386	1
43.739	7.0996	2
33.4488	-4.15708	1
38.403	27.0958	5
39.6525	-78.7636	1
2.82507	101.533	1
52.05	113.467	1
49.8482	7.84088	1
32.5711	-89.8764	1
42.732	-83.3952	1
44.8175	-0.281264	1
57.1558	-2.20275	13
39.3903	-87.4058	2
18.447	-90.9227	2
45.4533	4.7654	2
41.604	12.8407	1
-2.62921	-44.3026	17
48.5238	2.69875	13
39.9709	-75.2438	20
-33.6064	-70.8997	2
40.4095	-3.72167	19
30.2907	-95.4713	2
50.5502	137.01	1
48.6258	2.58559	14
-30.8508	30.3642	3
38.9599	-9.41651	2
37.1819	28.3714	1
52.3265	-2.06475	1
45.6888	-0.859621	1
8.11452	4.21985	1
-27.2781	-50.6155	1
52.1074	-106.568	1
-23.0558	-44.8942	3
37.6613	-120.924	3
-26.3749	25.4619	8
52.4875	4.66202	34
52.5009	13.6085	2
-19.6047	-47.9692	1
-7.90702	110.265	5
4.52048	101.015	2
35.2035	-80.836	9
33.7199	-84.9131	1
46.2852	19.3303	1
10.4448	-64.1678	1
-7.37757	112.765	27
32.7217	-79.9747	4
2.55164	101.796	2
20.6424	-87.0674	3
29.8204	-95.1717	1
36.2768	-6.07974	1
33.8343	-79.0424	4
51.4736	5.6531	17
57.9821	11.3752	1
28.0607	-81.9722	2
26.2638	-98.2489	3
5.78908	-55.1859	1
28.5748	-14.6268	1
40.667	-111.978	12
41.9042	-8.86548	1
9.87359	-84.0815	3
39.086	-108.473	2
51.8714	0.862885	2
53.5975	-113.379	2
36.7307	-120.062	1
32.9425	-96.8147	1
51.3881	-0.0788833	1
36.1523	-95.9091	12
-13.9663	33.758	3
52.3467	5.96862	2
24.4461	72.7473	1
53.2735	-6.39952	9
12.2222	-86.4011	1
33.8549	-118.377	13
-7.9725	112.629	17
39.6777	-75.7477	5
63.8277	20.5759	1
53.5971	-2.47193	7
37.2317	32.9564	1
-21.4781	-49.2918	1
40.9993	29.0425	15
50.3781	2.97529	3
42.9318	44.6465	2
43.0343	2.97913	1
48.432	135.13	1
-21.7898	-48.2021	1
53.2244	-114.98	1
18.3317	-67.2436	2
42.7087	-84.5209	3
49.8155	6.1333	1
47.2248	-1.63039	11
41.1768	29.0439	1
39.6154	-86.474	1
-82.8628	-135.0	1
51.3364	0.808984	1
-22.8952	-47.0303	48
-22.9365	-46.5619	4
32.0389	-81.1685	4
-28.5609	28.8167	1
-25.6598	31.6856	1
32.6889	-97.0323	11
53.4106	-1.515	8
-27.6534	-51.0923	11
42.5028	-79.1269	2
14.0115	-60.9851	1
53.1826	5.81839	8
40.1444	-76.6017	1
42.6582	21.1819	1
40.5857	-80.0387	5
54.666	-5.90817	3
-0.0785608	34.7797	2
-29.3292	-49.8051	1
39.2883	-76.6455	17
41.5405	-8.41078	2
-1.5942	103.619	1
-7.18116	-39.2756	1
41.9278	-87.6555	48
25.8524	-80.3047	23
-22.4758	-46.6045	2
40.2659	-7.5764	15
39.7924	-75.2371	1
47.613	-122.342	10
18.4512	-69.6625	1
-22.6677	-48.8123	1
46.1621	-1.17657	3
54.3021	10.1639	1
51.0535	3.73038	1
40.0122	-74.925	2
52.5259	6.11856	1
52.774	-1.55662	1
45.4827	-75.6269	3
14.9564	120.912	1
-23.7108	-46.4227	25
26.2613	-80.2847	8
36.8048	-6.29987	1
40.1145	-75.6967	1
13.824	100.724	2
43.5329	13.5553	5
59.3942	18.6174	4
5.10574	100.969	1
52.7438	4.89545	13
41.585	9.26626	3
36.0639	-119.023	6
29.7936	-90.8234	3
64.8838	25.3777	3
-30.5529	-53.4955	1
4.35057	113.979	3
41.6133	-87.8532	2
53.3596	89.9062	2
21.2978	-98.3734	3
44.642	41.9433	1
69.3595	88.1996	1
3.09846	98.496	4
52.2694	6.24166	8
6.01225	116.396	15
-21.1972	27.5385	1
-23.3458	-47.8242	3
26.1298	-97.9604	3
35.5323	-78.6401	2
45.773	4.99425	1
19.1388	-70.1138	1
2.04811	103.382	51
55.678	-3.79065	1
-0.82531	117.249	1
53.1928	7.0831	1
59.9341	30.3287	45
30.1155	-93.7251	7
52.4996	4.97251	18
-24.2833	-47.0136	2
26.363	127.814	2
-3.76441	-49.67	2
43.7853	-79.2765	3
-7.23118	112.585	1
56.5904	59.9662	5
40.2515	29.0065	1
54.9	37.4159	1
43.3855	-3.85921	4
54.6627	-1.62942	1
-7.83259	112.022	2
57.6963	18.6613	1
45.6376	15.2119	1
48.7639	7.41601	1
42.9001	-83.5023	1
51.4546	46.1045	1
-23.4892	-51.7215	2
51.0027	2.13943	3
51.1272	16.9913	1
20.0301	-102.265	5
3.30508	103.121	1
25.5651	-103.445	1
32.1934	-94.1947	1
38.1317	-78.839	1
38.3042	-77.6627	1
-27.6097	-48.4789	2
52.1638	5.39544	31
35.615	-95.0695	1
31.1926	-111.001	1
37.052	-113.568	1
41.0758	-73.4702	2
56.4373	23.5066	1
60.4764	5.73647	1
-25.0343	-47.9877	1
47.1612	19.5059	1
30.0682	-90.5558	2
37.9566	-4.79305	1
47.3099	-122.36	2
34.7186	137.717	3
47.7953	21.6377	1
13.6198	-87.8987	1
51.8594	0.159549	1
33.5375	-112.239	7
49.5091	6.02297	1
43.6709	-116.684	1
20.396	-100.095	2
29.518	-98.3735	3
6.23406	125.082	1
-23.2981	-47.2769	9
46.5036	-1.77855	2
42.0418	-88.3239	1
49.4015	2.85486	2
44.886	-0.782283	1
44.8377	-0.574762	14
34.0657	-117.77	3
40.3939	-81.3445	1
45.3231	9.36708	5
39.1451	-75.3867	12
-2.87612	-40.496	1
-30.1649	-51.4437	3
47.5308	21.6603	1
38.9244	-94.7301	4
52.2844	6.44019	8
34.572	-118.69	1
41.9535	-80.5686	1
32.3052	-93.9997	3
50.6033	3.09304	27
34.3215	-119.315	2
30.6672	-96.377	3
42.451	-73.2799	1
32.9337	-80.1297	2
39.8725	-75.4306	1
-15.3798	28.3193	1
40.1182	-88.2714	5
1.58291	104.188	1
-22.6965	-43.5244	2
33.713	-84.7468	3
3.32812	101.579	11
42.0876	-71.4073	2
39.4399	-8.14747	1
43.4625	-70.3973	1
48.5532	-3.11544	1
13.6435	-89.1318	1
51.5163	3.83821	9
43.2216	-79.1153	1
35.0965	-87.4212	1
56.4073	61.9156	2
39.9347	-91.3754	1
38.3366	-75.1065	1
-25.7421	27.8283	1
48.383	31.1814	98
49.0951	-0.504802	1
-5.21541	-42.8028	13
55.0015	82.9557	3
29.7535	-95.6365	5
52.0734	-2.72108	1
18.4466	-68.9693	1
54.8075	-1.58056	6
41.8551	-80.7885	1
36.7967	-4.68937	2
51.4859	-3.228	6
47.0732	15.4419	1
14.1072	-87.1783	7
53.2086	-1.00892	1
16.2586	-92.301	36
-23.8634	-50.0664	1
32.335	-95.2833	2
39.5041	-76.2194	1
8.57361	-71.1741	2
34.5424	-118.079	1
43.1484	-8.9675	1
45.3433	4.31723	3
39.5715	2.64758	1
39.1415	-77.4131	7
48.9027	6.02533	1
-27.4692	153.041	8
52.3445	6.65941	12
57.391	-7.34055	1
52.9373	-1.45137	9
-20.4644	-45.4235	1
43.0843	5.81028	3
-18.9847	-49.5254	1
5.17059	100.515	1
-20.5966	-47.8608	1
32.0113	-110.951	1
43.1792	-1.35398	3
-22.4889	-46.3572	3
43.365	21.8216	1
56.8729	24.3542	1
31.8953	35.0328	1
51.5307	-3.68392	1
10.387	-75.4898	1
32.5658	-116.963	11
40.5415	-112.313	2
42.7825	132.87	6
34.2486	-118.525	9
42.9979	-7.54682	1
44.4937	34.1539	1
30.5945	-91.163	1
-23.7907	-45.5678	1
54.1479	45.2109	1
50.6856	-120.296	1
11.9874	121.908	1
-20.9603	-49.1566	1
43.8527	1.37204	6
55.438	37.5463	3
44.0861	-70.2432	1
37.071	-88.6469	1
19.1003	-103.657	2
36.7814	31.4444	1
24.4892	54.3946	1
42.4995	-92.3804	3
3.86997	11.4471	10
53.1563	5.4229	2
45.6956	9.378	2
36.0546	-115.28	24
38.9793	1.3072	6
40.1953	-8.41349	2
45.5077	-73.5717	8
54.587	-1.34622	1
39.2808	-81.5425	1
-30.7969	27.9638	2
37.3558	-121.942	7
43.5978	-84.7675	2
-22.5907	-42.9639	1
-5.48052	120.255	2
-29.1214	26.2149	3
29.6341	-82.3751	1
2.6891	101.876	20
38.8009	-90.2649	4
59.85	17.5883	2
33.0607	-96.7365	2
14.9205	-92.3094	2
52.3548	4.90405	25
53.7172	27.9867	58
51.3563	-2.49322	1
37.6223	-84.2796	2
44.9007	-93.2054	5
31.1689	-100.077	2
20.9533	-101.279	2
47.5007	-111.303	1
43.757	-71.6916	1
43.7681	4.43151	2
43.1239	-76.29	2
48.5501	-79.9766	1
18.0402	-63.0629	1
-22.3352	-47.3295	3
45.5367	-123.13	2
-3.12394	-47.6536	8
-27.9574	26.8042	1
48.0753	1.32973	1
-18.1413	178.424	2
34.7635	137.438	1
-18.7954	-41.9396	1
40.0263	-105.488	1
9.57985	123.729	1
44.2005	43.1291	1
39.0919	-94.5755	1
6.11336	100.45	14
60.9009	26.2652	1
51.737	0.490645	2
51.5633	5.46581	3
46.3268	4.80807	1
44.9816	-122.985	2
30.4468	-97.6617	16
18.2724	-77.1435	1
55.633	37.4726	1
40.7807	29.4834	2
43.3215	-0.343157	13
43.0403	-87.9324	15
42.9974	-77.4015	2
6.13112	102.25	8
51.104	2.64702	1
50.8182	-1.09673	6
55.0931	59.9685	1
39.4984	-76.6461	1
-25.1476	-50.071	5
18.3126	-66.0462	7
34.6999	-118.132	50
48.8015	2.63276	30
36.0133	-83.86	1
22.5563	88.3763	1
48.9742	2.64711	1
44.6238	21.175	1
47.2153	7.8091	1
52.7207	6.20378	2
44.7539	37.7704	2
26.4561	-80.0918	4
50.9528	1.86886	1
32.5707	-96.865	2
29.7986	-96.6635	1
38.6531	-90.2435	6
28.6694	77.0854	1
38.9637	35.2433	102
55.8509	37.3507	3
36.1215	-97.0862	1
-18.4532	-50.5312	1
56.0228	92.8968	11
24.8746	54.9214	1
48.1968	3.28712	1
-20.3498	-41.9347	2
54.9906	-1.67978	5
50.985	11.0154	2
31.7683	35.2137	1
-25.2963	-49.3218	1
47.3213	9.61273	1
51.1105	23.4647	1
8.86649	-79.785	2
50.9205	5.74937	25
43.3628	-7.07752	1
32.6147	-85.4747	1
-25.3404	-57.5492	3
35.7431	51.3242	1
45.0028	0.104871	1
-23.9174	29.4554	1
-35.7254	-71.679	1
-22.7782	-45.0475	3
20.3703	-90.0472	1
45.4613	9.15934	4
52.2764	5.04833	18
16.7419	-93.1397	6
5.53285	5.78018	3
42.0401	-87.7658	1
61.6456	130.708	1
43.1153	131.89	7
30.1	-95.5855	5
21.0487	-87.0318	6
-27.6882	153.097	3
37.7315	-97.4738	1
47.0232	-103.857	1
30.2242	-97.695	18
52.1048	6.31497	1
42.1251	-87.9244	1
55.8012	38.9988	1
46.8089	3.46929	1
14.5371	120.982	14
-7.62971	111.514	1
33.439	-104.523	1
27.0211	49.6293	1
41.7581	2.06928	9
49.3534	0.0751004	5
40.7139	-89.5956	2
42.3641	-8.40504	1
2.98096	105.695	1
20.5971	-102.559	2
35.846	-78.6572	8
-3.85328	122.052	1
40.9645	-74.3082	2
52.7597	7.20285	2
34.9667	-78.7415	2
2.54452	102.798	3
21.1724	-86.8466	1
2.7987	101.681	1
25.9757	-97.5077	7
49.2681	2.47738	7
48.0772	39.3503	1
-29.0686	-51.0353	4
9.00927	-79.5358	25
54.516	-5.89268	8
5.32964	103.141	13
30.3563	-87.2667	2
43.703	7.25302	22
-20.595	-47.3472	4
47.5056	4.09047	1
52.2569	4.56612	15
42.5349	-71.662	1
51.7855	5.93563	8
44.2151	20.9238	18
41.7661	-81.1433	1
44.6477	-73.1319	1
39.8905	-83.4345	2
18.5297	73.8307	4
42.2791	-83.7497	2
22.7572	-102.588	1
43.3873	5.23302	2
40.1233	-75.3409	2
53.8089	10.1615	1
51.4605	-2.20448	1
-28.8898	-52.5328	2
34.8522	-117.086	1
-26.8426	27.842	3
51.8893	6.37715	4
36.2563	-115.198	16
39.9914	-75.797	1
42.477	-122.818	1
49.4323	1.01713	15
-26.4182	-49.0711	2
47.0947	37.5299	2
36.7405	-95.9513	1
51.7266	5.5399	9
53.0651	-7.94731	3
43.5103	-79.8199	1
41.6039	-87.3568	3
51.1098	3.03003	1
36.1146	-94.135	6
18.3444	-99.5484	1
41.5223	-5.3942	1
52.1958	-1.48872	6
35.8525	-77.9076	1
-36.7524	-73.1069	4
38.7238	-121.364	3
-27.0924	-52.6158	3
35.028	-106.735	8
-23.1117	-47.1947	6
42.6475	-5.53942	7
43.5424	-96.7198	1
28.3335	-81.3513	2
51.1692	0.230888	1
51.9995	4.36409	9
34.5737	-89.9348	1
40.8157	-81.375	3
-26.2966	28.2467	2
53.1548	-6.81533	1
17.0951	-96.75	1
45.5432	-122.655	10
50.8387	0.47595	1
31.2434	-90.4729	1
-26.6594	28.0142	2
48.8987	-0.192645	1
43.6679	-1.40895	2
43.3817	5.79072	1
39.5609	-119.775	4
-12.0902	-77.001	28
40.7308	-85.1835	1
51.9187	0.580929	1
-23.8308	-46.8122	4
-21.65	-41.4319	1
37.6837	-121.884	4
19.184	-96.2312	15
44.098	3.11803	2
55.102	-1.57826	4
43.3113	3.48433	1
-3.1107	-41.4845	9
58.0225	56.1443	16
52.8213	-6.92991	1
59.873	29.9053	1
27.477	-82.589	5
35.5506	140.124	1
36.2522	-107.618	1
53.0847	-2.87307	2
31.27	-83.4577	1
45.241	-75.5974	1
49.2341	4.01764	4
-2.20527	-80.9735	1
36.4834	-120.439	1
36.7464	-4.42539	1
53.4514	-113.46	5
54.9016	84.3671	1
41.1004	-74.0129	2
35.7141	-6.91635	1
39.3902	-84.5578	2
18.6007	-90.7364	1
-29.8636	-50.5628	1
10.644	-61.3751	2
4.61235	114.338	1
52.6388	4.73921	6
55.4165	36.1182	1
13.7486	100.499	1
32.8306	-115.558	1
49.8774	-97.1439	2
52.1794	5.90278	10
53.3352	-3.39195	1
48.9619	1.89248	5
19.7544	-70.5218	1
33.0846	-97.2982	1
50.1581	11.16	1
-25.9299	29.2365	2
47.4317	3.77506	1
41.2746	-82.8483	2
39.7164	-83.88	1
51.6467	-2.16532	1
26.0269	-80.3279	4
52.9756	5.44161	1
51.6546	-4.08823	2
40.8168	-73.6355	2
37.7166	-89.2153	1
6.40072	116.435	1
41.0827	-83.6782	1
32.461	-93.8138	7
1.3496	103.728	20
-23.2966	-46.2331	5
-23.6351	-48.1082	1
27.869	-81.5898	1
-12.0206	-45.4874	1
-22.985	-47.5033	3
41.1689	-85.4854	1
18.839	-97.0819	2
40.8239	-73.0558	2
35.3253	-119.061	6
-19.7776	-44.0706	1
5.59094	95.3636	2
40.4772	-79.8338	1
51.3869	5.78222	6
48.3132	14.8799	1
-28.0067	153.429	3
34.1744	-79.7849	2
-23.0614	-45.9175	31
34.0925	-88.0066	1
52.8054	-2.12498	1
33.7125	-84.1057	4
4.07359	101.149	1
42.1873	2.58736	1
43.2127	-77.5724	1
30.9061	75.8508	1
37.0334	27.4382	2
-22.3872	-43.1873	1
2.20133	102.248	28
41.1527	-74.231	1
39.7393	-89.2665	5
41.8622	-71.4271	12
33.3031	-85.4783	1
41.8939	-87.8384	4
0.522092	101.43	7
14.5334	-90.7369	2
33.439	-112.137	1
54.0788	-2.72119	4
48.7456	11.2047	1
25.3134	55.4954	1
46.4725	-87.4479	1
25.032	-77.3329	1
-14.8821	-40.5663	1
45.5594	9.04635	1
4.72506	103.431	1
27.4103	-80.3322	1
52.3393	5.51529	7
18.9959	72.8307	14
10.4779	-73.257	1
31.7974	-95.1536	1
34.7837	-77.4188	3
59.4743	32.0514	3
37.1128	-76.4992	4
-19.8596	-44.9979	1
40.1348	-3.97546	1
4.71007	-74.0326	15
-14.2393	-53.1848	29
40.651	-73.8712	67
45.6009	8.27281	2
45.8002	9.08382	1
49.5629	1.34587	1
51.1252	-114.185	3
51.7519	4.06934	13
42.7076	-72.4491	1
41.4738	-74.0284	4
39.7443	-105.059	6
38.4221	-90.3761	5
48.8937	-122.784	1
14.7433	-17.4531	8
19.155	-101.909	1
38.4393	-78.8712	2
59.3655	18.0101	16
-22.5461	-48.6355	23
51.654	-3.19196	1
0.413338	9.42742	1
33.7723	-84.297	8
39.2169	8.94765	1
37.8694	-86.8749	1
50.967	5.48989	1
-30.4164	-53.6701	1
48.7759	2.47943	14
44.5676	-123.274	1
51.5786	-2.8233	1
29.5802	-97.9519	2
-4.03904	39.6816	1
-29.8022	-56.7397	1
43.1534	-8.48066	8
61.9794	40.6769	1
41.6526	-4.73139	7
52.3052	4.70921	3
37.9695	-7.85798	3
36.6569	128.457	1
28.6211	-81.4564	3
53.7577	-2.70344	7
32.9728	-117.091	1
40.7218	-73.5152	2
32.5718	-89.1125	1
16.3335	-61.3559	1
32.3158	-106.721	1
-12.9168	-39.874	1
-23.47	-47.4366	12
-16.4629	-54.6471	1
41.1179	-77.6047	4
43.7401	5.07821	1
39.2072	-96.6186	1
43.2426	5.6143	1
51.6388	4.60664	8
37.9907	-121.346	4
-26.219	-49.4078	4
62.3961	17.3275	1
40.7695	-73.9676	72
29.978	-92.1275	1
53.8245	-3.02998	2
-18.8761	-48.246	1
45.4443	11.0005	1
52.1965	-2.21012	1
-33.4853	151.324	1
33.5852	-86.4886	1
35.8834	139.789	1
53.0453	158.664	2
3.75431	101.949	5
40.8057	29.9302	2
36.3602	-80.364	1
42.53	3.02355	1
-30.3331	-54.374	2
32.9078	-96.606	1
51.6702	-0.450924	3
15.5972	32.5748	4
42.5978	-88.6168	3
29.8863	-90.066	9
42.6723	-83.2098	1
18.9253	-96.937	2
34.4414	35.8343	2
52.2346	-0.881253	1
42.7991	-8.01626	1
31.3643	-110.933	6
38.8089	-3.39641	1
6.36543	2.46682	2
41.3107	-72.9302	3
50.4653	2.74599	1
50.2657	3.21109	1
