Latitude 	 Longitude 	 Weight
35.4405	137.008	2
50.0645	5.76072	3
35.2989	-101.785	1
61.0527	28.3162	2
39.924	-80.7276	2
30.4527	-97.599	9
38.1377	13.3472	5
43.9291	2.13251	1
51.7259	11.0554	1
51.4631	-1.00671	76
55.6759	12.3535	3
55.5715	38.2275	9
50.9351	0.803452	1
51.7499	11.8455	1
34.8204	-89.5531	1
32.7001	-113.962	1
-21.21	-48.2936	1
42.8797	-100.543	1
42.7466	-75.77	18
40.002	-86.1301	3
35.018	-91.9592	1
59.6125	16.2392	1
-15.9473	-49.5791	1
21.4584	-158.014	5
-22.9837	-43.2218	2
41.3747	-72.1601	5
32.9096	-97.6366	2
51.4732	11.9725	1
16.959	-99.7356	8
48.7623	7.8512	1
31.8996	-106.421	12
43.1495	3.03364	1
53.4412	41.8039	1
53.1034	-2.30862	3
16.9225	-89.8927	1
42.5105	-7.49825	6
47.4987	8.73303	2
42.6483	12.9537	1
32.683	-117.039	28
53.3107	8.7361	3
38.1594	-0.83502	2
10.7141	122.552	4
-33.5978	-70.6845	13
36.3998	-78.1593	1
39.6359	-86.1016	3
53.6799	9.37269	4
37.7897	-80.3693	1
52.1674	-2.40599	2
54.0019	-0.44364	17
46.1446	-122.885	2
52.3682	5.19166	9
-7.00298	107.279	1
42.4423	-79.3274	5
51.7661	0.110915	2
50.795	-2.61142	2
42.8071	-5.63558	7
44.3605	8.58884	1
37.8004	29.017	4
50.1212	8.63661	1
38.502	-117.023	2
2.7967	101.812	35
-7.92159	113.819	1
39.8821	-76.8249	4
30.0586	-90.6948	1
48.2247	8.38952	1
41.8267	-74.1219	1
39.7407	-75.5664	17
-28.3896	-54.8743	3
46.4727	6.4246	1
-35.1891	149.667	1
53.0153	17.7251	1
-28.6758	-52.1656	1
34.7893	-111.783	1
54.6625	-6.2166	4
34.8974	-95.6669	1
43.6814	-79.7831	9
42.7118	-80.0441	1
45.4266	-75.4864	1
-26.4195	-51.8397	6
34.198	-90.5699	1
42.5468	-71.3037	3
35.8305	-85.9786	2
56.7347	-2.65909	1
32.3329	-116.929	3
50.2317	-5.23014	1
24.2438	-100.381	1
-38.1648	144.36	1
50.7549	-1.88556	11
22.2703	-97.9168	4
39.295	-7.4421	1
43.2157	-79.9153	2
41.1166	-73.4509	5
53.3347	-8.34474	1
48.8583	2.75571	3
5.8108	100.383	1
47.4317	9.40213	2
40.9912	-75.1447	1
39.2692	-0.557376	1
33.388	-84.569	1
50.6905	-1.28967	1
50.7159	-3.48524	1
40.7721	30.394	1
33.6029	-112.306	7
51.8243	-3.01451	2
42.2353	-88.3376	1
41.5227	-93.7558	5
49.839	2.052	5
41.8192	-79.4159	1
42.0977	-79.3109	1
37.7717	-121.202	5
54.2305	-4.56943	1
46.5485	-95.6154	1
38.8954	-76.8076	32
55.4359	65.2991	2
44.9036	37.3293	1
51.4498	-2.61618	26
55.5102	47.4854	1
51.3448	7.56404	1
11.6609	-70.208	2
35.7932	135.645	1
29.8969	-97.9665	7
55.9712	47.3613	1
-27.7689	-48.6676	2
64.5245	39.7407	6
-12.0161	-77.0785	13
-23.751	-45.4078	2
61.2465	46.8807	6
-20.5174	-54.5962	6
53.0326	-1.34089	19
52.6003	39.6002	19
49.4961	0.134406	1
32.9612	-97.0946	12
7.69923	-72.354	2
46.7486	-71.3682	3
-20.5308	-47.3748	4
37.7734	-79.5452	1
-23.6839	-46.9469	33
49.2721	23.5141	1
-17.7477	-48.6322	1
38.8784	-6.97418	1
-22.8132	-43.2003	17
-6.90558	107.626	280
39.4848	-77.547	1
9.37391	-83.7087	1
-6.54424	107.448	3
47.2166	-123.114	1
49.607	0.765367	1
36.7828	-119.795	19
36.3468	-82.4071	1
54.5377	-3.5558	10
53.0195	-2.15902	5
52.6738	6.74201	1
33.5456	-84.2733	6
-22.6965	-43.5244	2
-37.7815	144.871	13
6.11277	100.374	15
-33.4131	149.182	1
41.636	-79.563	1
29.6801	-95.3996	33
37.8223	-85.7682	4
-21.2162	-41.8904	1
30.1738	-97.8146	17
57.5215	-2.6365	1
34.7829	134.849	8
52.3326	0.529435	1
30.1669	-97.6281	2
56.3385	9.88076	1
41.6081	-87.2493	2
36.1569	-80.3267	1
-8.58183	116.107	8
18.352	-67.0021	1
45.0011	-86.2707	5
41.4307	-71.7108	3
49.1118	6.16804	7
41.8575	-80.9468	1
3.84876	103.337	27
40.8536	-80.3298	4
31.3665	-110.959	2
38.9735	-119.889	2
52.7907	5.14252	4
0.381182	32.6201	11
45.094	11.654	2
28.5091	-16.3378	1
14.5806	-89.4556	1
43.6777	13.2102	1
43.3955	6.29457	5
32.3558	-86.0821	3
38.5544	-7.86034	1
-5.65214	-45.2755	1
41.0071	28.6436	2
37.8937	-122.122	6
56.8729	24.3542	4
33.5783	-88.6236	1
3.0996	98.4935	1
37.2677	-77.5701	1
44.9483	43.2818	1
56.8544	35.8997	6
45.5158	-73.5603	1
32.8766	-8.50428	1
8.44574	-82.4195	2
43.4879	-83.3977	1
43.9429	12.4599	1
45.6402	-122.492	8
56.8747	16.6574	3
11.3913	-69.6856	1
41.9383	-93.3898	5
37.8072	-25.4945	4
46.4858	-84.3744	1
10.5592	7.44926	2
17.9888	-77.3646	1
1.32007	124.809	1
46.0609	13.2427	1
53.1302	18.0379	2
33.0157	-96.7084	24
28.9699	-111.498	3
47.3855	0.72741	1
39.324	-108.207	1
54.1062	-8.575	1
43.5012	-79.6727	2
33.7183	-84.3106	31
48.3946	7.44362	2
40.3033	-74.6809	5
53.3987	-7.72305	3
42.4112	-83.6105	6
34.1682	-111.931	2
44.0595	-123.123	4
36.583	-85.1381	1
39.8439	-75.3748	18
43.6478	5.09547	1
-7.03353	-37.3471	4
41.4673	-90.6682	1
26.1684	-81.7629	1
-7.42692	108.164	3
55.7263	13.1715	1
-4.91685	-38.9252	2
22.7218	120.301	1
34.4324	-78.9483	1
50.5773	6.69882	1
19.4325	-99.1534	340
59.2939	10.4414	3
-19.6263	-43.8892	3
35.3891	-86.154	3
37.2357	-76.515	1
42.751	-87.7923	3
32.5281	-92.7041	1
43.2803	3.4998	1
-33.8939	25.5314	2
45.5013	10.7845	1
42.2868	-71.7138	2
-6.41379	-36.1914	1
-23.8594	-46.4077	78
43.5084	-5.69195	2
2.84186	101.635	3
33.8068	-85.751	1
37.6664	-97.2247	7
-26.4233	-49.1569	3
37.7987	-79.7906	1
-22.8163	148.705	3
45.3914	11.7935	84
40.0811	-97.0948	1
6.49329	124.842	1
39.1232	-94.7484	3
58.8052	16.7742	1
40.95	-73.0924	2
48.7976	2.59983	47
-6.21599	106.964	197
-23.352	-51.1744	3
32.8429	-117.281	3
26.6135	-81.989	1
39.9559	-75.2412	62
43.1932	-76.2053	1
52.7494	-8.89838	1
49.5515	2.51216	5
41.3714	-83.0335	2
-12.1682	-76.9914	16
-29.2431	16.8805	2
-23.6604	-47.5864	2
47.6968	2.01915	2
56.4934	-3.01892	6
-5.17241	119.39	81
13.6752	-89.2363	20
10.1221	-66.8304	1
30.4454	-84.2453	9
39.1006	-76.7156	17
33.2069	-97.1418	5
43.6004	-83.8627	6
35.1598	-78.7363	1
53.011	9.03651	1
34.7233	-92.3379	11
34.2071	-77.8721	1
-20.744	-45.924	1
42.9796	-85.6722	5
33.9373	-118.341	112
53.3215	50.0679	12
-23.2969	-45.9737	13
32.2783	-106.736	2
40.132	-74.9126	7
26.8106	-80.6591	1
-1.24898	-78.6327	2
-28.5918	-51.9691	1
43.2462	5.59253	4
32.7613	-97.0632	8
35.5382	-82.5655	1
27.7117	-97.3219	8
39.3735	-104.841	2
39.2339	-74.627	1
3.58111	98.6676	96
38.7676	-77.1836	37
35.4987	-96.3883	1
43.0352	-76.1391	6
33.1237	-95.0222	1
44.6634	-124.048	1
42.0851	-87.8263	4
45.5846	8.57615	1
-2.42837	106.432	3
-7.02652	107.519	3
38.131	-79.0487	2
-23.7071	-53.4119	1
51.2799	1.09365	12
-8.48469	-35.6869	1
42.2231	-85.7787	5
47.1191	37.5183	1
42.6045	-77.4099	1
-7.39754	109.242	5
-5.06419	-42.799	5
54.0693	-1.20967	1
3.48527	102.324	2
35.309	-98.7166	1
-16.6428	-49.2612	32
35.8876	-80.0862	1
35.5807	-106.75	1
33.4626	-117.096	1
-20.137	-40.29	12
52.0231	5.55162	13
35.7601	-119.228	2
47.7091	10.3262	1
-23.3552	-47.9037	3
38.9545	-81.7569	1
19.3073	-104.833	1
44.3074	-79.5494	1
53.1599	6.74893	3
-22.4911	-45.6242	2
50.84	4.34089	12
52.8852	1.41559	2
53.864	27.6823	9
10.9515	-74.7782	29
36.2587	-85.9327	1
38.9736	-95.2556	19
42.2657	-85.2486	2
18.8567	-97.1128	1
-23.6566	-49.7803	1
5.50042	102.219	1
34.0003	-84.0577	16
37.8632	-87.5219	6
29.4617	-98.4443	47
39.6277	-74.9662	1
-22.1761	-47.3406	2
17.9003	-93.5105	1
55.8025	38.4782	1
46.0232	14.4278	1
52.0828	-0.739571	2
39.9347	-91.3754	2
47.9706	7.9676	2
-7.38522	-37.134	2
40.18	-74.2029	2
-2.13062	106.117	1
-29.7338	-51.0571	46
-22.959	-49.8674	2
6.30198	99.7211	2
42.5392	-83.4725	22
-33.7037	150.332	1
49.4052	7.56397	1
40.8735	-81.3702	1
-7.47262	110.22	2
35.0684	-107.541	1
37.4429	-77.5852	8
9.97471	-84.019	20
15.7673	-96.1374	1
5.78903	101.889	2
3.42034	101.44	8
52.9123	-0.643381	1
-1.00247	100.443	2
31.2331	29.9502	3
51.7119	5.31263	2
50.8361	2.25797	1
25.559	-97.5474	6
34.3703	-84.0301	1
38.9399	-8.85752	1
21.7906	-72.1865	2
40.5932	-74.0714	77
-8.11343	112.626	13
50.7999	-0.00234102	3
-31.5614	-52.3342	6
33.7502	-118.025	63
52.9704	36.0825	3
44.6448	10.8969	1
42.2995	-71.2785	2
45.9125	6.13603	1
56.9774	-2.19414	2
33.7135	-86.6504	1
38.4547	-75.0573	1
43.8272	-83.2576	1
51.2258	22.7492	1
-26.3037	-48.8153	1
6.86494	7.4015	1
36.7696	-120.718	1
37.9168	-1.11781	13
44.8304	-93.0559	8
43.0945	-75.8083	1
48.3704	30.4725	2
42.8721	-8.55269	6
46.5213	6.61816	5
51.7191	-102.415	1
-0.0413062	-51.1726	41
40.6308	-3.17824	1
55.1254	73.3788	14
44.9916	0.179549	1
51.6036	-3.35312	9
46.2166	20.4675	2
28.3286	-80.6246	1
45.4435	-93.6428	1
37.3053	-6.11304	2
48.7143	1.35211	2
38.3788	-1.95307	1
9.03993	7.47987	2
56.1385	40.4177	7
4.96354	103.278	1
38.5835	-94.7334	1
-26.2945	-49.3292	1
59.7524	19.0381	1
40.2728	-95.4671	1
53.1972	-2.784	10
53.3549	-6.2474	51
49.7072	72.5869	1
35.8239	139.574	3
-7.83398	112.02	1
42.9587	-85.072	6
46.1098	-89.6409	1
51.9187	19.1348	6
38.8753	-104.757	10
55.1559	61.3679	6
55.8531	-4.40916	4
29.4787	-98.6278	48
37.1909	-93.2717	2
4.20381	100.654	4
36.4514	136.917	2
57.8602	56.2942	1
32.5793	-96.8879	2
49.8513	20.2544	2
46.7669	-120.987	1
40.4314	-79.9806	24
-8.17718	113.718	1
34.0203	-6.83744	21
-33.3004	26.5251	1
43.8483	-79.0423	4
54.6456	-5.71793	4
31.4322	-100.449	3
34.0372	-117.307	44
37.7875	-85.9468	2
34.8239	135.524	2
36.4488	-6.20538	1
55.1462	-6.6526	1
37.8429	27.2423	2
35.6082	-119.212	1
52.545	5.92005	7
3.03296	101.654	786
37.4902	-84.6282	1
57.385	21.546	1
49.1461	2.29321	2
37.7914	-3.74254	9
2.98057	99.7868	1
38.8778	-99.3181	5
32.6782	-83.1783	18
-1.59336	-80.4937	1
2.33404	102.459	9
38.4706	-78.0002	1
32.1217	-110.863	5
33.7533	-115.447	2
46.1028	11.2074	1
42.8731	131.087	1
45.1564	-122.886	1
8.98327	38.7693	1
5.95387	104.191	1
46.9021	-102.77	2
42.94	-89.0928	1
48.1299	5.1278	1
36.025	-86.8144	18
-27.1649	-48.5994	1
18.8352	-95.8132	1
33.7203	-78.8771	3
53.3495	18.4257	1
45.5654	-94.1667	1
-1.27293	-48.4598	80
-21.6793	-49.7808	3
37.7087	30.3	1
47.7443	-2.88496	1
34.0929	-83.7619	2
-6.96961	108.511	1
32.7314	-17.1781	1
39.1109	-80.4091	1
-12.9518	-38.3828	2
52.0988	5.2427	6
55.3259	11.3906	1
42.5404	3.05067	1
22.2761	113.932	4
46.7119	-122.973	1
0.29215	35.3026	1
47.1547	16.1725	1
42.2424	-83.2902	17
42.5822	-77.154	1
52.6704	-0.739609	6
50.5196	30.8036	1
35.596	-119.372	1
-26.7242	-53.4817	1
45.1894	9.14529	1
16.2376	-61.6357	2
19.7702	-98.5797	1
42.4672	-83.1108	38
-37.0204	-73.1609	1
43.6344	-84.187	1
-33.9686	18.5383	14
52.981	-0.0211293	1
25.0263	-80.5079	1
51.0047	-3.14983	2
37.2692	-119.307	44
-7.62612	111.522	1
-26.3749	25.4619	2
51.4436	4.10752	2
10.2672	123.842	12
58.8909	55.6322	2
0.53742	123.062	1
19.5822	-99.242	126
-26.3075	27.9439	21
43.1382	-70.9302	1
27.4907	-82.6334	6
37.0727	-88.624	2
45.1448	-89.1493	3
32.5762	-86.6807	4
45.7358	11.8618	4
42.3144	-70.9703	53
41.5829	2.0064	4
2.17917	111.401	3
19.8155	-99.8463	2
-22.8353	-47.2751	15
43.1513	-4.68628	1
45.1088	-93.3403	11
42.2772	-122.818	1
53.29	83.6478	4
43.2519	-79.0756	3
53.9619	-1.09716	6
-6.06205	-77.1677	1
-27.1111	-52.6609	2
30.4223	-9.58203	3
-23.1412	-48.6035	2
53.5335	-1.10698	4
24.6017	46.72	2
42.2662	-82.1508	2
19.3343	-97.9228	2
49.185	-2.0931	3
-26.4775	-51.4095	1
1.66329	103.551	13
36.1337	-5.35317	2
5.03509	115.069	1
-21.8793	-47.9053	6
-28.7189	-53.5192	1
33.4703	-112.183	10
-21.893	-45.0983	1
19.2708	-99.6499	25
28.6352	-81.3623	6
-17.6717	-40.8528	1
9.01349	7.62277	4
47.5216	18.8182	1
33.9907	-117.458	23
-4.89593	-80.6862	1
35.4769	140.042	1
43.6009	78.2529	1
49.0161	8.40954	3
45.1004	-0.0379937	1
40.8623	-74.3815	8
-7.65408	111.35	3
44.4582	7.56125	1
-37.4756	-73.3444	1
48.7791	9.17711	1
34.2072	-117.361	2
18.3197	-64.8823	1
-7.49837	112.486	4
56.2847	43.851	38
0.512816	101.409	11
-29.1921	-51.3739	7
44.0343	-92.4849	1
33.6521	-84.4492	1
37.2304	-80.4311	1
-23.0939	-47.2369	14
45.8104	8.76204	2
38.7339	-122.141	1
48.3104	11.9108	1
52.0491	4.53844	23
41.7597	-88.3011	6
52.88	-9.40846	3
41.3437	-87.6302	1
44.7771	-89.6805	1
51.5207	-0.142822	10466
34.5778	-113.173	1
42.7174	47.6618	1
45.6207	-1.01248	2
40.8781	-75.568	1
37.5017	-120.841	1
56.9735	23.899	2
40.6892	-7.92529	1
39.5204	-87.1233	1
57.2835	-4.47243	1
39.177	-0.23851	1
44.2505	4.63715	2
36.2329	-115.238	52
-22.2628	-45.9406	1
40.5414	-74.3632	38
21.3841	-100.218	1
43.1447	2.87033	1
-4.33691	-40.1545	1
51.6197	-1.44317	1
50.652	-4.03372	2
61.8089	9.67325	1
41.5194	-73.889	4
43.392	-80.3072	2
-25.3537	-57.5961	7
-0.829621	37.2488	1
48.0093	3.40923	1
-25.4951	-49.2884	197
51.2976	17.643	1
26.0637	-98.3179	1
-8.24615	-34.9959	1
61.3663	16.3829	1
40.1114	-85.6731	1
53.8089	10.1616	1
51.272	-0.395409	5
5.31603	103.149	14
1.55465	104.227	1
-5.57916	-39.4606	10
45.1652	-93.2031	3
36.2046	-94.7934	1
59.1287	37.8988	2
1.16062	124.838	1
37.2745	-107.865	1
48.2128	3.30667	1
-23.0595	-46.972	13
-35.5161	-71.5123	2
3.47166	102.494	1
40.6521	-74.5213	1
43.6707	7.15032	53
32.5335	-117.018	1
42.0538	-88.3076	1
35.6838	-80.4132	1
15.4296	120.938	1
8.3166	-62.7282	1
35.7002	-105.103	1
45.6701	9.66934	2
55.5821	38.0217	2
44.2355	-123.211	1
35.2265	-111.579	2
46.2794	6.93992	1
43.2618	-71.5846	1
39.6283	-77.7337	1
33.6001	-83.9427	1
25.172	51.4217	3
36.5791	-86.5137	1
-22.647	-47.1855	1
42.6526	-78.7555	2
35.9465	-84.0724	3
55.0767	61.5533	1
48.6772	2.50266	24
-28.8649	153.016	1
23.4681	-106.272	1
1.86117	104.63	7
50.9335	4.05503	2
40.7522	-73.0903	2
-12.3487	-46.5503	1
41.3773	-82.1205	5
55.6894	12.4982	3
36.5603	-87.3465	1
52.5685	-7.29381	1
51.5083	5.98973	3
-24.4958	-47.8554	3
40.7142	-74.1906	16
44.961	-89.7681	1
43.0942	-9.0443	1
51.9501	7.62409	2
40.3099	-79.8244	2
44.0358	-78.8645	1
52.5066	-0.70217	1
34.631	-86.651	4
35.3004	-120.661	1
60.9403	24.4042	1
43.8932	-0.500742	1
43.1952	-2.46631	1
55.6705	37.2691	11
14.9623	-91.7901	1
50.4425	-4.95569	2
33.0876	-84.3454	1
48.8292	44.7576	4
-22.4361	-45.3967	3
26.9147	-82.2656	1
44.3448	-89.0946	1
4.34365	100.904	5
-23.5332	-47.2533	2
-15.3751	28.3429	2
38.5617	-121.461	26
2.09064	99.8416	1
47.8078	-2.38669	1
31.2155	121.578	2
51.2667	22.8865	17
15.4451	75.0124	1
50.9545	1.89583	2
32.6929	-103.165	1
38.3666	-121.959	1
52.1587	-1.74068	1
34.1827	-119.225	7
41.3781	-83.645	8
36.6064	-4.52128	8
43.2193	-87.9274	4
51.0183	2.34338	4
47.5747	7.55365	2
37.7185	-121.443	4
54.747	56.029	15
-22.1148	-45.0354	3
37.2822	-85.8996	1
-15.8625	-48.0905	7
54.1937	37.6289	18
38.8617	-77.7739	1
50.0337	21.9887	1
10.4025	123.919	7
10.1988	118.894	1
52.7642	23.1903	2
-20.785	-49.3592	6
35.0045	135.769	3
36.8291	28.2442	1
38.6441	-76.9171	18
33.6091	-114.605	1
6.37261	2.51909	2
21.0009	-100.385	1
35.1952	-78.9607	5
33.7439	-117.02	1
-22.8738	-52.5483	1
44.0453	5.20293	2
-3.13547	-58.7839	1
5.39716	100.315	77
46.0207	-70.6731	3
40.0242	-75.078	13
49.2679	-123.173	27
50.6729	4.57014	1
37.038	27.4293	2
33.1719	-84.8611	1
41.2879	-87.2962	2
48.945	2.87802	3
-22.2407	-45.6868	1
33.6818	72.9916	1
51.7676	-0.575282	11
53.459	6.62288	4
-26.4493	-49.6013	2
-10.1156	-48.1132	4
52.6043	1.7333	2
35.8679	-90.9475	1
55.66	-4.94744	1
34.8299	-86.5102	9
47.2061	11.3474	2
-29.9006	30.9726	10
27.9821	-82.3134	2
10.4866	-66.8301	3
41.8761	-93.8225	1
28.0822	-81.9644	1
26.0565	-97.5625	1
-24.6977	-53.7903	1
-20.4108	-48.0644	1
44.4694	-1.07361	1
53.741	20.4942	1
45.0538	39.0332	8
35.0826	-106.678	7
46.4812	30.7397	3
-25.553	-48.4967	6
-29.6421	-53.1946	1
44.4395	26.1305	1
43.2156	2.34993	1
54.1602	-6.79392	1
-6.77035	-36.3964	1
39.1423	-77.163	24
51.5944	-0.285372	9
34.1241	-117.558	16
38.4165	-82.7227	6
51.5495	0.562076	10
48.0108	37.8099	1
2.13286	102.784	1
48.5455	7.49881	3
33.5478	-83.1715	1
35.6626	-101.417	2
49.0082	-122.736	2
4.14799	-73.6099	1
32.7995	-97.2914	30
29.2924	48.0681	9
-6.41998	-36.4376	1
26.8418	-80.1632	5
52.8118	-0.0167856	2
56.2771	44.7651	2
52.005	47.8008	2
38.6833	-121.386	3
49.8477	3.27921	2
51.1998	5.535	2
36.4381	-94.2374	1
32.5717	-93.7181	5
35.0764	-92.4576	1
43.35	-8.40817	2
2.81646	101.436	3
38.1935	-85.7954	14
43.7065	-80.4801	1
57.6726	12.0078	5
56.5736	-2.60346	1
53.8222	-2.71083	18
32.6911	-117.24	1
41.1643	-73.7572	6
-42.9063	147.32	1
41.5504	2.44351	5
40.073	-74.7243	11
46.8616	-101.568	1
44.3322	-66.1165	1
21.0206	-101.262	2
55.8832	12.4797	2
-7.44433	112.717	9
-21.8205	-46.5447	2
33.962	-84.3653	1
-2.42214	-54.7235	2
-7.14948	-34.8822	44
6.08409	116.165	3
40.4027	-86.8307	4
37.3312	27.3937	1
54.4099	-6.1627	1
41.7427	-111.814	1
32.5343	35.8543	3
7.10256	-73.1207	2
49.8755	2.26243	1
-21.2635	-50.3531	9
43.054	-87.9779	31
33.6507	-116.002	5
28.6177	-96.6329	1
53.8572	-2.16499	10
-33.9218	18.3881	1
-17.7872	-50.5601	2
42.3735	-82.9227	4
30.4657	-97.7601	7
-5.77743	-35.3679	1
19.5676	-99.0445	29
33.5774	-117.214	7
-34.9019	-56.1572	1
-31.2458	-54.066	3
45.2482	-75.8001	2
61.5218	0.00022	14
35.1634	-115.9	27
32.4677	-93.8646	2
54.0861	13.399	1
59.647	17.9304	1
13.4757	144.769	4
-23.2011	-46.9084	14
53.1058	-0.813425	2
31.8547	-106.626	1
-22.2332	-43.888	1
40.1315	-79.8601	1
-27.5402	152.909	8
26.2969	127.767	2
41.2308	14.7127	3
38.4053	-105.26	2
8.60112	-70.3045	1
43.1388	-94.3096	1
5.56507	95.3391	6
27.1803	31.1805	1
50.2622	19.4675	1
15.1513	145.705	2
-8.98489	-64.5216	2
30.7019	-88.0889	1
-21.1893	-45.4411	5
39.6539	-78.9294	1
55.9887	37.1838	1
28.5459	-106.162	1
33.9493	-117.014	2
42.2408	2.96758	1
-37.9976	145.077	2
14.8357	120.738	3
40.7357	-85.1694	1
54.7006	25.253	2
40.8454	-124.053	4
53.9268	27.1303	3
28.3808	-16.6863	1
19.6527	-101.276	10
32.0956	-83.5019	2
52.9147	-1.46997	9
44.0388	43.0507	4
38.1131	-1.30155	5
39.8244	-7.50534	4
50.7782	5.97428	32
41.3006	-7.76079	2
47.6773	6.90678	1
51.8923	0.266048	1
-29.106	-51.5365	3
50.137	9.03798	1
47.4803	-0.602714	1
-8.65629	115.222	36
4.23955	103.192	1
57.0137	24.9689	1
39.742	-105.012	16
49.0922	1.48259	3
64.8563	-147.692	1
40.838	-80.0479	1
18.4662	-97.4224	4
52.7324	41.4335	1
38.1754	15.5304	1
42.3641	-8.40504	1
39.2204	9.09584	3
41.2834	-73.8856	3
2.84715	-60.6706	5
48.4557	24.5556	1
-9.749	-36.6457	2
-20.8303	-40.7044	2
20.8582	-156.663	1
-8.44158	115.597	1
12.1493	-68.9498	1
30.4702	-87.7103	1
40.8979	-74.6482	4
42.7031	23.3133	2
42.7892	-71.1705	12
11.0391	-63.8675	1
-1.75216	112.635	5
56.1235	-3.93448	2
41.8467	-88.018	3
35.1693	139.643	1
25.7738	-80.1471	21
40.4582	0.417416	1
42.0179	-93.6984	3
35.5374	-75.5106	1
-27.4315	-48.7294	1
32.2742	-110.959	5
39.983	-82.9772	22
29.8809	-95.6658	9
52.0526	1.21331	1
40.3277	-74.1333	3
4.29172	117.889	5
52.1781	5.40731	7
52.3368	0.993472	1
50.9138	-1.40057	6
40.9301	29.2195	2
39.9444	-79.6747	3
44.2839	0.247698	3
-27.6882	-48.4978	17
53.1682	15.4249	3
38.9926	-88.5936	1
-5.35593	105.29	4
-2.28171	-80.9171	2
35.0559	-85.3097	2
36.014	-114.948	8
39.3285	-82.1016	6
50.9419	0.206954	1
-23.4377	-49.9198	1
32.3614	-90.4998	1
40.7863	14.3951	3
13.6614	101.119	1
43.4588	39.9023	1
54.2707	-8.47782	3
44.3577	-78.2854	1
37.775	-77.4622	1
51.1971	6.44682	1
44.6382	11.1886	1
60.9715	25.6661	1
38.9266	-84.3903	1
-27.1211	-48.9046	1
21.0981	-101.601	13
36.0704	-86.6648	1
41.8338	-87.7319	94
45.5441	11.7808	1
51.0242	-2.59923	2
51.3819	-0.282529	21
59.8677	30.4651	28
-21.3928	-50.1297	3
6.38868	2.76644	1
40.6762	14.804	1
38.9438	-77.2034	3
41.3289	-122.312	4
45.6796	12.1161	1
41.6025	-87.851	3
28.5748	-14.6268	1
33.3778	-84.7631	2
-23.54	-46.3466	10
41.6621	-83.415	2
27.8965	-15.4611	1
45.9134	10.0675	1
44.2005	43.1291	2
44.9707	-93.2615	11
42.4954	-8.77434	2
35.0125	134.996	49
52.2186	-1.87592	1
-29.909	-71.2581	1
50.8667	-103.348	1
41.5996	2.58629	1
52.9747	-6.05387	1
40.0178	-78.5939	1
36.1212	-86.5132	2
3.48624	103.39	9
-18.4775	-70.3117	1
43.0841	-89.4064	8
41.4988	-81.7058	15
53.2999	5.07594	1
42.6057	-8.93279	1
44.0262	-88.5536	3
19.1075	-100.034	2
50.5977	36.5848	1
21.0378	-101.848	1
-7.94075	-34.8251	8
56.0315	-3.77788	5
41.2449	-111.935	1
44.617	-76.6916	4
32.2193	-98.2052	1
43.6411	-71.5133	1
-12.8753	-38.5026	52
52.3703	0.256081	1
52.7081	5.26879	1
43.8802	10.8092	4
41.6585	-4.72766	20
-3.12394	-47.6536	1
51.8986	-2.07653	12
-20.1841	-42.0865	3
35.9225	-78.4605	2
36.666	-87.4666	1
50.8396	-0.815978	9
42.9906	-7.57063	3
37.808	-122.237	26
54.2427	-7.10323	5
30.1636	31.6214	1
54.2795	-0.404342	3
33.4337	-117.62	9
35.2029	-78.4871	1
33.3593	-86.8202	14
-27.8074	-50.3201	1
-22.1868	-49.9589	1
27.1879	-81.8598	1
49.6001	1.00365	1
42.5021	-92.3267	7
53.5659	-2.69786	7
43.4564	-3.82866	3
45.3995	-122.745	25
56.4441	9.39834	2
-22.5615	-45.0123	3
46.7134	2.45829	1
39.9279	9.66911	1
47.8279	-122.3	12
38.3744	-76.4223	1
39.7666	-86.4413	7
55.8118	-4.55615	1
32.4324	-99.6052	1
40.1949	-85.3876	7
-23.3921	-46.4539	53
39.7258	-90.2319	1
53.3861	-1.41487	6
44.7321	-92.8553	1
-19.5537	-42.6053	2
39.4399	-8.14747	3
3.67773	100.991	1
51.4832	-0.603252	15
34.1457	-81.2211	2
33.5827	-85.101	1
43.3531	-5.88123	13
-25.4912	-50.8622	5
35.3343	-81.8737	9
13.353	74.7871	2
34.1844	-118.132	31
39.9568	0.263752	3
-3.23194	123.185	1
52.307	104.253	5
40.0691	45.0382	3
44.013	4.936	2
14.6139	-61.0816	1
42.3157	-71.4285	2
50.4496	-104.548	1
55.7304	36.857	1
52.6271	21.516	1
4.30077	101.965	1
3.69745	101.524	2
41.6915	-0.927332	5
-28.739	-49.3605	4
2.71563	101.953	17
52.8611	4.83017	4
36.4751	-95.0172	1
37.2376	-6.91868	1
40.5672	-105.083	1
34.3985	-119.75	14
24.9517	67.0464	3
62.4029	33.9621	1
53.5969	-6.17505	4
51.1516	15.0178	1
47.7938	3.58167	1
42.1971	-8.77156	5
-22.0587	-48.7344	5
-24.5609	25.9881	1
39.5387	-104.976	5
50.2952	16.6494	1
45.1982	12.2798	1
34.9131	-88.6163	1
42.0844	-71.0278	7
48.7242	4.5841	1
53.0715	-1.99367	1
50.4439	5.61648	4
40.9167	-1.30067	1
-29.709	-52.7772	1
46.303	0.11737	3
38.9538	-92.3394	4
34.9053	-116.949	2
50.6924	2.87905	1
39.9205	116.582	2
-32.2122	-52.378	7
53.9629	27.5346	21
39.6375	-119.284	1
34.6547	-99.2894	1
41.9427	-85.7236	1
-7.77644	113.209	1
27.2297	-80.7629	1
39.2666	-82.8067	1
41.1621	-8.62191	34
-23.6828	-46.5955	758
29.9364	-95.282	4
55.9454	-3.12866	18
30.7071	-94.8146	1
64.0954	11.7721	1
-5.1356	-38.0204	1
32.2567	-107.764	1
2.39449	111.874	2
43.2605	-99.7157	1
24.4566	54.3189	3
38.4305	-77.3855	4
34.2261	-119.075	6
43.2126	-5.78663	2
51.0797	5.91599	6
3.35359	101.253	31
39.9505	-75.8283	2
53.1996	5.78022	5
43.4593	11.8801	1
38.6948	-83.5911	1
-12.3812	130.872	1
-28.0381	-48.6607	1
52.5817	1.11879	1
-2.97651	104.769	19
41.1023	-8.47804	12
35.0332	-80.8272	8
50.2059	9.19134	1
36.0018	-78.9011	7
-37.978	176.954	1
45.616	-106.667	1
0.830694	104.072	2
-22.7106	-47.7943	16
53.5927	-0.575417	3
34.8315	-82.3665	5
36.4486	-77.0942	2
39.3814	-120.023	1
45.0405	41.8935	9
6.89258	79.9812	7
-34.1218	18.4889	7
-22.5565	-55.7244	3
34.4991	-93.0564	1
36.9137	14.7248	1
41.1768	-80.609	1
-18.3797	-49.4663	1
43.0446	-88.3359	8
41.3576	-71.9568	2
42.7598	-96.7643	1
-34.0764	-70.7312	4
29.7936	-90.8234	3
30.2076	-81.57	13
42.588	12.6653	2
60.495	25.0477	1
57.6957	-4.27592	3
39.5922	-8.37445	1
44.8638	-0.586176	16
36.0717	-79.8036	19
-28.71	-55.8067	4
35.26	136.273	1
-25.4539	-54.4571	2
54.6138	39.8799	2
18.0489	-92.9267	23
-22.5824	-46.6999	1
53.8612	-2.56481	1
35.1445	-116.202	1
-1.82533	-80.7545	1
45.2916	-93.7736	2
34.324	-86.3131	1
30.0114	-95.5111	7
-7.55918	110.819	10
49.1407	4.35994	1
22.7558	-102.509	1
-22.1609	-54.8613	5
28.8296	-96.9758	2
48.9858	2.46036	10
58.0083	56.3019	3
38.0022	-79.1465	4
41.7332	12.2918	2
20.9021	-100.732	1
44.1796	-94.0342	1
-8.18524	-36.0151	1
39.5265	-76.3558	2
19.358	-99.2991	23
55.9011	-4.75027	13
45.3377	9.36061	2
59.9724	10.7215	5
35.9223	-79.0943	3
47.2164	2.38393	1
-7.12177	110.081	2
51.2216	22.5635	2
37.0509	35.2748	1
45.0929	11.4083	1
67.4444	32.7364	1
47.8002	12.4896	1
0.335661	101.006	1
63.4746	10.9505	1
32.4437	-81.7724	3
45.4516	7.88667	1
28.9489	-95.9612	1
57.3723	-2.0662	1
57.4014	-3.20626	1
53.558	-7.46394	1
-16.6161	-43.9388	7
-8.79571	115.175	7
54.5036	18.4637	6
52.0561	-2.72785	3
20.0212	-155.651	2
29.2103	-81.0967	4
56.1479	10.0038	2
29.5936	-90.6904	1
48.4006	2.95754	1
39.0647	-108.479	1
3.89572	103.077	4
48.4209	2.73425	3
52.501	-1.47951	6
-20.2072	-44.3651	1
41.585	9.26626	1
3.53042	98.1441	1
-6.85534	106.766	3
-5.79931	-35.2216	101
40.6086	-99.878	1
48.3591	-1.19962	2
32.6937	-97.6041	2
23.5319	89.1722	1
41.4962	-88.0605	2
9.4602	-70.4718	2
-10.1763	-48.3377	3
5.52221	100.434	5
-7.30713	110.124	2
43.209	-77.7047	25
50.6163	37.3015	11
60.3001	15.2776	1
0.0	0.0	81
39.4907	-81.4438	1
43.4883	-1.48178	1
54.104	22.9291	1
-24.1047	-51.026	1
42.0317	-122.596	1
46.8079	-92.1166	1
39.2359	-76.62	13
62.2481	25.7498	2
40.5404	-75.5937	1
46.8341	1.5179	1
42.0608	-7.73115	1
35.6582	-97.474	2
39.69	-8.69576	2
42.4937	-91.4403	1
55.0745	40.4205	1
41.4615	-74.0572	11
41.5124	-72.8092	3
1.89324	98.6542	1
43.597	-84.7986	4
56.6282	47.8837	5
32.3224	-81.9202	1
41.1458	-81.5107	10
34.0374	-80.9375	2
-23.4194	-50.881	2
3.81253	100.815	2
40.792	-76.5571	1
37.3511	-85.337	1
6.03608	102.399	1
35.0741	-80.515	2
59.2912	15.1994	1
47.9424	21.7009	1
-27.0077	-48.6232	3
51.204	16.1524	4
-0.789275	113.921	1
34.5794	-92.2682	1
10.071	-69.2582	7
39.9597	-82.7945	8
31.0952	-97.7369	1
-0.291992	36.0548	4
57.9099	59.9579	6
41.6888	-86.2803	4
56.8802	24.6051	2
55.7436	49.2098	7
49.4412	1.0912	8
-25.5334	-49.1493	2
-20.1362	-44.8903	2
25.0343	-101.167	2
-27.307	-55.8837	1
42.8372	-108.745	1
31.9841	-102.512	1
49.8538	-97.2044	3
39.5644	-76.677	2
54.2273	-1.372	1
21.0487	-87.0318	2
-4.42727	-38.8546	1
40.2141	-88.4721	1
43.388	6.07831	1
14.9732	102.081	1
40.371	-79.6639	1
-23.6859	-70.416	3
42.1652	-71.6323	1
39.4207	26.8072	365
50.37	19.3211	1
34.8109	-86.7666	1
50.5839	17.8031	11
-3.75745	-38.7914	1
42.7797	-82.9617	1
33.4578	-88.7875	3
51.8426	5.83296	6
-26.0299	28.0635	6
-7.70658	108.505	1
32.4532	-85.0233	4
53.4095	-8.82016	1
50.3826	7.61591	1
52.4675	-7.88881	2
-21.7765	-48.5554	1
38.7933	-1.72707	1
-8.81187	13.2422	1
45.5654	6.76436	3
-43.4553	172.611	1
33.6754	-85.8429	1
36.4913	-5.34485	1
-23.0921	-45.709	4
9.52304	123.138	1
-20.9182	-46.9908	1
19.8551	-90.5239	4
58.3398	11.6554	1
-26.8815	-52.4157	2
29.9967	-90.0666	5
35.3657	-75.502	1
32.7601	-95.0713	1
53.2072	-4.18022	1
2.29916	102.912	3
-36.8503	174.76	4
7.97974	-75.2016	1
-41.2918	174.778	1
42.9501	-81.3672	2
4.74951	114.664	2
49.5684	2.01062	1
25.9254	-80.1262	17
37.6737	-97.4147	3
48.4316	1.44443	1
48.4265	-123.331	2
40.2884	-74.5324	1
18.3403	-66.3179	1
38.8432	-120.822	1
50.8028	3.27979	3
6.32881	8.09519	2
48.836	12.9534	1
43.7638	7.45756	2
47.2439	39.8353	2
33.8892	-117.925	34
43.1772	-73.043	2
25.5499	-103.451	3
35.2001	-82.7834	1
44.3692	9.31641	1
4.18676	102.054	2
20.8148	-103.451	2
47.0411	-122.344	9
-27.5055	153.103	1
3.94649	113.811	4
46.971	-122.508	1
35.165	136.911	2
34.7428	-85.0029	1
49.6979	4.70922	2
50.4549	4.89721	2
-22.8108	-50.07	1
-22.2823	-41.9777	1
37.1533	-92.2563	1
34.0311	-118.48	23
39.5361	-0.424217	17
40.2778	-74.829	1
40.1896	-82.9835	4
35.8203	-78.5677	9
44.6106	4.3942	1
18.125	-66.4993	2
53.0003	6.53539	3
41.14	16.2239	2
64.5713	40.522	4
15.778	-86.7839	2
50.7751	7.03834	4
17.7624	-93.7128	1
40.5247	-74.2122	1
42.0931	-84.992	1
19.8573	-103.602	2
36.1223	-115.331	2
54.2721	-2.79158	15
41.6519	2.7433	1
39.4686	-80.1085	2
2.04537	102.585	5
41.1116	-83.1861	1
-34.922	-57.9499	1
51.62	19.3657	2
47.2284	-2.17746	1
6.20804	-75.5705	8
47.1964	-122.177	1
53.2791	34.3808	2
38.0531	-97.9275	1
5.04497	97.3232	1
34.1725	-84.5724	1
57.6811	11.734	3
26.8346	75.5905	1
54.8885	38.0839	6
52.9978	-7.33284	1
55.3492	-131.672	1
50.6944	-1.09446	9
31.5297	-84.2977	1
41.6574	-81.39	2
25.7787	-100.168	6
42.3785	-72.4195	1
50.2133	19.007	4
-27.6883	153.097	2
-9.53333	-35.6871	13
-6.79215	107.444	1
36.9117	-90.1751	1
53.1875	-3.41105	1
-36.2024	-71.8233	3
39.8704	-85.9968	3
51.8039	55.1908	1
18.0384	-66.7793	1
42.9741	10.2938	2
42.9585	-78.6327	4
55.7559	37.5483	383
40.8595	-82.2874	1
19.5421	-96.8861	2
55.0451	21.6748	1
29.303	47.9161	3
-7.96039	110.239	2
31.104	-97.3869	1
36.596	-83.6628	1
36.452	-119.489	2
18.7828	-99.2068	2
40.9866	28.8925	17
60.6612	17.0256	1
34.0209	-118.211	230
39.4012	-6.44088	2
52.7115	6.33736	4
32.8246	-117.109	31
29.585	-98.2439	4
30.2445	-90.9723	1
44.5911	-75.1646	1
-20.8756	-54.2616	24
-0.891517	34.7287	1
19.045	-97.8963	1
-6.30474	107.455	10
44.0358	42.8779	1
34.7572	-86.9804	2
37.6187	-0.987706	2
52.7478	5.99845	2
51.0053	-0.102276	1
34.9616	-79.0389	2
25.0415	121.551	1
57.7686	40.942	1
-19.9726	-43.9665	97
51.807	-4.96223	1
39.7643	-104.855	6
50.1544	-5.07291	2
36.1042	-83.4754	1
48.0892	20.6757	1
43.6698	-85.4267	5
19.7968	-70.689	2
47.5114	-2.76628	1
46.684	0.252629	2
-38.2114	143.068	1
31.2956	-92.4849	3
55.6168	51.8704	1
22.7306	-102.694	4
-12.248	-38.7489	2
43.6134	2.24476	1
28.0954	-15.4566	2
-22.8303	-42.216	1
38.2983	-77.4899	1
40.8585	-96.7653	4
36.3274	-86.7057	1
40.3039	-75.8648	1
-27.9931	-54.2949	1
32.7039	-97.4169	1
31.7582	-106.277	12
29.271	-98.6571	5
54.7049	-1.58366	3
19.7062	-98.4487	3
47.6798	2.62916	4
28.9589	-80.9065	1
49.0153	-0.63366	1
-29.706	-51.507	1
34.2008	-116.944	1
6.67457	-1.57016	1
-18.7868	-54.929	2
24.3422	54.541	1
48.2577	7.3748	1
39.1267	-84.5229	22
57.437	39.7056	1
-37.8719	144.597	3
35.7313	-81.319	1
42.7271	2.94237	3
42.3665	-87.8839	11
20.6516	-101.17	5
48.1014	14.4351	1
36.333	-119.249	13
4.95299	114.893	2
55.8958	26.5374	1
51.2848	-114.005	2
40.5451	-3.6259	51
4.05532	103.393	1
-7.70528	109.018	1
14.7397	120.965	36
48.7045	44.5117	14
3.5118	103.158	1
31.1689	-100.077	12
29.3853	-82.235	1
48.4089	135.086	7
40.399	-74.3285	1
39.0188	-94.4034	4
41.9645	-94.026	2
42.0722	-88.1518	5
40.2254	-8.45231	1
38.9293	-1.90194	1
42.1126	-72.5463	7
14.5432	121.06	78
-22.0668	-42.9237	4
41.2639	-72.8692	5
3.75104	102.564	1
-22.5806	-45.8213	12
-20.3498	-41.9347	2
53.5397	-113.493	1
51.9026	6.41109	1
-8.05309	-48.4846	3
36.3698	138.197	1
45.896	0.123885	3
51.2606	4.35816	3
18.0252	-66.6372	1
54.7042	20.472	8
45.7602	18.1528	1
54.5679	-0.994913	4
51.7329	36.136	3
49.1972	5.9296	2
36.5902	36.1677	1
5.25884	115.254	2
43.0984	-75.228	7
36.2755	-95.8413	1
4.43242	101.218	11
41.3941	2.1393	47
58.2843	12.2882	1
49.0214	12.1103	4
40.7405	14.5641	3
0.177371	-51.3389	1
38.338	-85.5141	1
-42.7833	147.045	1
44.8913	-0.734887	2
25.9219	-109.104	1
16.1846	-95.1978	1
59.5881	16.4846	2
53.1006	6.05943	3
64.7535	-147.368	1
39.6996	-84.123	4
51.5051	4.2956	3
47.7857	-2.68935	1
41.7028	-72.9264	1
48.8899	6.3875	1
10.1745	-67.5739	4
43.4095	-80.5111	4
45.4533	4.7654	4
43.3411	-4.04195	5
26.0216	-108.127	1
38.5143	-94.3448	1
35.6215	-92.3073	2
8.99474	-79.5194	6
33.6017	-7.60975	28
-25.3706	-51.5523	6
38.7756	-90.6133	2
34.2585	-6.58228	5
41.1539	27.8195	1
-0.310991	100.372	1
52.7133	0.487561	1
38.2753	24.508	78
-41.4646	147.156	2
37.4925	126.997	3
37.1429	-5.92161	1
-23.621	-46.7853	83
50.7577	-103.708	1
24.9434	-98.6463	1
40.6196	-79.1648	2
47.0755	2.276	1
-6.07925	-35.3013	1
48.6209	6.36136	1
-26.8143	-49.2703	5
52.6521	-2.73423	3
36.9308	-76.2397	2
33.6245	-80.9266	12
-27.2413	152.992	2
54.8716	-1.45727	21
38.2326	-122.033	6
45.1536	-74.9672	1
38.9104	-94.7705	5
39.7302	16.4317	1
-5.57728	-36.9084	3
-26.7559	-53.1977	1
33.7094	-117.882	16
-23.5501	-47.8728	3
-29.8907	-50.9563	6
38.418	-82.2902	2
5.05508	-75.4841	7
-34.0573	18.8374	5
35.9585	-83.9251	1
48.4953	32.2504	1
54.6484	-5.92695	17
31.5643	-110.287	3
2.06667	45.3667	5
50.291	4.1062	22
30.4154	-91.188	6
-21.6181	-48.4446	4
18.9338	-99.2608	13
-31.6289	-71.1729	1
-8.43046	-36.7454	1
41.3865	-73.4683	12
41.2512	-80.4792	1
10.9355	-68.2853	2
57.6016	-4.87113	2
38.9954	-9.14118	20
36.6223	-6.23199	2
31.0588	-93.2469	2
42.2253	-71.9467	1
51.7217	-0.912967	6
53.5703	-3.01747	10
38.0551	-121.0	2
-17.8377	31.0247	2
-23.8107	-47.1875	2
53.1699	-3.14084	1
56.1459	8.81087	4
-22.7287	-43.3768	5
51.1026	0.398353	1
41.1795	-73.1471	15
27.9681	-82.7563	2
37.7862	-122.396	95
50.3763	3.07601	3
56.1102	47.4708	1
41.8775	-71.3805	9
33.4166	-88.0626	1
46.5278	6.82599	2
42.732	-84.4705	9
-28.476	-48.8285	1
43.9455	-88.0836	1
20.941	-89.6236	26
48.9569	1.54012	3
51.1889	58.6101	2
38.7724	-92.3074	1
-1.43016	-48.4591	12
-27.1854	-49.6228	3
34.5533	-118.074	1
59.7318	17.7702	1
34.329	-92.1438	1
42.0617	12.7687	1
5.73839	102.489	2
-0.532893	117.108	10
40.4731	-80.2014	1
51.2822	9.61829	1
40.3282	-3.88425	4
40.3653	-82.6694	14
-23.147	-49.9738	1
7.24975	5.20296	3
-21.4822	-43.5053	2
38.3603	-75.5719	1
38.3825	27.1823	5
40.1841	29.0566	3
-18.135	178.425	1
56.0877	-3.16285	2
32.2238	-8.83357	1
-6.04196	106.048	4
52.3273	5.56866	2
48.6199	22.2979	1
34.053	-84.6686	3
52.8555	-9.00575	1
50.9025	6.04256	3
40.4137	-104.984	1
33.4702	-94.0427	1
35.0743	-106.523	3
67.9222	26.5046	1
51.6842	6.43621	1
10.4667	-68.0167	1
53.8096	87.2221	1
35.1704	-89.7921	3
42.0963	-88.5133	1
36.8911	30.7258	1
39.7976	18.3542	1
37.5539	-121.995	16
57.1647	-2.16182	19
18.4671	-66.0906	19
42.6852	-73.8251	2
37.7139	-89.2125	1
40.9925	29.0744	9
29.6877	-95.1297	17
29.3318	-98.5015	2
32.8179	-83.7072	1
33.0846	-97.2981	1
-16.4747	-54.6264	5
14.4274	100.546	1
7.75458	4.43104	1
52.8905	-4.41203	1
-1.5942	103.619	2
-30.2041	-50.8677	4
53.4424	-2.23348	94
35.8468	-86.4113	7
41.045	-85.0022	4
36.7627	-108.154	1
51.8937	-4.21477	1
52.7248	-1.36585	1
37.9381	-8.55946	1
52.1293	6.23439	5
61.238	21.5903	1
52.6939	4.82093	4
-23.4057	-51.9683	4
55.078	35.8302	1
41.0168	-76.8505	3
39.6617	-80.8561	1
5.81452	102.12	1
61.203	-149.754	1
50.9404	0.366004	1
40.6172	-80.3206	1
50.823	12.8918	1
44.3212	-61.8117	1
48.9821	2.2642	72
51.4265	-3.19418	8
38.429	-121.386	6
49.4319	2.08616	1
37.9031	-4.75915	3
-28.7494	24.751	1
25.8705	-97.4944	7
-34.1778	-58.9597	1
-3.0098	-55.195	2
56.0732	23.8558	1
2.47973	-76.5715	1
49.1372	-123.112	6
13.7813	101.525	1
31.4505	-16.5609	1
50.9576	6.96746	2
-24.0066	-48.3539	1
37.2968	-121.817	18
37.6529	-120.991	7
43.5595	-85.897	2
36.1355	-111.239	11
-23.5594	-46.1857	13
40.8923	-74.2403	12
52.7529	6.95947	1
-23.6349	-48.1082	2
-14.8623	-39.353	13
37.1543	-77.3621	2
43.3162	-3.09138	3
40.6334	-80.0593	2
53.4038	-0.78119	1
41.9764	-75.1736	1
46.5028	-1.76907	1
54.1482	33.2897	1
62.0846	129.292	4
41.1965	-96.1658	2
44.1454	-120.583	2
-22.3971	-47.613	6
21.3255	-157.801	16
26.5036	-80.0534	1
34.0029	-91.5754	1
40.0649	-81.0712	1
45.8261	-95.2316	1
39.8211	26.0026	1
43.101	131.926	13
37.1473	-92.7722	5
48.4039	-4.49969	4
40.7613	-8.58935	1
54.3443	48.3305	4
35.995	-115.138	32
-4.83533	-38.1518	4
45.5871	9.97496	2
47.0232	-103.857	4
50.8244	4.49508	1
39.8159	-82.7159	1
51.5599	4.7649	6
-27.9388	153.407	1
50.3148	18.7951	1
27.7684	-98.2417	1
28.9926	-13.5004	1
33.9127	-6.97141	4
32.8992	-96.8136	24
51.3241	-1.92567	3
37.1804	-3.59799	7
53.4168	-6.72533	1
53.3688	55.9144	2
31.1489	-87.9972	1
43.1997	-93.3535	1
46.3442	-1.43314	1
47.2371	38.8775	3
3.23187	101.386	42
44.6966	9.97016	2
-34.7134	150.008	1
52.5016	4.67481	10
-27.3972	-51.5977	1
-23.086	-45.5067	49
37.0176	-76.4473	2
49.1846	-0.372109	7
35.8316	-96.4467	1
8.4824	4.67418	1
52.8248	-2.02806	10
-20.4545	-49.3333	1
45.0971	7.56801	1
-19.6019	-40.7725	1
49.1994	-122.913	82
20.6522	-87.071	3
33.9327	-83.3625	6
-22.916	-43.4474	250
51.3363	0.797081	1
38.2365	-0.646418	4
34.132	-86.8676	1
-22.5106	-44.0692	1
30.0836	-95.9871	3
54.8456	83.0948	1
43.1352	-89.7468	1
27.3353	-82.4556	3
53.1133	48.4677	2
56.1946	15.6113	2
18.374	-65.8689	1
37.4131	25.3417	1
55.3265	-3.44097	1
42.3433	-7.90485	9
35.5307	-108.685	6
44.723	-88.6707	2
44.0479	4.76565	1
43.7374	-0.566994	3
40.6566	-4.63498	2
27.9944	-82.4681	14
34.7051	-81.213	1
31.8766	-102.344	8
40.5848	-122.346	5
-27.1959	152.824	1
33.2532	-8.51767	4
-6.71136	-36.6148	1
41.4052	-82.3305	3
38.4998	-77.6697	2
-31.8377	115.889	4
34.3007	-118.477	38
-18.9857	-47.0712	3
57.6508	39.8704	5
51.5546	5.20389	2
37.679	-122.135	4
45.5249	11.6327	5
41.3173	-73.6595	4
-23.1739	-46.4771	4
39.7247	-85.8895	1
44.9008	-89.5695	3
-33.783	25.4162	1
51.9585	6.28045	3
10.6698	-71.6131	6
52.5538	-1.19268	6
42.9907	-85.9507	1
29.3569	-98.293	1
-22.2557	-46.1695	1
37.9482	-91.6222	1
41.9115	-83.4052	1
52.5067	13.4246	16
-5.11308	105.302	2
34.0609	-4.97544	12
54.0161	-6.15406	1
-8.70527	116.267	2
42.3871	13.4136	2
29.8239	-95.4621	32
28.3709	-81.5055	4
44.2333	8.32421	1
35.3816	-101.506	1
39.924	-105.081	1
33.5584	130.435	2
43.1914	6.58875	2
50.631	3.0472	17
45.4686	4.52164	1
17.9961	-93.2184	1
27.0782	-82.354	1
37.981	-122.329	2
41.1863	-104.821	2
54.6669	-6.79809	1
51.8463	-2.23952	8
-23.2721	-46.5876	1
17.6225	121.711	2
53.2	6.56907	10
45.7679	4.85064	35
52.2868	4.59417	3
3.98781	98.2684	1
40.7193	0.569099	2
33.9777	-118.07	39
43.6407	-72.8562	1
-38.2361	142.908	1
27.7746	-82.6464	3
38.1922	-85.6227	2
54.1196	-3.19029	1
41.8581	-79.1362	21
-29.6926	-51.2449	1
40.5568	-95.6331	1
51.4736	5.6531	9
21.0217	-105.273	1
32.8629	-96.9614	10
53.7045	84.9274	1
51.5719	-2.96359	5
18.0847	-67.1467	1
47.5387	-52.7501	3
-10.1023	-36.2483	1
-24.0315	-52.3802	1
39.4108	-88.3962	1
-12.3337	-38.4158	1
53.2426	50.239	3
39.2439	-77.265	1
39.4548	-0.721889	1
44.4887	11.3317	2
-3.4385	114.824	4
18.1355	-94.4325	1
10.0142	-84.3377	3
-26.245	-53.0873	1
23.6914	-166.6	2
34.7706	-77.4944	1
48.0444	-1.87334	6
41.3868	-74.5728	1
45.7869	3.11269	1
17.6201	-92.9439	1
41.366	-84.4369	3
36.7296	-120.072	3
51.9037	-9.03369	7
33.8302	-84.606	4
47.2336	-82.0781	2
52.7256	5.69742	1
40.186	23.3872	1
42.1538	14.5803	1
51.495	3.51798	1
13.8758	-88.6291	1
13.1718	-87.9688	1
48.5534	2.64567	1
31.4015	73.1137	7
41.5221	-88.2074	13
40.056	-85.9924	1
39.9812	-0.0399338	6
53.3046	-2.36111	1
36.2179	-81.728	1
45.552	-73.7359	7
10.802	106.73	1
-20.4274	-40.3758	11
20.6767	-103.337	42
43.5104	-79.8199	2
-22.6133	-43.7186	1
38.5908	-90.5213	4
39.5536	2.70896	2
37.1104	-84.6147	1
-12.7318	-38.2948	1
36.7967	-4.68937	3
45.4126	-71.9555	3
-38.3849	142.475	1
30.4805	-90.3354	1
43.7807	11.2448	4
52.0769	4.3064	17
54.1479	45.2109	1
52.958	-6.39532	2
-0.897432	100.347	1
34.7838	133.867	1
42.7561	-71.4649	1
18.4964	-67.1131	1
21.8495	-102.327	22
39.096	-84.3142	1
44.8666	-93.5793	3
61.1691	28.7722	2
32.2188	-101.498	2
47.9146	7.20349	5
52.0182	4.7085	1
48.3966	2.47701	3
40.7054	-75.2653	1
47.8354	3.95485	1
33.1343	-117.071	2
-7.96751	112.643	25
37.3311	-84.0316	6
-21.8299	-41.2657	2
-21.8843	-52.1946	1
53.9508	30.3706	1
22.8282	-74.3296	2
-29.3448	-50.7668	1
-35.4535	-58.7881	1
10.4359	-71.3957	1
53.1548	-6.81535	4
-34.9752	-71.2271	35
40.4463	-3.98994	4
14.2698	121.081	5
-22.5842	17.0831	12
37.2915	-120.471	4
51.2339	5.87835	4
37.3755	-120.723	1
49.3194	2.30021	1
44.7809	-93.2317	1
52.1973	0.146476	5
42.2742	-85.5972	7
30.8674	-97.1519	1
30.156	-81.7656	2
34.677	-82.8329	2
31.7897	-115.229	5
5.94983	116.661	2
43.1168	-79.3299	4
30.1819	-93.5751	1
27.4969	-99.502	2
37.3841	140.105	1
-1.27448	36.8001	20
33.48	-111.793	5
53.1425	0.339613	1
34.9417	-81.928	4
30.3041	-95.4274	1
54.6851	-1.79769	19
51.2045	-3.46071	1
44.0586	12.5711	2
38.314	-122.667	1
18.1968	120.588	2
25.2442	-103.233	2
36.676	-93.2163	1
50.406	6.83125	1
53.2322	-2.99245	10
41.1399	-85.1625	4
57.0085	40.9942	3
40.4141	-111.87	1
39.4579	-76.8073	13
45.5958	8.90592	3
45.1602	11.2106	2
37.067	-82.5289	5
-14.2393	-53.1848	37
41.0132	-122.408	1
-21.5722	-45.4008	1
-26.8549	-58.3088	2
-20.2682	-50.5489	1
50.4458	3.96997	2
-7.04647	107.765	1
34.9388	-81.0267	3
55.2625	80.1014	1
23.1876	-102.875	1
25.5943	-80.4841	6
48.7544	-122.465	2
-21.2134	-47.818	39
19.0995	-104.089	3
41.1931	-1.784	1
-3.71031	-40.3345	1
46.2904	-100.833	1
-3.81391	-45.4521	2
33.5186	-116.116	2
41.6856	-88.1017	6
33.8055	-116.468	6
25.5585	-80.3421	1
41.9106	-71.9038	1
59.1077	-2.52048	4
44.4194	8.94513	1
-26.1713	-58.1771	1
33.8936	-78.4195	2
63.6871	34.6034	1
60.3192	24.9696	3
34.3352	-80.9596	1
20.6971	-105.149	1
53.8151	-1.5623	48
23.6254	-102.558	3
52.4309	1.55757	3
-21.9575	-50.5321	1
41.1552	-87.8597	1
51.7487	18.0776	1
31.9026	-97.317	1
54.8637	-6.25475	1
58.5905	49.6388	6
54.5084	36.2654	4
-35.0062	138.776	1
37.5425	-6.05677	1
36.9419	-120.056	1
1.59644	103.409	3
30.4675	-90.1051	1
34.755	-80.7816	1
14.5725	-90.5274	10
41.3432	-81.1866	2
18.3392	-65.7116	3
38.0034	-79.4209	1
44.6341	-63.5774	2
30.454	-92.0776	2
4.52048	101.015	28
51.6012	-1.24274	60
54.0836	9.99273	1
-10.2392	-48.8529	4
36.1411	-95.9883	1
50.362	3.51425	8
-1.02678	-79.4486	1
43.0002	-107.555	1
33.6332	-91.8035	1
52.4389	6.58283	5
-5.569	-50.0651	13
51.7452	4.18774	3
50.4726	4.21626	1
60.7083	-135.02	1
51.4911	-0.453886	24
41.0174	-74.3399	1
29.8994	-95.0652	3
55.8309	37.404	10
48.374	34.9612	1
-24.073	-49.9808	1
10.4448	123.671	1
41.8171	3.06991	1
50.4551	37.0692	2
1.27593	103.809	10
40.3985	-76.8827	9
24.0314	-104.663	1
42.4426	-83.2742	13
36.9093	-80.5542	1
-5.12754	119.529	6
46.116	5.81559	5
-21.6649	-42.3505	2
41.7415	-87.5769	3
56.2926	44.0445	5
28.6123	-17.9072	3
-18.7113	-40.4016	1
42.2887	-83.7508	4
51.8507	10.7382	1
-23.6661	-46.4412	43
48.0185	-2.01717	1
33.9966	35.7514	5
32.3111	-90.1888	2
29.8504	-90.0742	3
37.5195	-5.59482	2
-23.5108	-46.8823	40
22.3111	-100.956	4
51.5066	31.2758	5
-21.112	-42.9762	1
35.475	-77.2601	1
53.1958	45.0387	6
44.8984	-91.9316	1
58.5534	31.2773	3
45.1283	-94.5314	1
28.2781	-81.6722	1
42.3075	-83.487	1
35.0287	-89.7861	1
-6.71535	111.319	2
40.2649	-78.8354	1
22.1508	-100.992	1
35.8549	139.795	3
42.3749	-88.0703	4
50.4146	1.617	1
-25.5068	-48.8292	2
30.7284	-96.3723	2
-22.5778	-50.4376	2
40.8267	29.321	2
37.1315	127.071	2
4.79877	101.098	14
33.586	-84.0883	5
48.2556	-122.333	3
41.1635	29.044	1
41.6907	-92.7396	1
31.9821	-81.3062	1
37.6762	-121.916	2
20.3296	-97.8959	4
28.0161	-81.6098	1
41.144	-8.28077	5
51.6435	4.95429	6
53.423	59.0428	1
18.0331	-76.9767	1
-29.553	-52.2026	1
42.3192	-96.0974	5
56.9175	-2.34929	1
35.3133	-78.621	1
46.7984	-1.97841	1
35.5719	-97.676	4
33.3507	-110.469	1
41.9366	-79.308	2
35.4173	-80.8576	1
53.6863	-1.86963	27
50.9789	4.41938	1
41.6566	-83.5743	6
51.9542	-0.815809	1
43.3945	-94.7031	3
-8.9356	-36.4725	28
-6.74538	-38.2186	4
-33.9093	150.877	8
41.8056	-72.2508	2
40.7309	-73.7816	33
37.5808	-95.2646	1
-20.3722	-41.1325	1
40.3922	-3.69237	16
-34.4159	-70.9874	3
-22.5918	-47.3616	4
44.588	-123.259	1
-20.7497	-45.2854	2
42.6706	21.1712	2
51.5229	-2.30644	2
50.0463	20.0057	7
7.0518	125.591	5
36.0919	-77.0543	1
-20.2804	-40.2928	12
-34.5891	-58.4159	12
49.0225	7.03398	2
43.6008	1.4329	12
32.1252	-80.7856	1
-5.32116	-39.3433	1
44.105	-79.4658	1
35.6138	-121.145	1
24.4945	39.5897	1
30.2928	31.7459	1
56.325	24.1211	5
52.3547	4.90405	21
41.6098	-87.6922	4
51.6818	39.2592	35
37.3376	-79.2627	3
52.6962	-1.77482	4
35.7076	139.961	3
37.7555	-92.1171	1
40.8579	-82.6168	1
-3.25767	-79.9888	2
39.7214	-89.6108	2
-3.28926	102.876	1
-22.606	-43.1191	1
42.5916	-84.0301	3
39.7287	-121.846	3
59.2249	18.5262	1
42.4594	-96.4128	10
30.0054	-81.7147	2
37.9695	-7.85798	3
30.1565	-115.58	1
36.9895	-86.4497	1
38.631	-9.04507	1
33.4752	-84.4366	3
4.17462	73.5041	1
-33.4878	151.325	2
37.7399	20.9067	1
38.0218	-87.3577	2
46.6798	-110.045	1
56.252	-4.32615	1
27.168	49.5409	1
48.8588	2.34701	190
10.2241	-68.0089	6
-25.3335	-53.898	1
40.8846	-81.5826	1
46.3483	-97.1331	1
39.3614	-76.5467	25
43.1516	-93.1965	1
45.4495	-98.4848	1
38.0908	-1.79314	2
28.1133	-80.6475	4
-22.9713	-53.0798	1
42.3133	-92.1883	1
38.6518	-77.2759	7
40.9961	39.7611	2
33.2713	126.368	1
19.3214	-98.2073	9
33.7555	-116.302	8
37.2727	-78.4036	1
-21.6056	-49.0765	1
35.2038	-80.5879	1
54.4467	-1.62703	2
42.4745	-2.44189	1
28.3308	-82.6692	1
41.2828	27.9959	2
51.7923	-0.324704	8
40.5238	-78.4215	2
-20.7841	-42.2826	1
38.7954	-9.1955	54
-21.5453	-42.6605	1
-30.0997	-51.1593	126
52.0286	5.38838	6
39.5782	-79.8737	10
-10.4341	-62.4747	1
15.4854	120.59	3
42.7141	-87.9539	1
41.4177	-75.6063	4
45.0374	9.02495	1
54.661	39.7144	3
28.2072	-82.7484	2
38.2699	-0.930601	2
46.2527	-60.1448	3
16.6031	-95.0789	1
57.2464	22.588	1
36.3042	-119.728	1
62.554	-150.221	1
40.1854	44.5266	1
-21.708	-43.4227	17
52.5663	-2.16618	420
52.1964	6.89483	3
48.6921	2.9647	2
31.9637	35.8391	2
35.7782	-78.8294	6
57.7466	-4.68754	3
-32.7675	151.6	1
14.7556	100.719	1
38.3404	-8.69648	1
53.6483	55.736	1
13.8183	-89.7489	1
55.5123	37.3538	4
13.5905	123.253	2
-6.83788	108.232	1
26.2088	50.6	3
51.5077	7.47031	1
-7.26891	-48.6616	1
22.3364	114.173	12
41.3864	-81.4941	9
37.7792	-81.1725	1
49.7842	-100.427	1
54.3609	18.6908	6
45.511	-122.433	5
-20.5973	-40.5401	4
52.0409	5.08329	27
-9.97869	-63.0203	1
-23.2417	-45.247	1
39.1873	16.9093	1
36.5542	-82.5419	1
-15.4244	-39.495	1
53.3933	-2.91859	160
-27.0529	-52.9701	1
30.165	-95.5103	1
39.4593	-5.87735	1
26.4071	-98.1365	1
38.6229	-90.1775	3
35.8543	-77.9123	1
41.942	-74.9116	1
52.6665	4.67241	1
-36.8363	-73.0995	6
40.6283	-75.4373	1
53.62	7.55719	2
31.4161	-103.494	1
9.86866	-84.33	2
36.5742	-79.411	5
51.4292	3.82962	5
33.6514	-112.137	8
30.8457	-83.2832	1
38.6237	-5.66514	1
45.6723	9.43003	4
42.6667	-83.1526	4
45.3265	7.68951	1
35.977	-107.638	1
55.6081	-4.68082	1
40.2572	-111.639	5
13.7173	-88.8851	3
48.8443	-67.1673	5
52.5379	5.34582	1
38.0585	23.7724	1
-5.36459	-49.1209	13
-21.1062	-48.0294	2
33.5622	-101.876	3
36.9967	-91.0135	1
48.1549	11.5418	5
3.94543	109.455	1
-6.08007	-37.476	1
40.5247	-3.81615	37
42.9911	12.5784	1
-29.7528	-53.8242	9
52.0508	113.401	3
41.7128	-85.8784	1
34.7148	135.209	21
30.0608	140.596	2
53.4989	-1.30408	3
-6.65664	106.913	8
-22.4378	-46.9978	1
56.6442	23.7117	2
4.93242	-52.3115	3
57.1506	65.5568	13
54.5931	-7.31474	2
40.7887	-78.0675	2
11.1605	7.65205	1
31.8283	-82.5023	1
-23.195	-50.639	1
46.8285	-100.766	6
45.5664	5.91967	3
36.0588	-94.173	3
32.5608	-92.2029	1
41.3643	-93.5607	1
43.9581	7.81506	1
60.7981	11.0728	1
39.0994	-77.5585	4
51.2229	-1.4366	3
17.6237	-94.3846	10
49.7854	0.452683	1
43.6947	6.98042	3
18.4981	73.8186	16
4.64527	-74.0628	43
51.1547	71.5019	1
20.1779	-98.0636	2
41.2621	-82.6103	4
41.9445	-87.8783	2
-33.371	-70.7174	9
-0.587732	111.388	5
50.3009	18.6495	1
40.4723	-86.1388	9
-6.89311	112.367	1
55.3916	36.7322	1
-21.0871	-42.4098	1
48.8962	1.86994	19
35.6151	-81.0135	2
-26.1801	28.0723	7
38.9103	1.42366	3
57.4774	-4.4661	1
-6.66214	106.568	2
52.3851	-2.27787	4
55.5415	37.5126	10
52.5587	-0.141732	1
43.451	6.79082	2
49.3531	6.15878	7
43.5357	-91.0186	1
26.1801	-80.1565	22
-21.6714	-41.755	1
34.072	-117.933	34
56.334	37.4982	1
47.3912	-122.192	2
34.0776	-98.5902	1
32.7452	-96.842	4
-8.0436	-34.9394	75
46.9459	18.9131	1
-28.4795	24.6701	3
32.4091	-96.8178	1
48.7512	7.25651	3
22.0414	-102.356	1
30.7585	-81.5942	3
9.29281	-70.623	3
-36.7374	-71.0353	266
48.1639	6.48661	2
40.3029	-79.3872	1
-21.1302	-48.955	2
26.1775	-98.0944	5
17.7261	-64.7251	1
49.1776	1.33333	2
56.9184	14.8549	1
25.8364	-98.3625	4
50.6126	-3.65299	2
52.2562	18.2626	1
-6.81917	107.128	5
-29.3559	-51.9688	1
24.2032	-110.297	1
-15.4552	-55.8425	5
52.278	-0.714253	1
2.94886	101.77	28
41.2657	-75.8869	2
37.9375	-121.717	3
47.7554	7.41442	1
47.0408	-122.893	1
45.6054	-62.6735	5
-21.8006	-43.8663	2
-1.16096	116.877	5
56.9665	23.7219	5
50.3881	-4.11457	6
20.5726	-103.44	1
-26.2617	-48.9665	14
-38.3237	143.328	1
41.7181	-8.76189	8
-12.1594	-45.003	1
51.8873	5.39853	16
41.794	-1.6182	1
39.9819	-83.4953	5
52.0939	-7.55703	1
20.091	-98.3732	2
52.1983	18.6361	1
53.8589	-6.53749	2
30.2036	-85.6033	1
52.1372	-0.293947	1
48.0809	-3.07886	1
39.4732	-74.9919	1
25.8073	-100.365	16
33.2761	-86.0276	1
42.7021	-83.7315	1
-6.02466	-37.9892	1
40.0962	-122.643	1
56.0145	22.1251	1
28.6076	-81.2072	1
-23.4375	-45.0846	4
41.1921	1.5983	5
56.8337	13.9332	1
-3.65449	103.769	2
-26.7642	-51.1084	1
39.5487	-1.2913	1
55.4508	-4.29782	2
59.366	28.1106	12
39.6603	-74.1934	1
15.3228	-91.4716	1
-22.9195	-43.0731	15
-20.9954	-46.1229	1
47.1946	18.4412	1
42.4953	-83.7512	1
-23.8963	-48.8749	2
41.0827	-112.013	3
43.418	-79.94	3
44.7036	-0.460157	1
35.4562	139.626	5
43.7448	-87.858	1
1.00185	116.394	6
48.3588	10.9021	1
-7.2771	112.717	131
-11.0019	-37.1007	11
35.2498	-97.4433	10
36.7613	-2.61121	30
43.468	43.6126	1
26.3025	-80.2718	1
34.4071	132.482	1
-35.0812	138.496	2
42.6689	-83.3181	8
1.56806	110.038	2
-18.7161	-47.4972	1
-2.96616	-40.8077	1
51.5562	7.06709	5
-22.5908	-42.9639	1
30.9373	-91.4009	8
51.361	-2.9085	13
43.6073	4.86874	1
3.41639	-76.5456	7
-21.9719	-43.482	1
54.709	-3.28152	1
-23.2839	-47.6766	1
47.2611	39.628	29
37.1362	-80.5588	1
45.8242	11.9981	1
13.2016	-61.1399	5
49.3606	9.10284	1
45.3176	42.7965	1
20.8963	-102.705	1
36.5044	-4.71804	1
57.0204	9.89013	1
38.4054	-79.994	1
33.0931	-96.9011	9
42.2493	-83.138	3
-35.2523	149.123	1
52.4861	6.42529	1
43.8718	-72.4515	2
-25.0606	-53.398	10
43.1935	-77.5441	1
17.3917	-99.7242	2
51.4723	-2.81066	4
6.41816	100.257	17
32.5652	-83.6875	3
50.3065	3.37419	2
18.3218	-66.1515	1
34.1435	-118.341	14
45.8586	1.23198	7
38.5849	-92.207	1
5.6574	100.524	4
32.9221	-111.776	1
32.5343	-83.8994	1
30.3752	-86.3695	1
38.3817	-104.619	2
45.4434	8.61637	4
36.7482	-5.73729	1
-22.2336	-47.0166	6
9.98227	-84.7358	1
41.729	8.80969	1
50.395	-3.70333	1
42.0037	-88.0181	2
31.7841	34.6413	1
41.087	-80.7565	21
-29.0994	-52.5902	1
1.5888	110.324	10
4.39977	115.232	4
-23.3804	-46.3128	3
36.8079	-76.1073	8
40.2517	-0.0775025	2
43.5092	6.55099	1
41.7776	-2.3213	3
-1.74911	102.839	12
54.8723	-1.60297	4
46.1095	-64.9252	1
49.1882	12.116	1
38.7362	-90.4579	2
-23.2382	-45.8381	2
39.8644	32.6401	6
-15.5585	-56.2538	2
-33.9658	151.09	6
26.1659	-97.687	7
36.74	-88.2991	2
-36.6336	-72.067	1
31.7411	-106.437	1
-33.7182	150.926	2
-22.803	-47.4357	18
38.6248	-82.8391	1
10.4733	-66.6268	2
34.528	-82.7132	2
35.1705	-79.861	3
-23.5248	-46.5557	38
50.5953	21.5802	1
36.9618	-122.001	2
36.2944	-107.757	1
49.1474	0.242507	1
-15.7763	-47.7966	104
53.6848	-2.27812	7
43.918	-77.2634	1
47.7445	-117.422	3
-27.3659	153.063	5
-22.8871	-45.4893	5
19.5138	-90.7914	1
39.7965	-86.138	13
47.0358	-0.874798	1
48.7239	10.7541	2
-39.4888	-72.156	1
-24.1525	-49.8159	1
31.5189	74.3195	1
59.7533	10.1154	1
-24.018	-46.5015	12
42.5908	-71.8055	2
19.6014	-90.3361	12
39.11	-9.27398	1
47.3091	1.7569	2
1.47326	124.871	9
-1.71186	113.698	2
62.0296	129.715	43
24.7614	46.7297	2
30.1948	31.4621	1
38.1982	-87.4723	1
51.5265	45.9785	18
46.085	12.0965	1
32.6326	-86.0299	3
52.4258	31.0095	2
37.6105	-8.22604	1
47.4012	2.36824	2
53.5203	49.4315	2
55.0122	-3.44687	1
60.1595	25.0186	4
10.4913	-68.187	1
40.0342	-74.3194	1
55.8732	37.6757	13
50.1274	19.3585	1
-20.2472	57.5994	1
46.2267	2.20912	2
47.3231	5.04432	4
41.9845	2.8404	2
-6.16896	106.827	316
42.54	-70.9421	6
35.0786	-81.7209	1
27.6986	-83.8046	8
46.3713	-0.21254	1
0.247298	-51.0637	55
38.5492	-76.0717	1
31.3322	-99.8584	1
-29.8312	-51.8879	1
44.8423	20.3621	1
-38.445	-72.4173	1
52.1681	5.00573	3
38.8584	-8.98005	3
39.4273	-119.746	3
40.9118	-4.19462	1
41.7838	-72.5134	3
33.904	-84.2282	10
41.8984	12.5451	24
3.73119	103.124	3
40.0293	-105.24	2
44.2706	-88.3971	1
39.5672	3.21826	4
56.5405	-3.88487	2
1.4274	110.149	4
51.728	8.76856	3
21.1485	-86.9077	1
38.6204	-9.19497	16
-0.852549	-48.1448	1
38.9118	-90.0692	1
53.9652	-6.37405	10
38.8453	-84.6701	1
36.4786	-5.04249	1
1.08719	103.955	8
33.6062	-83.6807	1
34.6877	-79.2026	1
5.86041	118.106	1
50.4835	2.73934	6
51.4345	0.246854	14
45.0728	7.7192	1
44.3788	4.99734	3
38.7695	-121.261	1
38.8936	-77.0146	73
56.0728	-3.44478	14
51.959	20.1685	2
54.1125	-126.558	2
45.7634	8.26867	1
40.1294	140.986	1
40.7547	-73.977	160
41.8976	-84.0495	3
-32.005	115.768	3
40.5906	43.0606	1
60.2441	29.6049	1
59.425	24.7382	1
2.59588	102.087	3
-15.7881	-47.9421	4
59.4624	10.6614	1
43.3647	-100.651	1
52.2328	21.0607	34
-22.442	-44.5232	4
50.7674	0.284923	2
47.0148	142.67	10
1.69096	103.924	2
-17.8586	-42.5919	3
-23.239	-47.5175	1
57.8106	28.3618	1
32.4091	-95.2797	1
49.4807	8.44123	5
54.3927	-5.66639	2
38.1167	-122.277	4
45.5316	-122.936	3
42.6332	-82.9918	1
40.7319	-122.319	1
32.5065	-94.7552	5
35.486	-96.6973	2
47.8456	1.92044	4
51.3075	-0.555468	5
35.9005	-78.2299	1
48.7196	5.2764	1
34.2031	-79.2061	5
63.41	10.366	1
47.1583	-122.522	7
37.0479	-94.4725	1
44.5553	-70.537	2
42.327	-92.4598	1
-1.27549	126.132	1
38.9367	-80.8343	1
51.0656	-4.15977	3
38.7785	-94.6657	1
59.2268	39.8381	2
50.807	23.8904	1
52.6535	-2.01941	8
52.0819	15.6121	1
6.06876	102.227	19
-19.8326	-40.2693	1
52.168	-0.456948	1
45.184	5.71568	13
41.3512	-90.3718	1
39.1713	-86.5319	2
32.6601	-97.1931	1
30.0275	-97.845	1
26.1644	-97.9489	2
53.1689	5.44044	1
48.6998	6.17161	8
61.1089	-149.44	1
53.6499	-6.80205	1
61.7359	34.4038	5
21.6117	39.1318	7
47.2647	-0.0838025	3
55.8604	48.823	1
38.4981	-98.3201	1
43.6293	-79.2725	107
29.896	-97.6772	1
38.6745	-121.149	1
27.7515	-15.5997	3
-21.1427	-50.6213	4
40.7651	-73.2966	15
41.392	-85.0603	1
43.326	-79.8198	1
40.4331	-104.754	1
61.2734	73.4332	6
24.6625	-107.342	3
34.1074	-88.6805	1
52.472	6.12643	5
42.3429	-71.1183	21
-22.8867	-43.6429	5
43.15	-70.6416	1
40.9515	-75.9712	2
26.4226	-82.0884	1
36.1278	-96.3578	1
32.9998	-80.18	3
56.0229	92.8965	26
10.0901	-84.4745	1
40.9968	15.0667	1
-6.69493	-35.5978	1
56.2339	-3.1437	5
55.4742	-4.62381	3
46.598	-65.0027	1
29.5036	-95.7631	1
30.1966	-85.8099	1
32.7355	-97.7827	1
36.7954	-90.4209	2
30.7469	-97.6363	2
39.986	-3.59288	3
5.62664	-0.025173	4
49.3294	8.43412	5
34.9489	-89.9991	1
44.1092	0.88906	1
-6.12124	106.174	2
40.6977	29.8117	2
14.1182	120.881	2
19.9809	-99.1495	1
33.9212	-117.192	4
39.0395	-96.8315	1
-35.9698	-71.6949	2
48.9174	11.408	2
42.4813	-72.592	3
37.9679	-121.289	4
51.6688	-3.74911	3
55.3589	86.0515	2
39.9617	-74.0688	2
-23.3133	-47.0752	2
38.9979	-105.554	2
-2.52479	121.373	1
51.6835	5.51171	3
-34.9279	138.599	3
30.5607	-91.133	2
38.9202	-80.1817	1
52.3871	13.1165	3576
43.536	5.3879	2
-22.7177	-42.6203	1
45.7332	0.262222	1
40.2359	-75.6315	3
30.5964	-96.2957	5
56.8155	60.6136	63
45.6937	8.45687	1
-2.54526	118.03	2
59.9394	30.0922	39
51.3529	-1.14909	5
29.5955	-97.889	1
8.23169	124.248	1
35.324	-80.7356	8
1.84467	102.978	18
-29.9189	-51.0951	28
4.87615	100.744	6
-2.78878	-56.9094	2
41.9949	-87.7124	14
25.6412	-100.294	55
52.5105	-1.85562	49
55.8811	38.7853	2
28.9419	-106.163	1
30.8215	-89.1377	1
34.9725	-79.2337	1
-9.99977	-68.2655	2
-22.3871	-43.1873	2
33.0242	-117.196	3
53.994	-1.5548	1
-0.913447	119.898	1
36.2086	-97.7457	1
-25.5243	-54.6208	2
41.1719	14.4961	1
33.7587	-118.36	6
14.4192	120.938	8
34.7225	-120.539	1
29.1366	-98.1482	1
43.957	3.87745	1
54.9899	73.4248	1
28.9594	-82.123	1
39.0261	-86.9358	1
-0.946075	-80.7286	4
29.0707	-82.3199	2
37.9566	-121.972	9
46.0814	7.04364	1
35.87	127.077	1
39.7284	-82.5706	1
43.6295	40.2607	1
-4.43591	-39.0315	1
54.0352	-2.30376	1
50.8493	-1.17986	6
45.0018	-84.2426	1
43.6452	10.6388	1
18.658	73.7607	2
53.2308	-0.545613	14
4.14196	117.65	1
40.8493	-111.886	13
34.4262	-117.574	2
42.8465	-70.9192	1
49.2535	4.05493	2
24.1147	-110.434	1
31.5532	-97.1876	4
61.1713	-113.676	1
41.5253	-73.7029	3
-28.4851	-49.0121	1
50.8372	-0.216309	12
19.5093	-98.8497	1
34.8706	136.813	1
39.7905	-84.2399	1
37.644	-84.7726	1
41.9384	-79.5244	1
-23.7669	-46.0184	3
53.4346	23.4208	5
1.42922	110.333	26
36.1866	-86.7851	7
52.0854	-9.80557	1
36.0201	-75.6684	1
59.0838	17.5272	11
56.537	21.0366	2
-25.6472	-49.0572	2
-24.4945	-53.3	1
45.1313	39.1708	1
50.8401	-0.990682	4
36.7629	34.4932	2
41.9505	-88.7815	1
51.7734	19.4806	1
54.8902	23.9267	1
20.6689	-99.897	2
13.9303	121.441	1
41.6703	-71.2714	2
40.2703	-76.6868	3
-23.1418	-44.6958	1
36.7421	-4.41955	2
53.3433	-9.1065	2
43.7975	4.68492	2
43.0666	-77.4596	1
-2.57242	-59.9803	173
-30.2256	-50.3126	4
60.7164	17.3667	1
40.2558	-79.9926	1
56.9715	24.1287	41
0.0721881	-51.0559	18
29.9963	30.9666	2
51.9245	4.27161	11
1.51317	103.643	48
23.7193	-99.094	2
17.0972	-61.684	2
55.0432	-1.43874	3
44.7011	-0.0729425	1
4.64713	101.203	23
43.2446	6.3142	2
-6.83355	39.261	1
61.5218	-75.0065	2
50.5025	2.50719	3
-33.4805	150.149	1
46.1624	-103.681	1
-6.97614	110.385	30
-7.23531	-39.471	2
-13.0479	-56.2671	1
41.6818	-71.5401	2
55.6488	12.1611	1
40.1405	-75.2622	6
35.136	-120.634	1
55.9314	-3.27073	3
-7.62768	-72.664	1
55.0193	-1.65244	22
29.6933	-95.758	2
52.594	-8.72312	2
52.1384	11.6479	1
-18.3054	-39.954	1
41.0685	-80.0573	1
49.0612	8.80954	3
55.9947	-4.58736	1
-24.07	-46.6726	2
20.6403	-98.6554	1
42.0359	11.8417	1
49.2811	1.76744	2
51.4354	22.7186	1
39.5291	-77.9807	2
28.682	-17.7702	1
41.0505	-77.157	2
52.3995	16.9063	8
57.618	18.2882	1
19.2466	-97.8027	2
36.1622	-109.577	1
14.734	-17.4309	1
49.4376	0.284568	2
33.588	-79.0377	1
35.4825	-97.4792	4
64.8838	25.3777	2
19.1377	-96.124	21
-6.99467	-36.7142	1
-7.00267	-43.1151	2
55.795	49.0696	23
44.68	-88.9132	5
35.5929	-78.1223	1
40.9163	-81.8783	6
20.5227	-100.772	14
1.4094	103.753	155
42.6851	13.765	2
38.4315	-76.9252	1
47.9519	6.76841	1
43.5548	7.02075	2
40.5879	-112.0	25
51.1261	-0.194156	2
49.819	8.74589	2
33.8507	-112.109	1
-2.27704	-79.8888	12
37.5702	-84.2869	1
39.7571	-94.787	1
38.6969	-8.19661	1
53.5899	9.98523	2
46.2239	7.31807	1
43.776	-91.2128	1
-22.9088	-45.2346	3
52.7277	6.51833	8
37.0544	-7.90713	2
42.1164	-80.1043	4
39.8417	-74.9635	8
-24.8815	-53.556	3
17.1328	-61.8661	1
51.9005	-0.190586	9
53.7001	17.5625	1
51.0848	1.13623	4
42.9841	-72.502	1
54.782	31.998	4
59.7527	30.568	1
36.7447	-3.51994	1
41.7645	-70.6682	1
51.1512	-2.68484	1
30.033	-89.8826	7
51.4485	5.453	4
-33.6593	-70.9175	2
40.1542	-87.6304	3
-21.9643	-51.3537	7
4.73221	-74.3428	1
49.2644	-84.7477	4
43.4214	11.1267	1
37.9966	-122.535	2
10.3735	-66.9744	1
43.1218	-74.4625	1
40.7617	-73.57	9
33.1963	-87.5533	1
47.3306	-116.611	1
13.1519	100.981	1
56.0897	12.7645	1
47.9294	20.3914	1
38.3047	-92.4371	2
37.459	-3.94497	1
49.1557	-122.774	2
46.2465	6.13303	21
33.8233	-118.202	14
-38.7423	-72.6257	2
35.9886	-77.8162	3
57.3237	24.7799	1
40.7028	-112.095	1
-21.3455	-48.0716	1
17.3421	-99.364	1
1.5254	103.838	69
52.8246	-1.63238	2
52.7393	-1.14114	10
50.4074	36.9101	1
47.4481	40.0944	1
34.7445	-87.6971	2
51.0453	-114.104	2
42.9866	-108.887	2
48.679	5.62061	1
7.72226	8.58209	2
51.2362	0.587282	1
-9.66354	-35.7609	6
37.9786	-78.1105	1
36.0461	-108.675	1
33.4042	-104.573	3
53.0324	5.68487	4
49.4252	7.74889	2
37.5761	-122.378	13
50.8327	5.72223	1
53.1754	-1.17753	3
40.7847	-77.0622	1
39.5353	-76.9287	1
41.5995	-90.593	3
38.725	-89.9666	1
-20.0082	23.4134	1
-29.656	-50.8626	6
46.8286	-119.171	1
38.6575	-104.688	1
45.7489	4.69442	2
45.2995	5.49203	1
36.11	139.61	1
26.3641	-80.1126	3
33.6046	-117.697	6
60.1822	30.3154	4
52.4172	-4.06049	1
45.3796	17.6732	1
52.6505	1.45308	2
-15.3917	35.325	1
51.5428	0.116052	73
67.7326	25.2861	1
-17.3235	-53.2158	1
42.9085	-87.8543	3
48.341	39.9838	1
53.146	-1.0054	1
38.8355	-9.36057	35
41.2927	12.5735	5
49.8155	6.1333	1
47.6435	-122.103	8
45.2965	6.581	2
36.5501	-115.594	1
-22.2387	-49.1125	12
52.0594	-9.49595	2
52.8739	13.4031	1
29.211	-98.82	1
43.2252	-75.504	1
37.0153	-121.562	1
-22.6579	-43.9289	1
47.4258	9.60941	1
28.5165	-99.8506	1
30.0708	-90.478	1
26.4743	-81.8203	3
32.2653	-86.3537	2
30.2352	-82.2788	1
43.0923	-78.761	3
55.131	14.9843	1
-20.6696	-43.8044	1
19.7292	-155.544	1
-28.3452	-54.6634	1
40.5187	-79.8687	1
52.7775	13.2808	1
46.609	-120.494	1
45.4341	10.9961	1
42.7105	27.7169	1
55.9278	37.9427	7
44.9293	4.90586	11
48.8072	2.18604	18
55.0811	36.6037	5
51.3419	-2.2447	1
41.3292	-74.3538	2
40.3574	-83.776	1
44.447	-79.8013	2
51.0986	-1.69885	2
35.5921	-77.343	1
42.1884	-72.6861	3
46.229	-66.609	1
26.903	75.8351	1
50.8716	-1.57635	6
29.5387	-95.1839	7
19.3174	-98.9118	14
-29.3292	-51.5004	8
58.4924	8.77191	2
-12.4223	-41.313	1
19.0322	-98.1543	60
55.7615	9.40227	1
-23.6961	-52.3893	1
20.1889	-100.143	2
39.1919	-2.59048	1
61.7464	50.8191	6
-19.0163	-50.5905	1
51.3232	6.00045	2
60.1833	24.675	1
-32.7409	-71.4826	1
41.122	-75.9529	4
32.0518	34.7585	1
51.5709	6.91565	2
44.0021	3.5508	1
44.6647	-74.9328	1
52.9973	-1.18226	20
-6.91918	106.919	2
43.1712	-101.705	1
36.1868	-101.181	1
3.14219	101.744	86
18.9187	72.8288	6
-7.27359	110.458	2
5.42811	103.059	1
-0.178871	-78.4778	3
33.8154	-109.987	1
-25.4771	30.9712	1
-18.9808	-49.4719	3
41.4509	-91.0369	1
36.7051	-121.605	3
32.5711	-89.8764	11
35.2546	-77.6022	1
-15.847	35.0652	2
-3.14167	-58.4471	42
41.0297	-81.7358	3
52.3271	5.96779	2
7.88473	98.3879	1
53.0004	-3.04979	7
50.8566	16.4879	1
-41.4689	-72.9563	1
42.7139	-78.9275	2
-20.7352	-48.5892	10
48.1303	11.7593	1
41.568	-72.143	6
-23.0614	-45.9175	23
31.1109	-89.3776	1
5.62846	-73.5288	1
36.0933	-119.575	1
44.9998	10.8599	1
42.2675	-85.4341	2
59.8498	17.5885	5
54.2235	-9.98899	1
-7.96373	110.612	3
37.9344	-76.8649	1
49.0605	142.061	4
30.2489	-88.186	1
-2.62921	-44.3026	39
10.6762	122.941	3
48.9683	1.68419	1
51.0879	2.95676	8
45.1559	9.36808	1
43.4802	13.2037	1
19.0941	-104.318	1
16.5383	120.328	4
50.4304	30.5972	10
40.6788	-4.09946	7
41.1015	1.20339	2
-22.9955	-44.0992	1
29.3776	-100.872	1
53.8802	-1.27762	1
-10.6483	-62.6336	1
41.1402	-77.4609	1
49.6561	3.29479	1
-23.0558	-44.8942	3
58.3788	13.4678	1
-23.4208	-45.8695	1
37.2744	-79.9575	2
-0.41217	116.984	1
43.2943	5.40513	15
51.3672	0.0412655	20
57.0283	125.709	1
50.8797	9.68511	1
40.8822	-73.4097	1
-19.6047	-47.9692	4
52.9158	9.24488	1
30.4806	-89.0687	1
44.7663	11.817	4
35.2035	-80.836	15
39.7617	-88.2781	1
-23.3771	-46.7393	7
-20.2303	-70.1286	1
37.6004	126.656	1
45.3479	14.3202	2
68.954	33.1359	10
53.3465	83.7775	1
37.0191	-4.56346	1
52.908	-1.8456	1
-28.2628	-52.4442	6
-23.9507	-46.2257	31
52.8748	-1.0973	2
51.2745	3.26299	1
50.4228	4.42765	1
35.3276	139.35	4
-6.33203	106.831	102
13.9435	121.152	1
9.85308	-69.1706	1
-7.98975	-38.2978	1
46.6898	-72.881	1
39.0607	-75.6	5
37.3846	-76.7559	1
39.5115	-84.7332	1
4.22837	103.417	2
9.51964	100.058	1
51.8714	0.862885	4
54.1937	49.5073	1
39.466	-8.47764	2
39.5563	-84.3026	2
44.8475	9.63636	7
3.25636	101.653	121
-23.7454	-45.6207	6
38.1055	-88.9118	1
33.1634	129.717	2
38.9703	-76.5242	2
-18.1459	49.4148	1
45.0997	13.636	1
5.37875	100.553	7
46.5847	0.371571	14
5.80145	100.534	3
53.144	8.22123	1
39.708	-75.1115	6
36.8687	-2.37369	2
53.6976	-8.34987	2
49.4872	-2.54255	4
36.7012	-119.565	2
44.969	-93.085	3
48.8835	6.04388	2
51.1924	4.58687	2
53.0924	6.90869	4
38.9953	-0.220727	1
40.7062	-111.9	5
-33.5169	-71.1237	1
6.42839	100.418	1
-3.85616	102.307	1
39.3917	2.76997	1
41.4553	-82.7021	3
-22.8952	-47.0303	40
-22.9365	-46.5619	4
-2.09077	-79.9027	7
32.0389	-81.1685	4
48.6709	1.84961	3
69.3904	12.2745	1
50.2786	3.93714	2
-8.74423	-35.2103	2
35.8538	-115.258	1
47.9527	-124.386	8
-29.1066	26.2131	1
-27.6534	-51.0923	37
45.8171	16.0058	1
-33.8399	18.6875	1
48.0359	38.1507	1
30.0811	-94.1291	1
34.5099	-114.311	3
-23.0144	-46.7992	5
40.0001	-75.574	7
41.1992	-95.996	19
52.0118	-0.502368	3
47.1722	-1.03907	1
19.761	-70.5159	1
-29.3292	-49.8051	5
49.5238	5.80185	2
-7.18116	-39.2756	1
-27.0294	-50.8445	1
56.0176	8.48088	4
-22.6804	-47.0163	1
-4.92946	105.212	1
34.821	-82.5788	1
52.2775	8.05524	4
40.939	-73.7516	18
43.8291	-79.3005	8
-22.4758	-46.6045	1
40.2659	-7.5764	4
45.0772	37.5589	1
47.613	-122.342	25
18.1163	-66.1405	3
-22.6677	-48.8123	1
37.1618	-120.3	1
36.9203	34.8764	1
47.0634	8.31475	1
51.6155	-4.0272	14
34.1242	35.6898	2
30.2234	-92.06	4
51.3055	37.8427	3
51.4546	46.1045	1
43.2519	-2.93316	16
39.9771	-104.707	4
36.8048	-6.29987	2
18.3709	-95.7662	1
-24.8055	-49.8727	4
59.3942	18.6174	5
-22.8383	-48.5474	4
55.3753	37.52	1
48.1564	-122.095	20
53.3745	-1.21119	1
53.1831	-1.37895	3
40.1182	-88.2714	7
32.8734	-86.6139	1
40.1913	-3.83994	3
40.788	-77.8526	3
31.6464	-8.01268	8
-26.4798	27.821	2
31.9363	-86.5671	1
53.8437	-1.85083	24
54.429	24.0023	2
32.4744	-90.1421	1
54.4611	17.0282	2
40.0615	-80.5967	2
9.98012	76.2796	2
44.446	-95.7707	1
40.9268	9.48932	1
26.2919	50.1852	1
39.9828	-83.1201	3
53.7927	-6.24707	1
6.01225	116.396	16
4.93593	8.34083	1
39.5558	-104.772	2
40.854	14.2435	11
20.1175	-98.7408	8
33.3604	-112.086	2
40.4962	-3.36562	11
40.8269	-95.8061	1
2.04811	103.382	157
41.8085	-73.1048	1
56.452	84.9616	7
59.9341	30.3287	129
23.3246	121.302	1
29.6029	-98.535	2
36.2994	-110.978	1
49.5985	17.2143	1
52.1908	4.4131	2
-8.40952	115.189	13
44.4809	-81.1498	3
51.3781	0.546455	3
33.6859	-93.6048	1
29.4326	-94.909	4
56.5904	59.9662	3
48.4345	3.92443	1
52.3846	-1.56748	3
54.3473	-0.63798	8
43.9502	7.66126	2
32.433	-87.0516	16
35.462	-93.4591	3
57.8736	35.0021	1
28.4615	-81.3925	17
37.8216	-25.7208	1
45.4946	-114.143	1
56.9048	25.146	1
46.0488	6.52392	2
51.9972	5.83977	1
53.5846	-2.48296	12
3.06375	101.453	80
51.5182	104.136	1
-6.33241	107.067	13
-7.09691	-41.4943	2
42.473	2.75637	1
-28.7639	32.0541	1
51.0027	2.13943	1
3.18362	113.464	1
34.7139	-77.0736	2
52.1331	1.41994	7
51.1272	16.9913	2
49.8561	-99.9629	2
39.6301	-106.067	1
48.2275	3.73112	1
53.187	-6.13221	2
35.4771	-80.6274	1
-37.5764	144.941	1
55.6253	37.71	14
53.633	23.7437	1
41.8401	-0.894539	1
51.672	-0.404637	1
41.2898	-8.38489	2
43.6133	-5.79405	1
34.3624	-89.5317	1
51.7945	-1.28259	12
51.4487	-1.99786	1
19.2473	-99.1706	27
35.6581	139.296	2
41.49	-73.0411	15
39.8574	33.5108	1
49.7502	3.07061	2
45.011	-0.608399	1
36.8511	-120.218	1
19.9404	-97.9612	1
49.2283	2.14237	1
38.6891	-121.79	2
-3.78965	-38.5199	54
32.6033	-84.8266	2
39.7804	-75.9203	1
39.961	-84.1702	1
39.4504	-84.0185	1
45.6945	13.7473	1
37.5199	15.0397	1
-23.6057	-45.4262	2
19.258	-103.69	3
-23.0088	-44.3167	4
48.7044	2.08172	41
-24.6897	-53.3477	1
1.24326	111.461	1
37.994	-97.509	1
34.0657	-117.77	11
25.3525	55.3964	1
43.1378	-1.29342	1
5.61327	-0.17579	10
39.1451	-75.3867	4
-2.87612	-40.496	2
33.1829	-86.8223	1
33.7227	-80.2268	2
-28.8113	-52.5106	2
47.5308	21.6603	1
38.3553	-0.515529	8
53.6284	-2.13384	28
51.0498	10.9843	1
35.2469	-77.1712	1
55.655	9.58423	1
37.5214	-6.27264	1
-0.192042	-76.655	1
44.7998	10.3374	2
33.6089	-85.4873	1
35.0658	-78.8987	2
43.4462	47.5862	1
32.2273	-82.4342	1
38.0741	-78.8966	4
47.3951	8.53985	3
51.8047	-3.21603	4
27.9652	-81.1048	1
-26.8274	-48.7225	10
40.6087	22.9931	1
50.869	0.553542	2
41.8716	-80.1177	5
-9.79909	-37.6883	1
53.6735	-1.52412	2
-20.2977	-42.3254	1
-26.7092	27.8526	3
-30.5529	-53.4955	2
39.8868	32.876	3
40.5665	-78.1242	1
37.6602	-8.75069	1
41.7186	-93.5822	5
35.3052	-106.698	2
31.6148	65.587	5
52.2809	53.3839	2
19.131	72.8363	25
51.7519	-3.36879	2
41.121	-74.0452	8
47.0739	5.50228	2
30.1765	-93.2145	3
48.383	31.1814	306
-16.4088	-39.0494	1
49.818	-119.469	1
51.0638	-1.31661	4
-5.21541	-42.8028	17
55.0015	82.9557	25
-24.2832	-47.0136	2
42.7418	-84.626	3
43.7727	1.28834	1
52.6462	0.174031	1
42.077	-84.5208	2
-19.9422	-44.1928	7
43.164	6.04166	2
52.3719	-1.24555	1
53.3596	89.9062	1
48.5262	35.018	2
46.0204	-73.451	1
14.0188	-60.9609	1
43.682	39.6007	1
-34.7937	138.688	4
47.0732	15.4419	4
32.3488	-89.0021	1
-10.9038	-68.4327	1
16.2586	-92.301	10
37.1816	-7.45005	1
50.8121	20.3359	1
40.2618	-103.802	1
13.7595	100.567	5
43.9207	7.17714	3
47.5356	9.14004	7
-32.7384	-70.7333	1
-7.27568	-35.9777	6
37.2056	-1.81481	1
31.5231	-92.9284	1
26.4349	50.1175	1
6.5853	3.36509	5
59.4818	17.9147	2
-21.6782	-45.9046	1
43.4509	5.26554	2
43.0843	5.81028	3
39.1884	-94.5201	10
47.7452	-3.37891	1
-2.2306	113.884	1
48.1849	16.3623	6
51.981	-7.72608	2
32.185	-96.4721	2
30.479	-81.603	8
32.7617	-79.8601	2
55.8867	-3.60894	4
-22.4889	-46.3572	1
33.8594	-117.568	5
41.5358	-93.5829	1
41.9544	-72.7903	1
46.1711	9.87058	5
35.7012	139.709	53
-37.8088	145.066	4
34.4009	-118.078	1
5.88063	-73.68	1
50.9446	-0.456523	1
-25.7906	28.2815	7
25.2918	51.5124	1
-20.6488	-41.9102	3
33.3919	-111.928	17
53.7475	-2.02277	2
-6.35789	106.495	4
43.0136	-83.7128	5
51.7967	0.636477	3
43.8096	-89.1173	1
51.7704	-0.753349	2
14.8442	-91.517	2
63.7341	-96.2958	1
34.4041	-117.302	5
47.2382	-1.56074	8
19.1003	-103.657	5
40.4725	-90.6898	3
22.0775	-99.0763	2
41.647	-91.5361	2
-20.942	-45.2514	1
27.8837	-110.722	1
37.6752	-122.486	1
-0.453912	100.423	1
51.2303	-2.51074	3
52.8479	-2.17501	13
8.93564	-79.7364	2
43.8594	-79.5521	5
52.4039	-1.97703	16
-30.7969	27.9638	1
38.1884	-76.4258	2
37.3831	-5.92355	23
-5.48052	120.255	3
36.16	-107.469	1
50.0222	36.3605	1
37.1943	-8.58499	2
43.21	76.8182	1
47.6054	-111.322	1
39.0878	-83.1312	1
29.912	-96.8843	2
-8.75136	-63.8669	5
37.7289	-81.8061	1
53.411	-3.07393	5
47.4051	-0.943498	1
14.9205	-92.3094	1
53.7172	27.9867	227
40.9725	-80.2438	3
13.045	80.1216	1
43.2365	-86.2565	3
3.24045	113.081	1
56.0496	-2.74584	2
40.8584	-74.8205	1
-0.076615	109.352	7
-6.8944	109.682	2
35.3695	136.366	1
55.5799	12.9349	1
47.4824	19.1295	13
41.308	-72.6349	1
55.7385	37.9929	7
19.0732	-98.2977	1
36.9225	-5.1463	1
42.8477	-85.4685	4
39.2023	-76.8494	8
-22.3352	-47.3295	2
39.3234	-84.3616	6
11.9629	121.925	1
54.9932	-5.98978	2
45.8554	9.39498	1
-6.6801	108.533	6
51.8911	-0.427445	3
8.95257	-75.4464	1
50.9794	3.21645	1
41.5459	-90.3419	1
-18.7954	-41.9396	3
24.8809	74.6374	1
-26.1206	-51.0906	1
59.7091	30.3846	8
47.0357	28.8489	2
-33.8413	151.207	8
51.737	0.490645	5
42.5772	-82.8387	5
56.5571	37.4322	1
61.3081	21.1842	1
30.7797	-93.3403	2
11.9869	8.56373	1
56.3375	41.3163	1
41.4512	-87.9197	1
39.3672	-74.4199	1
40.918	-73.8956	12
34.6404	-82.4409	1
44.1573	-79.9158	1
41.7656	-72.6803	20
32.4177	-97.7506	1
43.3215	-0.343157	12
53.3941	-114.226	2
60.3591	5.42348	1
5.66931	116.364	1
51.2171	4.7804	5
54.9826	-2.83287	7
51.8709	4.59838	5
13.0388	77.5545	4
36.3265	-88.8668	4
9.95929	-84.1923	6
34.6999	-118.132	9
41.6363	-72.4566	1
37.8394	-3.47285	7
-22.0585	-46.575	1
51.0355	3.71211	1
23.635	-110.228	1
34.1829	-118.923	5
31.3775	-84.9403	1
57.2262	-2.77727	2
44.0533	-103.301	2
31.8432	-81.6089	3
34.1745	-84.1299	3
18.482	-69.924	7
36.1691	-115.075	17
43.0997	-79.0086	6
51.8629	107.713	1
-16.6482	-39.2913	3
35.2798	-81.1676	1
37.5945	-77.5901	2
-33.3924	-70.563	50
-3.8834	-40.2451	1
42.8004	-77.823	1
52.5861	-0.282376	5
36.7783	-119.418	3
38.9637	35.2433	146
42.7809	-94.2272	1
0.689581	122.785	3
-18.4532	-50.5312	5
-20.0545	-43.4527	3
-23.513	-51.0998	66
-21.2385	-44.2815	7
41.4729	-71.5231	1
32.7927	34.9618	1
46.6701	16.8904	2
-16.4175	-71.5138	3
35.3568	-96.9143	1
36.7568	-108.569	1
41.2416	-77.0505	1
50.703	2.2061	1
52.9061	-4.12244	3
39.5078	-3.53203	1
40.5434	17.5997	1
-5.18745	-37.3473	10
33.9513	-117.681	2
31.7683	35.2137	1
-25.2963	-49.3218	1
47.1279	-0.625967	1
51.7688	4.75251	3
3.72357	102.926	1
41.327	-74.1653	2
-36.3052	-57.6106	1
-33.0261	-71.5604	15
35.1236	135.667	1
45.7365	12.6787	1
26.6836	-80.0397	3
29.7313	-95.5743	4
51.3534	1.33139	1
38.0881	-3.63952	1
53.3114	5.99765	2
49.7987	7.56698	1
-22.2973	-42.8797	2
39.4771	-87.295	9
29.6829	-82.4272	1
-22.7782	-45.0475	4
35.3991	-119.092	6
27.7905	-80.5519	1
34.2763	-83.8836	4
48.1935	-1.83356	1
-28.1761	-54.0429	1
42.2718	-72.0896	1
45.4613	9.15934	20
44.9681	-122.994	7
-0.363503	103.102	3
16.7419	-93.1397	29
41.0927	16.875	17
43.3089	-84.1492	1
43.9865	10.9106	1
-21.2642	-45.0228	1
30.1158	-93.7248	2
-7.20484	107.892	1
34.7643	-112.454	1
-21.7554	-48.172	6
-1.5424	110.422	1
33.27	-111.773	1
43.6387	-79.5232	7
55.883	-3.95286	5
41.5957	12.8406	4
13.8463	100.072	5
41.3137	-81.745	7
36.9263	-82.4477	1
51.6378	-0.0492248	9
41.1523	16.4176	3
31.2041	-85.4201	1
40.3683	-80.6525	2
51.6992	4.44032	1
-28.0015	-50.3477	3
58.2047	-6.38155	1
41.8074	-73.9024	3
52.3009	5.06264	1
41.7581	2.06928	11
49.3534	0.0751004	1
42.284	-8.53881	1
39.801	-8.79559	2
20.5971	-102.559	1
28.5701	77.2083	2
46.5619	-87.3974	1
-35.4301	-71.6277	1
30.5036	-94.9863	1
32.3849	-97.3381	2
51.5818	0.800536	2
18.0082	-76.7482	1
48.57	2.28005	5
40.1661	-74.0395	2
-3.13583	-59.9959	62
36.1905	-119.824	2
33.8484	35.5772	15
47.431	-122.366	3
44.0936	-91.6597	1
37.5013	-77.39	6
29.8947	-81.3053	3
39.5078	-75.6472	2
-29.0686	-51.0353	17
43.9496	-91.7015	1
35.6497	139.557	1
42.0178	-4.53187	1
48.5694	7.76173	10
2.37204	102.181	14
50.6425	5.58895	1
2.44375	101.863	4
56.1308	47.2532	3
-23.2102	-46.7565	1
-11.1029	-77.5948	1
49.0224	2.10029	5
41.4656	-8.31204	7
38.0427	-84.5052	13
-0.393357	36.9732	1
51.7513	5.13108	1
4.08673	9.75314	2
38.7054	-90.3049	10
42.5936	-5.58254	2
44.4065	0.600842	1
44.2151	20.9238	4
54.4779	9.06534	1
-20.4959	-43.8408	1
19.4704	-70.6791	2
43.0566	-77.6423	1
30.3449	-81.6831	1
40.7292	-82.5285	3
40.9519	-74.088	9
33.6795	-116.178	14
-29.1797	-51.1636	1
-15.0709	-40.868	1
36.6907	-5.88062	2
38.3132	-85.7085	2
52.3798	9.76148	5
18.2273	-65.9971	5
27.7141	85.3413	3
-27.7658	-51.5708	1
-34.6678	-58.7543	2
38.5305	-8.86894	6
36.5075	-4.87291	1
39.1802	-96.6106	1
42.3154	43.3569	4
39.0472	-8.69522	2
7.80599	-72.2193	3
55.8554	-4.23242	35
-11.8815	-55.5149	1
23.2027	69.5381	1
50.1732	3.24142	1
55.5676	-3.83957	1
-9.03506	-40.589	1
26.6377	-80.2414	1
3.30508	103.121	1
54.0122	27.6792	1
37.4834	-122.229	5
49.0951	-0.504802	1
-3.51196	120.905	1
34.8939	-82.2326	1
53.3993	-2.64035	14
45.6348	11.4861	2
37.8036	29.718	1
34.3943	-99.0105	1
34.2087	-118.602	8
-19.8463	-43.7914	1
41.7306	13.3433	1
35.1941	-94.1872	1
53.3962	-6.40652	6
50.7133	23.2861	1
53.2495	-7.5438	2
50.599	-2.48077	1
52.6316	5.07012	5
51.2755	-0.768402	4
-18.7548	-44.4362	1
14.4712	-90.6332	1
2.50099	102.993	1
8.54742	-71.2404	3
51.8943	-8.48438	9
35.6791	-88.7803	1
34.6078	-98.4254	2
38.6815	-0.53121	1
40.5215	-89.0012	3
-24.2935	-53.8154	1
-6.23638	106.624	40
37.416	-122.036	15
45.5432	-122.655	18
-12.6901	-38.4864	2
49.3073	2.55043	2
54.5768	23.0138	2
45.7784	5.01166	1
50.5265	9.00444	1
51.2345	0.211729	1
43.608	-86.3886	1
-6.31039	107.304	6
48.2939	-122.681	2
50.9439	6.65299	2
-23.4254	-46.0575	1
7.52763	4.53883	1
-5.15527	-44.1652	5
41.4539	-81.8834	4
53.8277	-3.00739	6
5.89769	116.102	8
54.3048	-1.82303	1
20.6212	-100.384	35
-23.8308	-46.8122	6
-21.65	-41.4319	3
42.9657	143.019	1
45.6194	9.24287	2
-9.96432	-67.8049	5
38.149	-84.6901	1
52.2681	-6.9711	4
42.7563	-81.1696	2
-3.1107	-41.4845	27
43.2628	13.7453	1
58.0225	56.1443	14
52.1027	23.7694	4
49.4019	8.68024	2
20.4788	-100.44	2
39.0411	-76.9831	20
46.2613	20.1824	1
40.0491	-76.2962	1
-35.8395	-71.6106	9
25.7558	-80.2957	32
-22.0697	-53.4094	1
30.0116	-90.2714	3
51.1114	4.22183	4
41.3026	-73.233	1
49.9966	8.439	2
-22.4694	-68.9277	1
49.018	1.13817	5
48.2242	20.2946	1
51.1408	0.855763	1
30.0652	31.3449	7
51.1836	11.2344	1
-3.29247	114.586	16
40.9014	-96.5466	1
35.7141	-6.91635	2
18.9285	-103.885	1
55.5732	37.13	1
-22.1994	-55.544	4
-23.062	-48.9055	2
51.5311	-3.64611	1
39.4758	-95.721	1
33.5214	-82.095	1
43.6104	3.87434	12
51.1941	5.72299	1
40.7087	-80.4728	1
52.1794	5.90278	5
35.7428	-84.0044	1
40.2698	-5.83842	1
-16.3051	-48.9725	7
48.8097	3.09159	4
55.6475	37.4117	1
49.888	9.9584	2
43.7823	-1.40629	1
13.9799	-89.5583	2
26.0269	-80.3279	16
20.6755	-101.345	1
52.6401	1.27308	6
4.42817	114.011	7
42.847	-93.6089	1
40.8026	-72.7711	2
34.1467	-118.76	1
-7.78094	110.364	78
39.5165	2.48607	3
52.2947	-4.18585	3
-25.1476	-50.071	15
47.031	8.1752	3
2.18349	102.507	1
-37.4771	-72.3726	1
16.7197	-92.6443	4
15.7812	-92.0747	1
-22.985	-47.5033	2
46.8632	-96.7695	3
33.1682	-117.215	5
46.5032	-94.3379	1
32.1373	-111.145	1
45.8118	-79.4065	1
33.4488	-4.15708	1
41.5502	-81.5703	1
34.7512	127.697	1
34.1744	-79.7849	3
-25.4516	-50.0507	5
26.2586	-98.2504	13
35.0941	136.059	6
38.9717	-5.79077	7
38.5945	-75.5774	1
52.4992	5.49718	1
46.8145	0.558196	1
51.5245	30.7609	1
37.7311	-88.7884	1
56.8631	53.2013	5
37.0664	-97.0293	1
2.20133	102.248	24
38.0608	-0.707194	2
39.7393	-89.2665	11
36.5061	136.687	1
41.9648	-86.0844	1
53.4511	-2.04788	2
40.2261	-76.8669	2
40.3869	49.8082	1
41.6613	-78.811	1
38.9636	-9.29372	1
60.9439	76.5357	1
45.4917	9.65888	1
46.0864	-100.631	1
54.0788	-2.72119	4
20.395	-99.9635	3
42.5647	-6.86053	1
39.4007	-9.10914	1
-7.06807	106.72	1
44.0812	1.50707	1
17.0915	-96.725	6
33.9244	-116.866	1
55.3807	37.8125	1
1.35713	103.936	60
14.1004	-87.1667	9
55.0986	38.772	3
20.2416	-101.547	2
36.3603	-80.3639	1
41.594	-70.9703	5
-37.1145	-56.8604	9
33.4789	-86.9954	1
59.3189	16.3562	3
53.4283	-2.43254	4
36.2579	-109.178	1
32.3359	-89.5567	1
39.6834	-75.6997	4
35.0992	-109.645	1
50.7568	-3.23612	1
55.758	37.759	5
48.2237	4.08639	4
51.8172	-4.49818	1
59.4743	32.0514	1
42.3296	-88.9257	1
48.0463	-1.66046	3
37.7333	127.087	1
8.44381	124.625	1
41.2512	-80.8305	1
30.32	-89.3385	1
42.2911	-84.4241	5
46.5532	7.9064	1
34.0024	-5.5429	16
37.9659	-82.0123	1
38.2526	-121.3	3
21.3531	-101.944	1
12.1336	-86.2946	5
41.1448	-81.3585	3
38.8513	-77.3213	5
29.5755	-95.5746	1
39.5931	-9.07371	2
-19.0045	-48.3585	12
52.1804	-2.01673	2
38.5031	-89.8189	1
38.4393	-78.8712	5
41.5342	-8.62022	1
-22.5461	-48.6355	22
45.4109	-108.531	3
51.623	0.331302	6
-26.9314	-49.0631	15
53.7607	-0.359457	7
-30.4164	-53.6701	1
51.3804	-2.38912	1
47.9607	-122.044	1
48.0796	-4.32464	1
30.6731	104.029	2
49.035	7.94419	1
4.71377	103.407	12
43.1534	-8.48066	4
39.3758	-77.1532	2
37.7944	-84.3241	1
49.3884	3.39758	2
40.628	-8.63966	8
-20.2664	-50.9477	1
29.4459	-96.3971	1
6.23406	125.082	4
-6.49175	106.788	29
39.647	27.8958	2
46.4149	-117.024	2
-23.47	-47.4366	17
-25.6313	-49.4623	3
41.1179	-77.6047	8
41.9836	-92.644	14
25.1468	55.2531	6
51.9472	6.01726	7
41.499	-4.99957	1
53.0601	158.65	1
43.396	3.65587	2
35.7593	-5.86816	5
-21.0578	-45.661	6
30.3471	-88.5444	1
42.4282	-8.62728	7
34.9522	138.383	1
-29.2155	-51.9275	1
-22.2894	-48.8787	1
41.3031	-8.57058	3
36.8537	-120.451	2
39.3259	-8.72121	12
52.1965	-2.21012	3
41.6401	-73.992	2
32.5206	-95.6525	1
-32.7742	-71.1915	2
40.1884	-80.2613	4
37.1617	-113.682	1
-18.5636	-46.5343	1
30.3946	-87.0213	2
30.4901	-96.7524	1
42.0651	-76.8133	3
37.8555	-3.614	1
3.75431	101.949	6
35.1286	-90.0003	6
34.035	-86.0093	3
-14.803	-39.032	2
-2.89255	-78.9907	1
47.251	-1.93632	1
47.5997	19.3656	1
54.5463	-1.21134	10
48.9796	2.61159	7
-30.3331	-54.374	3
-4.24582	-44.7828	1
-25.4527	-49.5701	4
53.4039	-1.5631	16
35.221	-102.889	1
42.5978	-88.6168	1
55.167	73.2429	1
4.55027	-75.6651	2
50.6663	3.20483	4
-26.0978	28.2178	1
42.0909	-86.0081	1
54.8424	39.337	1
52.2346	-0.881253	3
-6.162	106.338	1
42.9559	-78.8543	12
37.1001	-8.73971	1
15.5093	-88.0167	1
1.72562	98.7997	1
33.202	-117.368	9
32.7729	-96.5871	25
43.6223	-116.219	1
59.3336	17.98	17
52.183	6.57983	1
-6.73229	110.871	2
