Latitude 	 Longitude 	 Weight
32.354	-90.3224	1
38.6656	-9.18317	2
50.0645	5.76072	1
50.7528	6.96448	1
-19.9187	-43.9598	2
30.1636	31.6214	1
25.584	-80.3439	3
34.0609	-4.97544	3
38.1377	13.3472	1
23.7679	90.3683	2
-6.71672	107.026	2
53.2465	-6.1403	1
41.3485	2.04286	5
22.5387	113.912	1
-6.82164	107.145	1
55.5715	38.2275	2
30.6913	-88.0457	1
48.0036	0.198993	2
46.3601	48.0341	1
0.901498	104.487	1
39.563	-104.877	1
-9.82361	-36.2866	1
42.7466	-75.77	1
-6.26794	107.133	4
43.2519	-2.93316	2
-6.37468	106.768	133
36.6168	-88.3255	1
16.959	-99.7356	1
41.9671	-86.0828	2
39.7821	26.3453	1
19.0322	-98.1543	8
41.8311	-79.1528	1
2.31785	98.9659	1
-4.14567	120.04	1
5.40243	100.695	1
61.7464	50.8191	1
-38.3622	145.562	1
52.605	-1.97522	1
29.9522	-90.0703	2
33.6039	-117.658	1
33.372	-112.215	1
37.0382	27.4039	1
38.8106	-76.9523	10
49.0273	1.17707	1
41.4988	-81.7059	1
30.3388	-95.4439	1
47.0525	-122.375	1
50.1477	6.95529	1
-6.47902	108.157	1
-22.4873	-44.1755	1
-3.3671	-39.5891	1
54.1476	12.1451	1
51.1508	71.5044	1
1.5065	103.925	5
52.307	104.253	1
48.3054	37.9988	1
52.5532	-1.39073	1
50.795	-2.61142	7
38.2615	-77.9817	1
39.7571	-9.02998	1
38.5305	-8.86894	1
-2.42837	106.432	2
26.0735	-80.1385	2
34.6726	-89.028	1
32.9733	-115.515	1
33.8495	-84.3469	6
34.1277	35.7979	1
44.7503	45.0003	3
40.0495	18.0566	1
42.0396	-72.1288	1
2.71563	101.953	5
34.6982	135.493	1
48.7549	2.72725	3
28.3743	-106.247	1
48.1549	11.5418	1
13.7296	-89.2166	2
42.9931	-81.3034	1
53.3892	-6.42257	1
19.1312	72.8354	3
59.3754	18.0111	2
38.4363	27.2018	1
28.9008	-81.2395	2
6.62928	3.4847	3
22.3111	-100.956	1
-25.4516	-50.0507	1
53.1958	45.0387	2
35.8305	-85.9786	1
46.8812	-102.786	1
45.4533	4.7654	2
28.7678	-106.909	1
42.4732	-71.0982	2
50.7711	0.279488	1
34.0231	-117.613	1
19.2755	-99.2646	2
27.6882	-97.3655	5
-6.51122	110.766	2
-2.62921	-44.3026	4
55.66	37.2299	1
58.8909	55.6322	3
56.1889	36.9791	1
39.1134	16.7864	1
44.7641	11.4954	1
4.38674	100.967	2
51.4774	-2.6026	1
44.2333	8.32421	1
20.3296	-97.8959	2
34.3864	35.7896	1
28.7749	-100.607	2
-0.173024	-78.4816	2
53.6976	-8.34987	1
45.5284	11.3334	1
32.4698	130.758	2
-23.6828	-46.5955	52
-19.6047	-47.9692	1
51.4292	-0.35344	3
32.9591	-97.0954	1
5.06813	-75.5281	1
39.1301	-76.6903	1
37.5753	126.969	2
52.2656	4.96483	3
38.6644	-90.3318	3
36.0809	-80.2547	1
40.9292	-73.7368	1
-20.1139	-44.9368	1
17.3972	78.5226	1
-12.0714	-77.0154	2
-23.3771	-46.7393	1
47.303	-122.222	2
53.3287	6.91407	1
41.6566	-83.5743	1
32.491	-84.8741	1
68.954	33.1359	2
44.2151	20.9238	1
35.7932	135.645	1
48.4266	-123.331	1
3.35359	101.253	8
41.445	-82.1971	1
29.9835	31.4383	2
1.22835	110.697	1
-6.74538	-38.2186	5
40.0349	-3.59367	2
52.8676	5.04595	1
41.3655	-81.7758	1
61.2465	46.8807	1
3.18186	113.084	1
39.3703	-5.877	2
-7.32432	108.364	3
13.1382	123.737	1
4.63427	73.5632	1
26.3662	127.805	1
29.5837	-95.4729	1
-22.5918	-47.3616	1
0.830694	104.072	1
-22.7106	-47.7943	4
39.9488	-75.1931	9
31.0366	31.365	1
42.3444	-3.68944	1
36.0609	-79.9212	1
6.89258	79.9812	1
-34.1218	18.4889	1
-6.23597	106.988	55
53.3441	-6.26749	6
16.7419	-93.1397	1
30.4592	-81.6926	1
56.3698	36.6859	1
49.2557	-123.069	6
-20.2804	-40.2928	3
3.82881	103.217	6
48.4429	35.0001	1
35.6107	-83.4253	1
18.144	-94.4761	5
48.4052	-4.47429	1
55.0193	-1.65244	2
-7.45259	109.243	2
37.2367	-121.902	4
42.588	12.6653	1
-37.8693	144.991	1
34.0553	-117.427	2
49.4396	32.0804	1
53.8215	-1.7143	1
50.8387	4.36307	5
55.0015	82.9557	1
44.8638	-0.586176	3
19.1346	73.0027	1
49.1585	2.65999	1
43.2735	5.38795	2
50.8479	-1.16857	2
42.2488	-71.7957	3
-6.56218	106.771	25
34.7829	134.849	4
55.9183	-3.26502	1
5.33275	100.303	12
35.1373	-80.8778	1
-2.1462	-79.8691	1
40.9908	28.8735	3
51.4542	-0.0179565	12
51.4204	5.61714	1
53.4423	-2.76264	1
38.8901	-104.689	1
43.0667	-77.4594	3
32.3559	-86.0822	1
-22.8952	-47.0303	2
5.55409	5.76751	2
25.5595	-103.432	1
3.00934	101.789	15
37.4624	-122.197	3
3.31135	101.4	4
55.3593	86.0516	3
-28.739	-49.3605	11
59.9724	10.7215	3
35.7498	139.805	11
53.7619	-0.331982	1
45.1313	39.1708	2
19.4685	-98.7874	1
36.3758	-95.8978	1
40.8391	-74.1639	8
41.4426	1.8657	2
34.2598	-6.58084	1
56.0047	37.839	1
41.8806	-71.0663	1
51.4151	-0.679645	2
41.6413	-93.4879	1
37.3831	-5.92359	2
28.1031	-15.46	3
-39.499	176.911	1
54.704	20.5056	1
-2.97932	104.738	7
-29.8568	-51.1578	1
21.139	-86.8463	2
37.726	-81.2402	2
41.5907	-3.37252	1
-8.12513	112.563	1
-7.33098	110.493	1
3.89572	103.077	3
47.613	-122.342	5
18.4981	73.8314	3
46.1621	-1.17657	1
47.798	-3.56859	1
51.4775	-0.887627	7
41.7315	12.6617	1
30.0608	140.596	5
52.5055	4.86152	1
-35.4365	-71.6753	2
52.6761	5.96031	1
-30.0997	-51.1593	3
-1.26835	36.7361	2
51.4546	46.1045	3
39.5782	-79.8737	1
48.6917	2.52502	15
53.1302	18.0379	1
38.999	-81.9914	1
-5.189	122.64	2
-7.30713	110.124	5
5.57054	-0.2131	2
-24.8055	-49.8727	1
0.0	0.0	21
59.5835	18.2487	1
4.44677	-75.2318	1
43.0919	-83.6356	1
54.661	39.7144	6
40.6494	14.8843	1
41.1252	1.26876	2
37.7094	-97.344	1
17.3033	-100.324	1
25.9422	-97.4152	2
38.4972	27.0573	1
43.6251	1.33179	1
35.0833	-82.0227	1
48.919	2.13807	11
44.0358	42.8779	1
34.2387	-119.173	2
34.7291	-86.6136	1
34.0367	-118.426	4
35.689	138.592	1
40.2184	-75.3211	1
56.9184	14.8549	1
29.4955	-98.3296	4
6.01225	116.396	4
-25.1476	-50.071	3
34.267	-5.92026	3
40.7617	-73.7598	5
33.9058	-97.1341	1
40.913	-73.1326	1
2.04811	103.382	22
-6.77694	110.988	1
37.8072	-25.4945	1
59.9341	30.3287	32
-6.8692	109.13	1
50.8774	5.96095	2
-0.789275	113.921	1
-6.43778	105.939	1
36.0369	-86.5488	1
31.9304	-106.419	1
48.0194	-122.074	1
-41.706	-73.3391	1
-8.66924	115.224	26
32.3246	-95.2646	1
38.8601	-76.7405	4
53.3933	-2.91859	5
50.5027	12.1431	1
59.9154	10.9538	2
59.3407	14.505	1
62.8239	27.772	1
34.9671	135.773	5
48.5693	7.76221	1
-2.73562	114.268	3
29.9839	30.9983	3
2.83962	101.748	8
21.0487	-87.0318	3
37.5333	-77.4433	3
40.5596	-105.068	1
37.7617	126.777	1
48.7044	2.08172	9
39.4207	26.8072	45
56.0085	92.8723	8
33.6956	-117.829	2
54.1521	38.4438	1
36.5917	-119.603	1
30.4454	-84.2453	2
51.8436	4.11914	2
42.6988	2.90469	1
51.1272	16.9913	1
51.5878	5.56824	1
-7.26046	112.764	50
38.4291	-81.7929	1
-26.3161	-48.8233	1
-23.8633	-46.2901	2
19.2708	-99.6499	7
53.5577	-2.04767	17
37.7714	-3.90156	1
40.5247	-3.81615	5
55.8699	-4.30625	9
43.0207	44.6823	1
38.825	-77.1982	4
39.382	-74.4301	2
49.6979	4.70922	5
-33.8676	151.202	2
52.573	-1.547	3
2.29916	102.912	3
35.6581	139.296	1
-6.71146	108.548	1
51.046	2.84731	1
52.3908	-1.97615	1
47.9073	1.87354	3
59.6659	10.796	1
14.536	-90.6056	1
41.8483	-71.3545	3
40.8456	17.2979	3
-25.6566	28.2529	2
-3.78965	-38.5199	2
1.39741	103.829	72
48.966	1.67935	1
45.552	-73.7359	2
14.8286	120.287	1
41.2031	-73.1446	1
17.6237	-94.3846	1
51.5599	4.7649	1
43.6535	-79.3839	14
50.8452	-0.130547	4
50.6125	-3.65302	1
39.9341	140.898	1
40.48	-3.98813	1
-0.587732	111.388	3
49.8988	2.28468	2
42.8962	-78.876	2
40.5961	-74.6	1
44.7041	-0.39091	1
-16.6428	-49.2612	1
39.1451	-75.3867	1
1.42919	110.333	10
13.0919	100.98	3
3.94649	113.811	1
1.5823	103.739	7
48.2264	-3.09153	1
-3.98739	122.508	2
28.6645	-81.3956	1
38.9103	1.42366	2
-4.06925	121.623	1
55.5909	37.3698	1
-28.6558	31.9438	1
30.7924	31.0081	2
39.1679	-119.776	1
13.7632	100.541	3
33.5914	-112.125	2
45.8002	9.08382	1
52.1973	0.146524	1
48.2242	20.2946	1
40.6063	-112.024	1
36.0195	-86.7992	1
53.206	5.97229	2
39.8769	-7.1126	1
-23.2498	-45.8302	2
-26.2617	-48.9665	1
41.4881	-73.0532	1
53.5072	-2.21762	3
38.0402	-78.4849	3
52.6885	13.2007	2
52.2854	8.91691	1
-8.0436	-34.9394	2
29.191	-81.0377	1
54.2721	-2.79158	1
61.1886	-149.793	3
31.2359	-8.86801	1
28.0649	-81.5031	1
21.2986	-157.821	5
9.65186	6.52663	1
-36.7374	-71.0353	20
48.8588	2.347	44
40.7572	-73.9825	22
42.1933	-83.1956	1
-20.5187	-48.6196	1
49.43	1.8529	1
-7.9072	110.265	6
43.3244	-0.379705	3
38.9697	-95.2307	2
20.7153	-100.441	2
33.9988	-95.1117	1
19.4325	-99.1534	35
48.383	31.1814	36
-15.8051	35.034	2
-5.21541	-42.8028	1
42.7138	-78.9278	2
0.0261377	-51.0614	1
53.4027	-3.06719	1
43.0145	-76.1199	2
33.012	-96.7127	1
51.9245	4.27161	2
32.8023	-96.8006	3
45.5722	6.77802	1
48.6839	6.11844	2
49.1998	6.87682	1
-15.8425	-47.975	1
7.10412	-73.1206	1
52.3657	6.67415	1
51.8039	55.1908	1
36.0388	-115.135	2
37.5211	-122.03	6
-20.4639	-45.4391	1
52.6575	-8.59307	1
38.9943	-94.5601	1
16.2586	-92.301	3
-1.64974	103.621	2
43.9056	-69.943	1
55.7559	37.5483	87
25.8364	-98.3625	1
25.2442	-103.233	2
52.9704	36.0825	5
8.99058	7.45585	1
45.4245	4.36651	1
42.5236	-83.5121	4
49.4142	5.94524	1
62.0432	129.728	3
54.5985	-1.08021	4
-6.39189	107.299	5
34.0209	-118.211	24
38.9637	35.2433	33
-8.07543	111.895	2
46.3052	4.7968	1
54.9715	73.3869	1
-8.65437	116.532	4
44.8296	-68.789	1
-20.8756	-54.2616	4
57.2263	-2.77727	2
39.147	-77.0698	1
37.792	-122.396	7
-34.6404	-58.4791	2
8.12923	-63.5409	4
47.9527	-124.386	1
41.4348	-88.2292	1
49.3715	6.14425	2
64.0638	24.6625	1
49.6921	8.6284	1
-7.40034	111.113	1
55.1254	73.3788	3
42.547	2.91701	2
57.7686	40.942	1
42.3144	-70.9703	5
17.9912	-94.5341	1
9.187	12.5004	1
4.58419	101.134	13
51.6878	-1.26314	1
4.88533	114.897	7
56.1385	40.4177	1
36.6039	-119.449	1
4.37782	101.227	3
40.7308	-73.3252	3
-27.6534	-51.0923	1
-21.708	-43.4228	1
21.5752	39.1444	3
-6.49913	107.599	1
52.4143	-1.5192	1
40.6238	-74.2451	4
-6.35789	106.495	6
-7.83398	112.02	4
-0.664499	100.94	1
40.651	-73.8712	3
44.7986	20.4724	1
41.2455	-80.9769	1
37.3495	-121.802	1
43.4616	3.41846	1
39.2198	-77.2841	2
45.6934	-1.06453	2
1.00185	116.394	4
34.4089	-118.501	1
47.2382	-1.56074	4
33.9481	-84.5422	1
37.5327	127.135	4
50.823	12.8918	1
36.6888	-79.6123	1
38.1985	15.3222	1
45.8106	5.18173	1
52.2699	-0.891825	2
37.9834	-1.12989	5
51.3851	0.55095	1
-6.88884	109.424	1
7.35492	-2.33848	1
42.6681	-73.8107	4
39.7744	-86.1664	1
50.0336	8.60915	1
33.023	-117.113	1
46.3186	0.235242	1
-23.5334	-46.7845	6
40.2512	-75.6505	1
42.4802	-83.2444	4
-36.8444	174.768	6
-6.90853	107.682	85
51.6793	39.236	4
34.1406	-117.284	2
37.9553	-122.343	1
37.0634	14.9061	1
29.6455	-95.1605	3
-6.44116	106.894	2
34.3741	131.118	1
65.326	21.4703	1
49.5938	17.2149	1
19.2916	-98.1272	1
39.2415	-94.5655	1
5.95373	116.078	5
37.7914	-3.74254	1
5.31273	103.153	8
44.9492	-93.3696	4
48.4561	135.099	2
37.4644	-77.3026	1
39.4732	-74.9919	1
42.8998	-71.4657	1
52.508	103.836	2
56.8371	60.5928	17
51.2606	4.35819	3
34.193	-118.245	3
47.2611	39.628	9
35.3632	139.456	1
54.7887	32.032	2
53.7172	27.9867	12
58.3729	26.7782	1
-24.0958	-46.8159	1
-30.1823	30.7552	1
42.6524	21.1696	1
41.3798	2.19191	1
39.7534	-105.048	1
-34.3974	150.877	1
32.5152	-97.3265	1
27.8965	-15.4611	1
3.69001	98.5093	1
-2.98556	119.89	1
30.4242	-91.0075	1
45.4827	-122.756	2
60.6683	17.1485	1
0.72241	124.322	1
35.5883	139.728	18
5.64529	118.124	1
34.6293	135.054	1
43.6756	1.54532	1
55.7143	60.4835	1
51.2869	-0.232738	1
43.9291	2.13251	2
42.5822	-77.154	1
37.9293	28.6544	1
48.8333	2.55566	13
-6.86779	107.882	1
51.8451	-2.15137	1
45.0097	0.171902	1
34.775	135.307	1
24.0965	32.9019	1
41.2202	16.3041	1
55.0809	24.2761	2
-18.7954	-41.9396	1
34.1335	-117.909	8
40.5862	-111.878	1
27.9966	-80.6529	1
43.4769	-83.9702	2
37.2692	-119.307	1
40.4281	-79.9672	2
1.99405	102.866	1
51.6874	5.16764	1
3.23204	101.555	21
-26.3749	25.4619	1
51.4436	4.10752	3
4.39977	115.232	3
35.8321	-86.351	1
-26.3075	27.9439	7
39.4348	-77.4196	2
-6.16896	106.827	150
1.34797	103.683	1
39.7987	-89.6164	2
32.5762	-86.6807	1
13.8018	100.158	2
53.644	55.9553	1
35.2498	-97.4432	1
3.14845	101.705	160
-3.30287	114.603	2
33.8671	-84.067	2
35.9925	-78.9343	1
53.4693	-113.504	1
53.29	83.6478	1
-0.412172	116.984	2
55.104	36.5963	2
48.6475	44.3981	6
32.6063	-96.8654	1
34.3681	132.484	1
3.40747	101.574	1
53.5335	-1.10698	1
33.9992	-84.2517	1
35.1705	-79.861	1
43.1842	-88.0051	7
34.6999	-118.132	4
18.4329	-69.9764	1
57.8736	35.0021	1
-15.7763	-47.7966	5
2.28776	102.486	1
2.0454	102.575	5
43.6155	4.0092	1
-23.5211	-46.5204	1
41.6756	-86.157	1
33.6245	-80.9266	1
47.2408	-122.426	1
51.6664	-0.0844418	3
43.5965	5.00982	2
53.2204	-0.558267	2
52.2701	-0.747651	1
-3.08703	-60.0494	2
50.8707	-1.57758	1
-24.018	-46.5015	4
-7.72707	109.874	2
28.0449	-16.6143	1
51.918	4.52631	2
47.5793	1.30311	1
34.4257	-119.712	1
56.2847	43.851	4
38.0198	-84.461	2
2.06667	45.3667	8
39.6162	-75.8006	3
1.64526	103.594	3
51.5265	45.9785	10
24.4786	54.3702	1
3.05122	101.559	41
32.319	-90.1091	1
43.9854	-80.7254	1
-33.4276	-71.6905	2
29.1909	-94.981	1
45.1396	-0.0829742	1
54.7305	56.0375	2
37.107	-93.3467	1
49.5508	8.64207	1
51.5207	-0.142822	500
39.2846	-76.6205	6
31.7914	-106.328	1
46.2267	2.20912	1
49.4434	2.0882	1
25.2559	51.5523	2
3.5538	103.431	6
30.5929	31.4755	1
48.7476	1.3576	1
36.8687	-2.3737	1
41.6186	-87.5567	2
41.8005	-88.1675	163
27.6986	-83.8046	4
39.6567	-74.7675	1
0.247298	-51.0637	5
-7.40609	112.68	1
34.0203	-6.83744	5
47.9614	11.7875	1
40.572	-75.5799	2
26.3488	-80.0856	1
-3.77009	102.297	2
38.4454	-121.857	1
42.2074	-91.1901	1
55.7001	12.5397	2
35.3048	-80.7402	5
42.3211	-83.3658	1
41.8984	12.5451	6
47.2697	-0.103994	3
30.7077	-86.7222	1
42.3071	-1.98076	1
-25.4951	-49.2884	9
40.0293	-105.24	1
46.4434	6.86887	1
14.5604	121.056	7
10.9515	-74.7782	1
-6.94136	106.924	2
4.30221	-74.8046	1
-23.3921	-46.4538	2
33.5096	-7.58561	8
50.3705	-4.0989	2
-8.09829	-79.0367	1
5.61552	-0.0512352	3
45.4613	9.15934	2
48.534	2.20637	1
41.9133	-88.3126	1
3.86989	11.4471	1
29.481	-98.4934	3
-21.65	-41.4319	1
13.5907	100.742	1
43.3838	5.04366	1
-29.7338	-51.0571	1
10.136	-64.7057	1
5.43515	100.432	2
44.6066	4.4098	3
-0.919264	100.364	1
21.1499	79.0493	2
50.6289	5.56001	1
9.01143	-79.5009	1
-8.59663	116.109	1
40.3653	-82.6694	1
19.8932	-99.3574	1
53.1653	6.85705	1
37.0334	-79.5966	1
30.5248	-97.6998	1
41.3993	-73.4209	1
51.054	-1.80056	2
-29.9291	-71.2735	1
40.9104	-79.915	7
-26.1208	-51.0906	1
20.8634	106.698	1
52.2328	21.0607	1
53.0166	5.67315	3
-7.62971	111.514	1
-6.91001	110.618	1
-7.86042	111.482	1
54.8902	23.9267	1
43.2831	-8.21156	1
42.277	-73.9575	1
38.1022	-86.2759	1
36.8335	-76.1393	1
59.0506	30.0799	1
18.2621	-66.8486	1
47.0317	21.1828	1
48.6705	16.0186	2
50.5301	2.64403	1
34.6952	132.599	1
50.4182	30.6521	1
53.8096	87.2221	7
1.86117	104.63	2
46.7649	23.5879	1
32.8115	-79.9532	2
-5.79927	-35.2213	2
42.4282	-8.62728	1
34.5044	135.601	1
6.40412	7.62561	2
29.4933	-95.1128	1
45.0177	39.0434	4
53.301	-1.12575	1
38.7513	-112.105	1
50.511	30.4158	1
29.7775	-95.4162	7
40.2261	-76.9351	1
39.7185	140.136	1
48.6326	2.31295	2
-29.0686	-51.0353	2
45.184	5.71568	1
33.8843	-5.53533	1
-33.4585	-70.7402	1
37.3389	-122.055	1
52.0842	5.08277	3
40.7764	-111.92	2
31.6327	-8.05061	1
-41.4352	147.142	1
47.5596	-1.03156	1
40.6795	-8.43651	2
46.9646	142.735	1
40.887	-73.892	2
37.2332	-80.4107	1
2.36369	102.056	3
25.1072	55.1754	1
40.4135	-3.71338	4
43.8456	11.2321	3
35.7125	139.441	5
36.6031	137.852	1
57.1558	-2.20286	1
25.2663	55.3812	2
24.1721	91.3594	1
-27.7689	-48.6676	1
52.4178	-4.05987	1
52.3834	13.1196	18
54.2633	9.59957	2
39.9271	32.8181	1
37.3175	-87.4857	1
38.5617	-121.461	3
-6.76609	-35.0177	1
2.64011	101.749	1
46.2215	-1.03554	1
51.2667	22.8865	1
39.6617	-80.8561	1
52.7897	6.14644	1
36.6907	-5.88062	1
-0.764716	100.623	1
46.8415	-71.3703	1
40.4331	-104.754	1
55.8113	38.985	1
61.2734	73.4332	5
34.8301	-82.3912	1
49.4962	0.131479	2
33.3521	-112.419	1
-42.895	147.321	2
33.4207	-86.7048	1
34.9549	135.202	1
43.2814	2.09353	1
1.91295	103.015	5
-36.7456	-72.4432	1
59.2939	10.4414	2
26.2412	50.5839	1
45.7455	4.71818	2
-23.1117	-47.1947	1
20.6735	-101.34	1
54.1937	37.6289	2
42.3154	43.3569	1
10.4694	-66.8366	1
38.9802	-77.1005	7
43.8527	1.37204	1
8.55082	-71.234	3
-3.44333	114.869	2
53.8873	27.5398	2
52.2143	6.974	2
41.0102	28.6017	1
57.1506	65.5568	3
37.9928	-0.661476	1
53.5361	49.2661	1
49.3294	8.43412	3
-6.89015	108.715	1
31.4617	-97.2029	1
38.2799	140.851	4
36.1893	-115.262	3
44.969	-93.0851	1
-7.92786	112.602	24
44.1454	-120.583	1
37.0273	-76.3833	1
62.0846	129.292	2
26.1559	-97.9858	2
25.0171	121.446	4
45.4503	-98.5155	1
52.6316	5.07012	1
43.101	131.926	2
5.17758	100.475	1
43.743	-79.7298	1
48.1085	-1.67251	1
5.8108	100.383	4
-45.9116	170.49	1
18.8285	-71.937	6
33.9204	35.6203	3
4.76855	100.854	3
15.4854	120.591	1
25.81	-80.1401	2
36.8209	-76.2882	1
40.8274	29.3255	4
53.1548	-6.81533	1
41.5489	-72.8196	2
13.039	77.5635	1
-1.27293	-48.4598	3
19.1583	-98.4064	1
55.8696	-4.13781	1
59.9394	30.0922	5
-32.0119	115.9	3
48.5411	2.63015	1
40.6792	-74.1041	1
37.6736	-122.135	2
33.9109	-6.96765	2
-1.74911	102.839	10
41.1949	-73.6462	1
36.1523	-95.9093	1
44.8301	-93.0559	1
36.2501	-94.1385	2
25.6412	-100.294	11
-5.15527	-44.1652	3
52.6003	39.6002	1
52.2561	18.2626	2
43.5289	11.5896	1
50.652	-4.03372	3
42.8878	-85.7594	1
30.4435	47.2655	1
-23.8308	-46.8122	1
-22.916	-43.4473	10
51.4345	0.246854	1
43.144	5.74968	1
18.0133	-76.7434	1
45.3199	8.40366	1
53.5203	49.4315	1
-19.0044	-48.3585	1
42.7328	-83.3955	1
38.1167	-122.277	4
50.7035	7.11659	1
40.636	-3.51143	1
52.3402	5.63951	1
58.0225	56.1443	8
52.19	6.01109	1
33.5757	-86.3769	1
40.5807	-3.26497	1
52.2523	6.77732	1
1.57554	110.336	1
57.0204	9.8902	1
47.1353	-1.30561	1
49.1994	-122.913	155
52.4056	6.04099	1
-7.14948	-34.882	4
-25.8604	25.6552	1
55.6179	37.6979	1
25.7558	-80.2957	2
41.8082	-83.5799	1
53.0077	-2.22961	1
29.9879	-95.3466	2
-6.6987	106.879	1
54.3179	48.4689	1
13.6208	101.03	1
32.7018	-97.1355	1
-28.7303	-51.6044	1
34.5484	-118.075	1
42.0094	-4.52741	1
37.8986	-3.6009	2
42.4545	-96.3464	1
19.2545	73.1427	1
35.7837	-78.6429	2
52.5663	-2.16614	7
40.2751	-74.8452	1
27.9944	-82.4681	7
41.2782	36.3428	1
6.44833	100.207	5
49.6344	-1.63346	1
53.8222	-2.71083	3
30.5246	-91.1506	2
56.2252	51.0467	1
41.5008	-99.6809	1
51.1961	-1.49107	1
32.8353	-96.1439	1
61.5218	-75.0065	3
40.073	-74.7243	5
57.6508	39.8704	1
5.83717	102.409	1
37.3796	-81.0443	1
19.5355	-96.9084	2
58.5085	8.64446	1
-23.2149	-46.7705	1
-4.40285	136.86	1
46.9036	4.4928	1
47.6576	-2.74816	1
42.637	-71.3269	1
-6.54626	107.446	1
53.8228	-1.42539	3
51.7734	19.4806	1
-1.28989	36.8797	1
35.8454	139.956	2
44.6597	11.1276	1
52.5067	13.4246	1
48.0832	41.2726	1
46.5337	-0.7526	4
39.1363	-84.5404	1
-6.80498	107.579	3
35.3353	137.121	1
18.2573	-65.9628	1
-7.78094	110.364	48
-2.57242	-59.9803	7
52.972	12.6329	1
39.5011	-86.0494	1
53.1712	6.61523	1
6.68436	-1.57683	1
36.0834	-94.1896	1
2.46433	99.152	1
19.8403	-90.493	1
41.6018	-81.4406	1
50.631	3.0472	6
33.8758	-98.4894	1
56.9715	24.1287	3
34.4544	-78.9679	2
29.513	-98.6559	2
19.3932	-98.9888	1
41.1561	-81.69	2
47.1987	4.31552	1
52.1631	5.26264	3
61.5218	0.00022	11
35.1634	-115.9	2
35.0321	-89.8085	2
33.4488	-4.15708	1
41.5115	-73.9819	2
52.1517	4.48183	6
43.2669	132.066	1
-32.934	27.9972	1
51.557	-0.491711	3
42.8506	-2.69861	3
-23.0614	-45.9175	1
46.5847	0.371571	1
42.2373	-84.3957	2
33.9777	-118.07	4
41.4786	-73.2118	1
4.17394	73.5077	1
50.4228	4.42765	1
56.8631	53.2013	1
28.3611	-81.4265	1
56.2925	44.0089	1
32.8629	-96.9614	2
2.20133	102.248	7
-0.488278	117.161	8
49.2551	4.05423	1
6.45306	3.39583	2
39.7393	-89.2665	4
52.6699	4.70435	2
45.9689	9.28083	2
20.1056	-98.7758	1
53.7104	91.4656	1
51.6057	-0.691979	4
56.0728	-3.44502	4
-7.51827	110.595	1
35.9223	-79.0943	1
18.022	-92.9165	1
33.3477	-110.998	1
-20.4049	-52.1809	1
46.0613	6.58803	1
55.8494	37.4352	3
36.7828	-119.795	2
-22.8924	-43.1181	2
35.1367	-120.643	1
4.59464	-74.0838	3
54.7006	25.253	1
45.5331	5.40399	1
44.0388	43.0507	1
-27.4971	153.016	4
-6.01194	106.044	2
45.6457	0.145144	1
44.105	-79.4658	2
6.12554	102.253	4
-7.46189	110.222	3
-29.106	-51.5365	1
1.14206	104.011	1
33.6171	-111.931	2
6.32752	99.8385	1
31.2059	29.9632	14
4.23955	103.192	1
6.09651	100.359	2
-8.7058	116.267	3
47.3942	0.695126	1
40.2066	-85.4096	1
54.3197	9.96988	1
60.9716	25.689	4
50.5977	36.5848	1
20.6767	-103.337	5
47.5468	-121.54	1
55.795	49.0696	5
50.5701	3.77594	1
16.9503	-96.7498	6
51.2524	-0.567708	1
28.7047	-17.7979	1
-7.56858	112.721	1
51.576	4.97728	2
33.8623	-118.243	3
-21.6987	-45.2245	1
52.5685	-7.29381	1
51.9514	5.21014	1
42.3527	-83.0992	2
52.0769	4.3064	4
-22.5461	-48.6355	1
-1.75216	112.635	1
49.1048	6.19605	2
41.7946	-87.9082	3
48.1114	7.39228	1
39.147	-86.5908	4
41.2751	-73.9361	2
-30.4164	-53.6701	2
41.8719	-72.6566	1
44.574	38.0395	2
39.983	-82.9772	4
51.1889	58.6101	1
-5.14383	119.426	13
52.0832	5.41042	1
-6.993	107.559	20
49.2457	2.12963	1
3.60121	98.7598	14
-7.57916	110.782	4
6.65093	3.30425	1
30.2644	-81.7767	1
38.2753	24.508	5
47.2714	5.98536	1
-6.96009	111.896	3
57.0392	40.9884	1
49.0351	7.94685	1
51.2799	1.09365	1
56.1147	47.1885	2
59.1287	37.8988	1
-23.513	-51.0998	2
10.361	-67.036	1
-34.9752	-71.2271	1
10.3337	123.91	2
-14.4335	-58.126	1
37.5474	-77.6701	2
26.0208	-80.3348	1
55.6629	37.9214	2
20.941	-89.6236	3
21.0981	-101.601	1
1.36264	103.99	2
41.8338	-87.7319	11
30.8759	-84.6033	1
12.8513	77.6654	1
51.2645	5.89651	1
4.02565	9.68996	1
34.9388	-81.0267	2
46.2465	6.13303	2
-25.4539	-54.4571	1
3.08426	101.42	4
52.9539	-1.16654	1
41.2983	-72.9292	1
42.6242	-83.2897	3
32.4262	-81.7842	2
38.8282	-97.6377	1
43.1168	-79.3299	2
47.0884	5.48817	1
47.4481	40.0944	1
-7.14203	112.615	1
40.971	29.0483	1
44.2922	6.5675	1
42.0573	-87.8341	6
51.5913	0.06992	2
14.3051	120.738	1
48.3592	-1.19973	1
14.7281	120.973	1
44.4245	8.85498	1
64.5713	40.522	2
-1.15402	116.877	2
35.0125	134.996	5
-6.18622	106.637	19
41.6596	-4.72973	1
26.7099	50.0566	1
29.1738	-82.1567	1
33.8892	-117.925	1
43.2294	76.9296	3
-30.7883	-52.2777	1
39.7407	-75.5458	3
30.0737	31.2723	6
37.0953	-94.5084	1
30.3044	31.7537	1
-26.1816	28.0323	2
40.757	-86.8742	1
48.2632	2.71856	1
5.75195	115.944	1
32.2185	-101.498	1
28.1343	-82.3696	1
53.3215	50.0679	4
19.6563	-99.2336	7
55.1559	61.3679	2
26.8424	75.5645	1
4.4242	114.012	2
-14.2393	-53.1848	5
49.0286	2.32441	1
49.4367	1.07928	2
48.2924	4.07631	1
-7.01057	110.404	19
51.3146	9.46005	1
-17.3235	-53.2158	1
36.7308	-90.4511	1
48.341	39.9838	2
53.391	-2.1197	2
42.2735	-71.4392	1
50.7355	3.15663	1
41.2927	12.5735	2
56.5222	84.982	3
35.8869	-109.165	1
40.5591	-85.2671	1
38.923	-75.4333	1
-12.8753	-38.5026	2
38.958	-76.9113	2
45.5353	10.2238	1
-22.2387	-49.1125	1
18.9798	72.819	2
41.594	-70.9703	1
32.7366	-97.3358	2
51.6656	35.6772	1
35.5771	-5.34233	2
-25.6574	28.0814	3
36.6866	-121.641	1
14.3446	121.065	4
44.8155	-93.2911	1
