Latitude 	 Longitude 	 Weight
55.5006	38.3266	1
50.0645	5.76072	1
53.4039	-1.56304	5
-7.41249	112.542	3
-19.9187	-43.9598	23
45.6276	-64.2353	1
-2.93492	115.152	1
51.9179	-2.59688	1
19.3184	-98.2454	2
54.009	27.8556	1
42.7466	-75.77	4
41.8998	-88.8949	2
51.8868	4.68756	1
32.0497	-81.0544	1
55.9774	26.299	1
16.959	-99.7356	4
-33.4421	-70.7477	5
-29.6122	30.3928	1
45.375	134.708	1
-19.5499	-56.0323	1
33.8843	-5.53533	7
2.55151	102.418	1
8.25944	98.3095	1
45.5231	-122.463	2
42.093	-87.8534	15
50.795	-2.61142	1
2.92719	101.76	34
38.502	-117.023	1
33.9721	-6.86441	9
3.19912	113.051	1
36.3245	139.014	1
31.1655	-88.9456	1
51.9187	19.1348	2
-25.0965	-50.1152	2
35.8305	-85.9786	1
33.5907	130.407	1
45.8198	1.23643	2
-15.2863	-47.2063	1
37.3069	-79.1188	2
18.4793	-69.9364	6
37.5192	127.024	10
58.8909	55.6322	1
38.6707	-121.072	1
59.9674	11.0659	1
49.0054	2.92852	2
51.5337	-0.445685	7
30.2233	-93.1777	2
46.5372	6.61834	8
-7.6093	111.897	1
41.533	9.27379	1
-8.82848	13.3066	1
39.1301	-76.6903	2
49.839	2.052	1
34.1457	-118.134	7
32.3549	-93.719	3
-9.82361	-36.2866	1
-15.7922	-47.9753	3
44.9336	-92.2236	1
-34.1618	-70.7477	2
-0.475355	117.136	5
37.9176	-76.8671	1
34.598	-86.5628	2
50.8713	7.10588	2
35.3005	-119.105	1
-25.7366	28.3778	2
-2.16364	115.404	2
37.1195	27.393	5
47.9129	106.914	1
48.9561	6.2744	1
-23.6839	-46.9469	2
35.426	136.974	1
-12.0923	-77.0333	6
36.7828	-119.795	1
36.7392	138.221	2
41.5072	-81.6373	3
48.6747	2.61084	19
47.2493	-122.457	2
41.3423	-73.6817	1
18.0722	-66.7445	1
37.8223	-85.7682	3
-7.16411	113.448	1
41.8551	-80.7884	2
13.7752	100.408	2
55.9183	-3.26502	2
33.377	130.49	3
45.0011	-86.2707	1
49.4961	0.134415	2
2.84185	104.159	1
29.9848	31.2443	4
40.8803	17.1621	5
-28.739	-49.3605	9
54.1242	-114.398	1
48.8014	2.43994	99
33.9405	-118.404	17
18.2577	-65.9633	1
43.6777	13.2102	1
43.3955	6.29457	1
40.7324	-112.205	1
2.31785	98.9659	1
13.581	144.858	1
43.7494	4.80534	2
36.8691	-121.731	2
43.5378	3.4597	1
42.7489	-84.4805	8
41.1307	-85.373	1
34.0344	-80.4909	2
34.673	-96.6606	3
46.0537	8.98049	1
-33.785	150.886	1
34.7292	137.635	2
-32.1078	26.465	5
35.4041	-80.6971	4
-25.7415	27.9	1
28.9699	-111.498	1
35.0861	-80.6972	5
47.501	7.62411	1
35.0106	-80.561	1
-1.26513	36.8185	9
-18.8935	47.5319	1
-1.45502	-48.5024	4
37.3888	-121.944	7
36.8706	10.2409	1
32.5281	-92.7041	2
-27.6075	152.881	1
49.2884	-123.073	5
43.7122	-79.255	3
34.5768	-80.9063	2
39.4642	-74.555	2
-7.20064	107.87	1
36.0873	-79.997	2
29.9743	-90.2361	3
-30.9286	-51.8289	1
38.961	-3.97836	1
51.793	0.621769	1
49.0714	2.10159	7
31.5478	-97.1221	1
41.2229	-111.973	1
55.396	43.8183	1
37.7617	126.777	1
38.8817	-91.3943	1
25.9681	-80.2489	6
32.3558	-86.0821	1
30.4454	-84.2453	11
38.2858	140.309	4
34.0456	-80.9672	8
-27.6715	153.049	1
18.3339	-70.1806	2
50.8122	19.0939	1
43.6487	6.85456	2
1.38935	103.988	12
53.3215	50.0679	2
33.506	-86.8496	5
40.6133	-74.4155	17
-21.3646	-46.0058	1
3.58111	98.6676	53
41.8483	-71.3545	3
34.0688	-81.1201	5
39.2077	-120.797	1
35.1764	-5.27986	1
35.1906	-101.759	1
-6.77883	-79.8811	1
0.485096	101.437	9
43.3799	-84.6664	1
39.9911	32.6346	2
38.3491	-75.1161	1
6.53502	3.29654	3
54.5986	-1.08026	3
32.1637	-87.5044	1
-16.6428	-49.2612	12
38.7482	-77.0836	19
-23.3552	-47.9037	1
-7.37831	-39.3199	1
-28.5805	31.4002	1
53.6424	-1.7902	3
39.6859	-83.9403	3
-6.43206	106.863	57
51.9417	-7.99546	1
30.3449	-81.6832	5
55.663	37.9049	2
55.7338	24.3623	1
45.7578	4.8351	7
29.5404	-95.1652	4
32.5879	-88.2025	1
31.5753	-84.1047	2
-7.8326	112.713	4
55.7559	37.5483	83
-22.959	-49.8674	2
51.7099	7.7968	1
38.8697	-75.284	1
35.4699	-78.5307	2
34.7014	-86.6686	9
50.8747	-2.18618	1
-33.9266	151.078	2
39.1579	-86.4983	3
-20.4639	-45.4391	1
48.9174	11.408	2
48.2284	-1.69895	1
3.44067	-76.5475	1
-8.07543	111.895	2
31.1679	-92.0247	1
41.3948	-73.4721	2
-23.5108	-46.8823	9
56.1385	40.4177	2
-26.3614	28.1329	3
-7.59037	112.697	1
45.7359	-122.642	1
38.1595	27.3531	1
53.3549	-6.2474	15
48.2526	11.6354	1
1.74645	98.787	1
59.2867	10.1033	1
51.8451	-1.96941	2
29.4981	-98.7091	4
10.1607	-61.6803	1
-7.91175	113.822	1
51.585	5.06361	1
-0.0311451	109.343	5
40.4314	-79.9806	5
42.3377	-83.142	16
-25.0385	31.1445	1
43.1352	-77.6346	3
39.3078	-101.67	1
-2.70123	104.621	1
34.1406	-117.284	2
41.0329	-73.7722	2
5.95373	116.078	9
37.7914	-3.74254	1
32.6782	-83.1783	12
30.3982	-86.4565	1
-6.90621	107.621	260
35.6242	136.374	6
43.2365	-86.2565	5
51.6454	-3.01879	2
-33.3086	26.5251	1
43.4885	6.56525	1
41.4207	-75.6276	3
35.833	-78.7719	8
32.4838	-94.7525	1
42.8141	-70.8746	1
45.5353	10.2238	1
0.0269333	-51.0723	3
52.0781	21.0099	1
33.6409	73.0331	1
47.3351	-122.284	9
32.9674	-97.2262	3
37.2692	-119.307	4
32.8207	-96.7315	10
39.6333	-8.68232	1
42.5454	-89.0179	2
-26.3075	27.9439	61
42.0162	-88.1781	5
12.1813	-86.3655	6
32.5762	-86.6807	2
55.8212	-3.10763	1
36.5846	36.1711	2
-22.6446	-43.3052	1
20.1439	-99.1697	1
30.4223	-9.58203	1
53.5335	-1.10698	1
-6.09954	106.121	4
-7.27683	109.025	1
-21.8793	-47.9053	1
-16.5552	-48.0222	1
19.2708	-99.6499	4
-7.89481	112.507	3
-34.6099	-58.4045	26
62.3453	5.84261	1
32.6704	-117.105	4
-7.65408	111.35	1
42.7072	13.8575	1
56.2847	43.851	4
38.6729	-121.214	2
48.6243	22.294	1
61.2411	-149.859	3
52.266	-1.53877	1
35.0763	-92.3821	2
52.9538	-1.1665	6
34.774	-92.3612	8
51.5207	-0.142822	3308
38.0664	-102.616	1
18.2803	99.4854	1
51.4775	-2.60259	6
-24.6955	29.9346	1
40.6892	-7.92529	1
26.1404	-80.1456	8
36.2329	-115.238	6
-7.42271	109.251	4
-3.77009	102.297	6
48.0093	3.40923	1
-25.4951	-49.2884	16
35.6443	-97.5635	2
41.9291	-88.7494	2
58.0084	56.3021	3
-5.57916	-39.4606	2
59.7239	30.4085	4
38.5305	-8.86894	7
48.8426	2.62109	6
38.6982	-120.875	1
48.724	4.584	1
47.4818	-0.563019	1
43.6707	7.15032	6
56.0925	44.352	1
37.0334	-79.5966	2
34.1194	-117.908	18
46.3574	-72.5745	1
40.9104	-79.915	1
-21.2133	-47.818	8
44.2355	-123.211	1
-16.4795	-54.623	1
-38.0401	177.252	1
29.6738	-95.2977	5
51.5723	4.67066	3
38.3083	-77.4938	1
40.1209	-3.68534	1
35.2411	-85.8468	1
34.2116	-88.7595	3
31.6395	-94.667	1
6.22538	-75.3997	1
-27.3527	153.061	1
33.9765	35.6105	8
1.86117	104.63	3
37.597	37.7542	1
43.8135	-79.3977	1
56.3537	41.3264	1
42.5813	-83.0305	9
3.65106	98.975	1
56.9836	23.8575	1
-24.4958	-47.8554	1
51.9501	7.62409	1
-8.40952	115.189	2
23.0618	114.419	1
40.7764	-111.92	9
30.651	-90.1994	1
41.6136	21.7433	2
43.8456	11.2321	1
-37.8084	144.964	3
1.60555	104.15	1
24.2038	-110.296	1
38.5617	-121.461	16
45.1942	9.15217	1
46.3975	6.57885	1
51.2667	22.8865	4
41.9456	-88.4307	2
-0.764716	100.623	1
41.7097	-86.9136	1
-21.1946	-41.9022	1
43.8553	144.464	3
-32.8845	27.3989	3
41.8082	-83.5799	1
52.5663	-2.16612	1
42.8091	-83.1345	1
54.1937	37.6289	4
53.2745	6.37179	2
43.9407	4.83351	1
51.5549	-1.83965	3
37.9388	140.597	1
27.9017	-82.2952	1
8.89582	-64.1759	1
43.1915	-0.611448	1
5.39716	100.315	13
38.9215	-94.3908	3
49.9545	7.31024	1
37.9168	-1.11781	1
-3.35182	114.627	5
31.8934	-86.0123	1
39.3062	-80.2443	1
29.9858	30.9733	1
1.3468	103.695	21
35.5858	140.128	2
14.4226	120.942	10
-1.27293	-48.4598	16
43.8413	143.933	1
-29.9006	30.9726	15
26.2207	127.677	1
-25.8604	25.6552	2
48.074	-0.846202	1
32.3292	-90.3523	1
44.0645	3.92486	1
-7.65865	111.102	2
43.5831	7.00521	4
45.3199	8.40366	2
-26.1208	-51.0906	1
50.7297	4.22594	1
19.2371	-103.707	1
10.2727	-67.5736	1
35.6825	-119.23	1
26.8418	-80.1632	1
13.6208	101.03	1
30.7585	-81.5944	2
40.9368	24.4136	1
57.442	10.537	1
42.0094	-4.52741	1
42.4651	-82.9441	2
-36.6111	-72.0904	1
53.8222	-2.71083	2
-3.67999	128.19	1
50.3526	3.52591	3
41.5008	-99.6809	2
40.073	-74.7243	5
39.5659	2.62791	1
44.835	-68.7447	1
35.1295	-90.0268	13
42.637	-71.3269	1
-28.2759	-52.8611	1
50.3998	1.56618	1
45.6461	0.189517	2
41.3023	-72.688	3
52.972	12.6329	1
46.0494	11.123	1
-22.1933	-49.9622	1
-25.4193	28.2869	2
-26.1037	28.2334	3
36.1866	-86.7851	5
4.29344	101.128	1
45.6753	15.6566	2
45.2482	-75.8001	2
26.3677	127.762	1
61.5218	0.00022	4
35.1634	-115.9	1
40.5122	-89.0002	13
-23.2011	-46.9084	3
38.3282	-89.032	1
45.6436	8.81918	2
42.3801	-71.0642	22
37.5271	-77.3671	10
38.2691	-1.45748	1
18.8858	-99.1676	3
5.83717	102.409	1
45.9689	9.28083	2
50.2133	19.007	1
6.6828	3.20866	1
18.022	-92.9165	3
-6.67087	106.872	35
-34.5088	-58.7414	2
49.4456	7.60844	1
4.69171	-74.0747	10
-8.12513	112.563	1
-29.9153	-51.1771	6
37.7981	139.121	1
51.9862	-0.21557	1
50.45	30.5233	10
58.1574	8.03269	1
39.1376	-94.7725	2
16.3178	-61.485	2
57.6986	11.9495	3
-33.6586	151.31	1
-16.5249	-50.3712	1
43.7651	142.358	1
-0.932416	100.364	12
43.4646	-3.82615	1
-23.4254	-51.9478	1
35.135	129.096	3
33.5407	-111.87	3
39.983	-82.9772	4
52.4943	30.9546	1
39.7432	-75.5421	2
50.5278	2.64124	1
29.6687	-89.9818	1
38.2753	24.508	26
52.2557	6.212	3
46.0023	5.17038	1
-7.02286	-37.2759	1
60.9715	25.6661	2
21.0981	-101.601	1
1.65912	125.108	5
41.8338	-87.7319	46
5.94106	116.667	1
26.2502	-81.8013	1
5.40219	-3.99103	1
40.651	35.7953	1
44.3321	-66.117	1
41.2983	-72.9292	2
40.6762	14.804	2
29.2872	47.8844	4
60.1584	24.935	2
43.5834	-84.7734	4
-21.5404	-48.788	1
47.3952	7.74657	1
-7.60715	110.343	6
36.8239	-76.2522	6
8.47449	124.674	1
29.9692	-90.074	12
45.5225	7.98455	1
-26.5806	18.146	1
51.0313	2.3767	3
27.8386	-82.744	2
41.4297	-81.4926	4
-22.3069	-42.4674	1
3.48624	103.39	5
43.0841	-89.4064	2
38.9704	-84.6388	2
35.689	139.697	41
55.9207	37.8674	2
54.1934	-8.64507	1
34.0006	-117.815	2
44.617	-76.6916	2
27.4737	-99.7266	1
10.0707	-69.3033	1
53.722	-6.36304	1
38.923	-75.4333	1
-12.8753	-38.5026	7
33.1216	-117.291	3
33.4847	132.399	2
48.4568	35.0719	1
29.7337	-95.6463	10
53.8224	-1.54536	4
43.7312	11.3364	1
-6.77035	-36.3964	1
59.8501	17.588	4
-6.71672	107.026	2
64.5245	39.7407	1
-2.09153	106.112	1
46.3601	48.0341	2
42.365	-83.2895	9
30.6224	-96.3112	1
39.7666	-86.4413	4
35.193	-89.7305	5
34.5854	-118.101	4
39.7258	-90.2319	2
20.5342	-97.4583	1
41.69	-73.2088	1
-27.665	-48.5454	2
-5.189	122.64	1
40.9919	28.849	9
7.03735	116.742	1
33.5827	-85.101	3
33.3832	-112.32	2
43.3531	-5.88123	1
53.3681	-2.72328	1
41.4318	31.7285	1
5.02409	-73.9996	1
42.2733	-83.7377	8
31.8111	-106.43	4
40.0691	45.0382	3
49.1371	-123.112	2
29.3491	-81.1325	1
-6.11663	106.866	178
41.5895	-85.8603	1
45.1884	5.72689	1
37.6751	-122.485	23
-6.86775	109.028	2
36.2379	-115.072	4
32.9222	-96.955	4
52.2699	-0.891825	3
-22.0587	-48.7344	2
40.376	49.8556	2
38.433	27.1712	5
42.0844	-71.0278	2
47.0179	6.64071	1
29.6028	-90.7183	1
50.4426	-4.95555	1
59.1972	17.6237	1
-2.67453	111.637	2
39.0724	139.311	1
-32.2122	-52.378	1
52.6363	-1.13109	7
41.1621	-8.62191	2
-23.6828	-46.5955	183
53.3017	6.5855	4
-5.92591	105.99	3
45.7389	-73.4603	1
4.78529	6.99408	1
-21.1427	-50.6213	1
46.8415	-71.3703	7
3.35359	101.253	6
26.2086	50.5821	2
45.776	15.9575	1
50.8708	-1.57721	11
36.0018	-78.9011	6
-22.7106	-47.7943	5
53.5927	-0.575417	1
30.5039	-90.4575	1
36.4486	-77.0942	2
35.5889	-119.343	1
6.89258	79.9812	1
-34.1218	18.4889	7
-6.23597	106.988	97
42.8329	-77.0749	1
6.67781	-1.57353	5
33.7011	-84.1006	1
37.5837	-76.7412	1
-22.4209	-43.917	1
48.2218	22.0752	1
-7.29068	108.004	1
21.4599	-71.1475	1
44.8638	-0.586176	11
37.9302	23.7082	2
43.4376	6.77409	1
48.4385	12.9548	1
41.2366	-8.33199	2
-8.10164	-79.0274	1
-7.8123	112.027	6
-5.35965	105.246	8
-22.1609	-54.8613	3
39.4789	140.465	1
5.55409	5.76751	1
49.5251	5.80679	1
49.5207	0.575451	1
50.6118	-2.46198	2
59.9724	10.7215	1
34.9599	-81.9423	1
56.312	44.0017	1
30.6768	-95.5599	2
41.1476	-81.3401	1
41.1868	-75.3593	2
56.8544	35.8997	4
41.6031	-84.4061	1
3.89572	103.077	2
30.025	-95.3226	5
53.3439	-1.36562	1
33.6639	-84.3137	12
49.4271	2.0937	1
39.1388	-78.1273	1
-29.7876	-50.0335	1
35.2508	-81.6682	1
36.7095	136.702	1
-7.79149	110.37	123
-7.30713	110.124	10
0.0	0.0	67
18.4979	73.8187	1
54.104	22.9291	1
42.8462	27.0995	1
38.5297	-82.6799	1
33.6079	-117.922	2
-29.9499	-50.975	1
38.8019	-90.2345	8
47.3276	5.0318	4
56.6282	47.8837	1
38.7207	-93.728	1
-5.79927	-35.2216	13
46.9023	-102.77	1
51.7536	-1.22448	2
11.1519	7.65417	1
47.9424	21.7009	1
-0.789275	113.921	3
39.9597	-82.7945	4
38.0223	-122.105	1
1.5587	109.894	1
42.0698	13.5863	1
1.64526	103.594	3
40.0495	18.0566	1
45.9119	6.14851	1
21.0487	-87.0318	1
6.11899	102.248	6
39.4207	26.8072	570
36.2185	-83.2927	1
39.9266	-105.165	3
32.4057	-86.9979	1
41.0626	-80.673	1
-38.3882	142.539	1
29.6015	-98.2578	1
36.7124	-4.24047	1
3.61872	98.4804	2
49.1648	5.74563	2
18.2621	-66.8485	3
40.8223	-72.9876	3
51.7729	-0.222814	11
-30.1254	-51.3453	1
-31.6993	27.9791	1
37.4387	138.767	1
47.9819	0.195548	2
32.3438	-86.246	4
43.6535	-79.3839	26
51.2095	6.59236	1
28.9199	-82.456	1
38.2235	-122.151	2
43.271	-79.8855	2
3.94649	113.811	1
-7.80004	110.94	1
35.165	136.911	13
54.661	39.7144	1
33.5914	-112.125	4
-33.5406	-70.5735	6
48.4308	3.55807	2
34.9587	137.157	1
-6.8059	110.852	1
52.3665	5.2009	1
21.4054	-157.795	4
53.4959	-2.03884	1
27.6439	-80.5049	1
25.7578	-100.16	2
41.1252	1.26876	1
37.3831	-5.92359	7
-1.31622	102.101	1
51.5291	4.48493	1
40.3639	-80.6311	1
52.0505	7.4717	1
34.1414	-84.0528	1
47.9096	1.90254	2
41.4495	-82.1649	1
31.5297	-84.2977	1
26.7131	-80.2252	3
19.8523	-90.4788	2
55.4359	65.2991	2
-23.5275	-47.169	1
34.8333	-82.3691	1
40.2282	-75.044	1
38.4102	-78.7564	1
40.207	-85.3722	2
25.9652	127.132	1
-29.7338	-51.0571	2
37.0424	-122.026	2
20.7153	-100.441	2
52.5078	13.437	6
-6.26191	107.154	2
34.0209	-118.211	49
39.4012	-6.44088	2
32.8246	-117.109	6
-26.181	28.0374	14
-20.8756	-54.2616	7
-8.6418	116.535	1
49.3715	6.14425	6
64.0638	24.6625	4
-26.6583	28.0129	1
30.2707	-91.9037	1
57.7686	40.942	1
54.7715	32.0386	1
4.88533	114.897	3
37.4875	-77.5585	1
2.73473	101.971	6
36.6704	-121.629	4
44.4318	-95.7853	1
49.6116	19.3258	1
42.2423	-83.4334	1
1.72444	103.897	1
-1.73294	37.4421	1
42.7143	-78.9273	1
28.0111	-82.6124	1
-1.75216	112.635	1
1.32451	103.845	36
48.8968	2.09371	13
-8.22509	114.366	1
36.0692	-83.9075	1
40.4778	-3.70352	18
-39.9416	176.591	1
-26.9777	-49.3829	1
38.0684	-1.05295	1
35.0826	-106.678	1
41.3075	-73.8974	2
53.2097	19.3118	2
40.589	-83.1126	1
43.5608	-79.7117	2
46.2239	7.31807	1
40.4274	-74.3538	2
6.16973	1.24512	1
11.0095	-74.7949	1
34.7807	-98.2957	1
34.7297	135.294	1
31.1689	-100.077	11
-22.0668	-42.9237	3
53.1366	6.73306	4
41.5826	-93.6293	1
37.1186	-76.5102	1
51.2606	4.35816	1
44.8049	11.6395	1
54.7042	20.472	1
40.7402	-73.9911	68
41.1694	-73.6869	1
43.0984	-75.228	1
51.4787	-0.893322	3
4.43242	101.218	2
41.3941	2.1393	5
35.074	-106.524	1
35.9856	139.741	2
-7.68638	110.621	1
8.23333	81.25	1
7.12142	3.3613	1
34.8563	136.53	4
-23.5871	-46.725	17
42.1779	-89.0238	2
32.5376	35.849	1
40.6313	-91.5528	1
-20.1371	-40.2962	3
45.5922	12.7261	1
33.6017	-7.60975	13
34.2585	-6.58228	3
48.6475	44.3981	4
-26.066	30.071	1
3.40747	101.574	3
4.21153	100.663	1
42.7029	-71.1842	4
-7.5523	110.821	18
33.6245	-80.9266	7
40.0808	-74.9352	3
54.8716	-1.45727	1
45.4657	-118.388	1
-22.5245	-44.0809	4
10.4827	-66.861	3
36.8866	-76.3835	1
34.0155	-118.069	4
42.0584	-1.68154	1
19.5421	-96.8861	1
-33.2374	-70.7686	2
2.06667	45.3667	1
-21.6181	-48.4446	1
43.9854	-80.7254	1
49.2644	-84.7477	1
-2.4522	133.143	1
48.5895	2.24626	9
-7.63351	108.621	2
35.9723	-86.5716	1
21.3848	-157.937	1
55.6061	37.7197	8
45.241	-75.5974	1
32.7481	-111.656	1
-22.5295	-41.9647	1
45.9423	4.69819	4
-23.0756	-47.3702	2
4.55	-75.6594	1
33.4256	-84.3786	1
-5.13361	119.482	51
43.3984	-94.8159	1
-23.3921	-46.4538	9
25.1917	55.2757	2
20.941	-89.6236	5
-24.1125	-49.3286	1
55.3503	86.1096	1
-8.59663	116.109	4
34.7905	-79.2287	2
40.3653	-82.6694	3
-6.9449	108.488	3
-12.1232	-38.4065	1
44.8386	-87.3858	1
14.8802	120.805	1
40.9099	29.1546	5
31.5427	-89.4862	1
-21.4822	-43.5053	1
51.6663	-0.0843082	4
30.0072	-91.7948	1
-2.96216	104.755	27
36.5813	-6.2669	1
-33.9657	22.4798	1
-24.5609	25.9881	1
36.6574	128.454	3
20.0969	-98.7093	1
27.7137	-109.842	1
37.5068	-79.7414	1
-2.52336	121.358	1
48.5761	7.7569	6
-23.2865	-52.0668	1
45.0014	-93.4743	2
-6.81728	107.139	4
-0.156639	100.702	2
45.4613	9.15934	5
2.9654	99.0977	1
44.0271	142.415	3
-30.2041	-50.8677	1
53.4424	-2.23348	12
49.1709	3.4774	1
53.566	-2.69766	2
-5.11952	105.301	2
36.6031	137.852	1
55.7786	49.1474	4
30.2829	-98.056	1
34.7698	-80.2264	1
34.1343	35.7947	5
51.1218	3.22606	1
41.1055	29.0213	7
14.6525	121.036	15
37.7242	-89.2121	8
49.4847	8.47672	2
34.4507	135.573	1
37.2968	-121.817	8
37.6529	-120.991	3
48.6839	6.11844	1
33.2376	-97.1451	1
1.07225	104.024	3
6.18709	116.222	1
44.1454	-120.583	1
34.9549	135.202	1
-0.891027	119.879	2
43.101	131.926	1
33.736	-117.801	4
4.76855	100.854	2
2.82155	101.446	1
51.3415	12.3867	1
40.2958	-74.1634	1
-21.2387	-47.978	2
-1.74911	102.839	102
52.495	-1.88127	7
51.3241	-1.92567	1
37.1804	-3.59799	3
31.3204	121.471	1
39.283	-77.2327	7
47.2371	38.8775	1
3.23187	101.386	10
4.6079	101.065	7
58.0189	55.9879	3
62.0191	129.708	2
-22.916	-43.4473	42
3.07292	101.519	81
10.464	-68.2921	1
52.3402	5.63951	3
49.1994	-122.913	779
59.3337	17.98	3
33.9327	-83.3625	2
48.4021	2.77292	1
38.9943	-94.5601	3
49.4252	7.74889	1
42.5654	20.9269	2
-7.17612	112.652	82
39.9068	-74.9966	2
25.81	-80.1401	3
2.73983	101.72	3
42.3433	-7.90485	1
-20.0059	23.415	1
37.7587	-122.235	10
27.9944	-82.4681	5
43.9889	143.326	1
40.4147	-105.062	1
47.7723	-122.346	3
39.333	-76.7279	15
-8.79656	115.218	26
41.5647	-72.1447	1
4.64713	101.203	4
42.3216	14.0902	2
57.6508	39.8704	1
26.6042	-81.6623	2
35.4825	-97.4792	3
38.8951	-76.9001	21
42.673	-82.9165	1
29.8239	-95.4621	18
51.2166	-0.804348	1
53.1462	-7.00905	1
52.209	5.96301	1
34.0242	-86.0243	1
40.7333	-73.5049	4
-21.8259	-43.1253	1
17.6225	121.711	3
35.6051	-77.3773	1
38.5636	-76.0628	1
39.8685	-86.1117	8
51.4736	5.6531	5
34.1243	-117.558	3
55.712	12.472	1
52.2885	6.84273	1
47.6432	-117.522	2
26.1959	-98.2593	2
47.2336	-82.0781	2
45.697	9.40975	1
36.3606	36.219	1
25.6503	-100.366	15
20.6767	-103.337	8
48.8128	1.94829	6
38.2663	-104.591	1
-9.53333	-35.6873	5
36.7967	-4.68937	1
52.1834	4.50068	6
44.9709	-93.2615	18
6.17346	100.371	1
39.7595	-105.015	4
36.9595	-86.4658	2
47.5193	42.1912	1
34.2248	-80.9672	1
2.04674	102.582	2
-15.385	35.3329	1
22.2925	-97.841	2
-23.513	-51.0998	1
-7.67548	109.669	1
40.6252	-75.366	2
38.9655	-95.2402	3
-7.07575	107.578	3
38.5697	-75.1046	1
34.6635	135.601	5
34.9667	-78.7415	2
56.1308	47.2532	2
36.7653	-108.703	1
33.0826	-83.2252	2
2.54452	102.798	1
3.82318	103.28	10
-3.98372	102.426	2
42.9035	0.359224	1
32.5441	-96.8356	10
29.896	-95.6018	4
45.5926	9.27591	2
-15.4162	28.2978	2
37.6244	126.92	1
29.1738	-82.1567	1
37.8476	-4.67425	1
16.3918	120.59	1
52.3461	5.4624	2
33.5168	-7.77951	1
41.1322	14.7701	1
39.4604	-77.994	5
10.7331	122.547	1
5.62894	-0.0898306	1
53.6358	-3.02445	1
31.877	-95.8197	2
-14.2393	-53.1848	11
-25.7526	28.1841	23
-7.01057	110.404	31
-29.7267	30.8905	2
40.5691	-111.994	1
1.50756	103.776	18
44.0058	-75.9829	1
55.1559	61.3679	7
40.9667	27.4966	1
-22.7241	-47.2901	5
34.5133	132.609	1
31.11	-83.4233	2
-1.71186	113.698	1
23.6254	-102.558	1
1.87237	103.119	3
48.6579	2.40278	14
13.2921	123.79	1
58.5905	49.6388	2
46.0232	-1.38466	1
10.8001	-68.3317	2
44.805	-91.4403	1
-11.4344	34.0385	1
40.6076	-4.12641	1
41.5504	2.44357	1
32.9707	-95.0986	1
-10.2392	-48.8529	2
-4.14567	120.04	1
52.8471	-2.29813	4
52.0716	5.74901	2
39.1348	-77.1667	3
38.4419	-121.826	1
52.1331	1.42032	3
33.7009	-116.218	1
44.0198	144.254	1
18.6039	73.9336	2
32.8087	-116.922	2
-2.42837	106.432	2
40.77	-82.5003	1
-26.8904	27.4662	2
38.7618	-76.7887	2
-15.8192	-42.0931	2
36.2814	139.256	1
32.3111	-90.1888	5
35.9534	-78.0921	1
-7.1759	113.233	1
-7.14941	-34.882	7
22.3111	-100.956	1
35.1006	-80.9611	4
36.4633	-94.2373	1
-7.04882	107.129	8
-25.6919	30.0355	1
33.4492	-90.6595	1
41.9933	-87.6593	10
55.66	37.2299	1
43.7773	7.50384	1
34.1006	-118.332	17
45.0537	39.0332	2
34.8786	-81.0591	1
-28.0635	-49.577	1
28.4976	-81.3308	2
39.7399	-77.0826	1
41.0843	-81.513	3
41.6566	-83.5743	2
44.2151	20.9238	5
54.9975	73.2735	2
-8.9356	-36.4725	3
-6.74538	-38.2186	1
41.8056	-72.2508	4
29.995	-95.7489	1
28.3422	-81.3648	3
-16.122	-40.7097	1
33.9498	-117.399	5
36.0708	-115.956	1
28.6645	-81.3956	3
-20.2804	-40.2928	8
-26.5891	27.8378	1
13.1382	123.737	1
42.1765	-88.3179	2
44.105	-79.4658	2
37.8343	-121.276	1
41.0023	-74.2849	2
10.9531	-68.3572	1
41.008	28.6994	1
52.1631	5.26264	2
40.622	-79.1562	1
59.6493	16.6002	1
34.7519	-92.1312	1
-32.6323	20.9907	1
38.0908	140.677	1
45.0707	9.63171	1
49.3295	2.47011	1
43.4579	1.38	1
46.1765	-75.9586	1
-36.7374	-71.0353	45
38.1844	15.5585	1
30.0535	-81.5196	2
40.7383	31.5892	1
40.0025	-75.118	50
5.75195	115.944	1
-34.9213	138.604	1
50.5289	2.8929	2
45.0501	41.9921	1
35.4476	-80.8521	1
50.8774	5.96095	6
19.1106	72.8728	3
38.429	-121.386	1
-30.0997	-51.1593	7
40.2138	28.9741	2
52.0286	5.38838	1
-5.40065	-47.5474	2
40.1431	49.4523	1
39.8113	-84.2022	1
25.5821	-103.404	1
41.7276	-76.86	1
-9.60929	-35.9573	2
48.2963	38.0286	1
31.2077	29.9628	4
42.9586	-85.0719	1
43.6262	4.31024	2
52.0731	4.32961	7
-21.708	-43.4227	3
25.5914	-80.3855	2
-7.71704	110.008	2
-33.9076	25.5553	2
-33.914	18.3919	2
37.0739	14.7326	2
43.4715	11.5724	2
45.6552	11.9226	1
40.3458	-79.8283	2
36.7819	-90.4287	1
2.03576	98.9632	1
-6.43778	105.939	1
53.8438	-1.85079	1
42.8982	-92.806	1
26.1477	-80.2965	5
30.165	-95.5103	3
41.75	12.3689	1
48.8855	2.25816	39
4.0797	9.67764	4
60.3591	5.42346	1
38.1909	140.885	1
-6.47902	108.157	1
30.8457	-83.2832	3
30.0813	-94.1291	1
38.6484	-8.51835	1
42.6667	-83.1526	3
55.8491	-4.57022	1
53.2135	10.3758	3
50.3212	7.21051	1
-2.88587	103.845	1
-23.086	-45.5067	1
28.0807	-81.5033	4
42.6855	-2.95096	1
36.2101	-81.6722	1
-29.7528	-53.8242	2
40.7527	14.6349	1
30.0608	140.596	1
32.2944	-85.0963	1
34.5532	-88.6343	1
1.43975	103.412	1
36.699	-6.12612	1
56.4678	-2.87266	2
56.0953	12.6633	1
-7.30453	112.789	90
-20.0211	-46.3742	1
-0.587732	111.388	11
49.8988	2.28468	1
51.6546	-4.08838	1
42.2452	-71.7521	2
52.6423	-0.625064	1
38.9103	1.42366	1
37.2344	-80.4343	1
51.416	0.568141	1
14.6146	-61.0766	3
39.4795	-88.1758	1
8.76751	-75.8659	1
-26.2617	-48.9665	2
42.9652	-78.7867	6
20.0364	-99.5617	1
-8.0436	-34.9394	25
-28.4795	24.6701	5
34.5627	135.797	1
47.4959	1.36124	1
30.0342	-90.5938	2
48.1639	6.48661	1
52.0732	5.53384	1
-20.5187	-48.6196	1
6.44661	100.283	6
36.0392	-115.029	6
9.01596	-79.4967	2
-6.57576	106.751	18
41.4923	-72.5282	1
33.57	-86.7172	1
47.0408	-122.893	3
-1.16096	116.877	7
31.748	-93.1036	3
28.2478	-17.14	2
-6.24909	106.794	255
45.3987	11.8908	2
34.0113	-5.0103	4
38.9815	-77.1186	40
1.63072	110.193	1
39.1497	-94.5508	1
42.5246	1.64148	1
36.8134	-76.102	4
34.5056	-90.1939	1
-29.112	26.2144	3
38.6584	29.3952	1
-11.772	-55.4066	5
49.4766	1.71695	1
53.1638	-2.73732	1
36.3557	-119.07	1
-8.1851	-36.0151	2
33.6806	-117.636	2
33.4875	-80.8655	2
-22.9195	-43.0731	9
1.00185	116.394	6
49.3103	7.33341	1
36.6096	-119.436	1
40.1095	-88.2464	2
43.8716	-79.0556	2
55.4302	37.562	2
-22.5872	17.0641	4
19.2859	-99.224	12
51.6793	39.236	2
35.8475	-90.674	1
50.6753	3.15502	16
14.5913	121.179	7
-8.63314	115.245	20
-17.8019	31.0121	1
30.9373	-91.4009	1
36.5086	-119.55	1
30.202	-85.6551	3
26.5254	-80.0659	1
28.3134	-82.3704	1
35.8702	-80.1574	1
50.7173	-3.51067	2
25.2776	51.5113	2
9.92024	-84.0715	1
47.2611	39.628	2
33.7678	-84.4181	64
30.4469	-97.6619	1
36.5861	-79.4462	1
31.0366	31.365	1
47.7941	3.66098	2
33.0931	-96.9011	2
12.1292	-86.2322	1
34.6838	-82.8164	3
49.2535	4.05493	2
-25.0606	-53.398	1
4.93253	-52.3258	3
42.0382	-74.1195	1
29.2965	-94.7936	1
30.4679	-91.0596	2
31.3185	-89.3544	1
-22.2336	-47.0166	1
8.93366	-79.6854	1
-5.77537	-37.5882	1
41.8786	-87.876	23
45.4554	-74.6982	1
27.29	-80.3374	1
32.7345	-97.1127	4
3.14845	101.705	176
46.4419	-93.3613	1
17.1408	-61.85	1
-22.803	-47.4357	2
-25.9139	28.1541	9
40.7522	-73.3563	6
-16.0062	-48.0664	1
54.2055	21.786	1
-15.7763	-47.7966	33
-23.5211	-46.5204	6
-25.5941	27.9969	1
33.0787	-80.2026	2
1.60844	109.675	1
40.3002	-74.7132	3
-24.018	-46.5015	4
40.6086	27.1033	1
-19.0577	-56.6532	1
41.5557	-73.039	1
42.3077	-88.9644	2
33.3098	-111.675	1
33.2532	-8.51767	6
-18.6364	-46.4172	1
51.5265	45.9785	10
46.9188	-98.0046	1
-34.9917	-71.2356	1
36.0011	-77.8126	4
46.1419	6.06158	13
42.3046	-71.2838	2
46.2267	2.20912	1
35.247	135.868	1
48.0057	37.8008	1
39.157	-84.4656	9
41.6186	-87.5567	5
41.8005	-88.1675	687
27.6986	-83.8046	4
0.247298	-51.0637	6
42.0716	-88.0454	5
33.7281	-90.5471	1
35.8587	-86.3455	5
44.4077	-1.15331	1
40.8977	-72.5159	2
34.0314	-117.086	1
41.8984	12.5451	6
14.9748	120.168	1
35.5383	137.48	1
42.986	-89.5341	1
-37.0683	174.95	2
53.2838	18.9067	1
4.17572	73.5118	1
-30.1823	30.7552	1
40.6711	-74.622	1
41.2714	-8.09671	1
36.6894	-79.8484	1
38.3909	21.82	1
39.9518	-82.2024	1
49.1846	-0.372109	3
55.0049	-1.62368	5
57.5931	25.4597	1
38.8753	-104.757	7
-6.4062	107.457	2
59.425	24.7382	2
10.4422	7.49098	2
33.2869	-87.452	5
52.2328	21.0607	4
47.0148	142.67	2
51.6306	0.333095	1
50.9514	0.594717	1
-6.9218	110.209	6
50.7035	7.11659	1
38.9666	-92.268	1
53.4309	-2.96087	18
42.4282	-8.62728	1
48.6189	2.97564	2
-6.32076	108.327	1
32.2844	-106.746	1
22.3669	114.173	1
52.0842	5.08277	6
33.3085	44.3738	1
46.6092	11.5896	1
41.7625	-72.757	2
52.0543	1.15605	1
2.36369	102.056	2
46.2558	9.41994	2
33.5379	-84.4921	2
43.2851	-73.6847	1
30.9299	29.3312	1
-23.442	-46.2661	3
33.4312	-82.0648	39
40.6076	-74.2502	4
54.777	49.9181	1
55.7615	52.0397	1
61.2734	73.4332	1
41.4852	-82.6881	2
34.819	135.65	1
-4.05417	121.589	1
48.8282	3.02942	2
10.6524	122.956	1
56.0229	92.8965	2
43.6104	3.87434	9
39.7681	-75.8815	1
-39.5528	-72.9503	1
49.3294	8.43412	4
53.5231	-113.625	2
52.0409	21.398	1
49.3005	2.65402	1
30.0836	-95.9871	3
44.8078	10.3338	1
44.4876	-69.838	1
-21.2921	-50.331	1
38.9202	-80.1817	1
52.3871	13.1165	1920
19.8921	-100.439	1
55.574	42.0438	1
56.8155	60.6136	7
-2.54526	118.03	2
59.9394	30.0922	4
33.952	-83.9983	2
35.041	-79.0626	1
35.037	-85.2958	2
1.84467	102.978	2
-7.98586	110.244	1
55.5891	12.92	1
-9.99977	-68.2655	1
50.652	-4.03372	1
36.6503	-108.22	2
42.1934	-7.80845	1
37.5331	-122.338	1
56.3084	38.1219	1
36.2641	-115.606	1
43.0306	44.6795	1
38.3835	-0.44213	1
-20.785	-49.3592	2
51.6723	-3.19907	1
45.0774	-1.15822	1
-6.24007	-36.4424	1
-20.7748	-51.7039	1
38.2771	27.1614	1
30.0453	-94.9281	1
43.4582	39.9027	1
55.0811	21.8826	1
-34.9005	-56.1724	1
53.4346	23.4208	1
1.42922	110.333	11
19.5676	-99.0445	6
59.0838	17.5272	1
56.537	21.0366	1
44.9998	4.99375	1
28.1328	-82.6906	1
34.1362	-118.663	1
36.0349	-80.1999	7
6.06873	125.11	1
41.6086	-71.3088	1
59.2766	15.2101	2
39.6231	-77.6981	5
-2.57242	-59.9803	26
35.0252	-90.7964	1
14.5384	-90.6053	3
46.2623	-0.428966	1
56.9715	24.1287	2
50.9033	-1.37749	2
36.0681	138.078	1
53.1832	-1.37867	1
43.5823	1.4487	6
47.3775	8.53676	2
5.57196	95.3442	1
38.8048	-77.237	11
52.5574	-0.255015	2
42.8506	-2.69861	1
37.7233	-97.3082	1
10.3861	-75.4726	1
-6.67874	111.457	1
-23.1582	30.0598	1
32.3032	34.8641	1
30.0167	-95.5084	1
33.8289	-84.1811	2
38.522	-90.0148	4
-10.9381	-37.0571	4
47.7716	12.7797	1
39.9253	-76.6929	2
45.3231	9.36708	2
29.3229	48.0292	1
19.0594	-98.2967	2
36.7863	34.5864	1
39.8225	-84.9068	1
52.3995	16.9063	1
43.0946	-0.052434	1
52.4567	5.93873	1
-7.46189	110.222	3
38.1825	-81.3073	1
36.1276	-111.251	2
38.0313	-84.5052	5
43.4124	5.00899	1
44.1387	12.0598	1
52.1976	0.126573	5
-17.9317	145.933	1
0.631816	101.416	4
-13.2764	-41.3872	1
33.8623	-118.243	16
34.0071	-118.761	3
37.7946	-89.9423	1
39.2485	-84.5944	2
48.1624	17.1817	1
35.1433	138.706	1
51.967	4.57105	4
51.4228	5.39334	1
29.6428	-82.2738	2
51.998	-0.423065	5
-6.96009	111.896	3
36.701	67.2251	1
30.033	-89.8826	11
-33.6593	-70.9175	2
-21.9643	-51.3537	1
39.7068	141.16	1
12.9901	77.7241	1
40.1233	-75.3409	3
35.4478	133.36	2
29.9049	-97.9039	1
40.3089	-3.47526	1
47.2148	5.97714	1
35.3353	137.121	2
34.2775	-119.231	1
37.6716	-122.083	1
10.4654	-66.5892	3
50.4074	36.9101	1
47.4481	40.0944	1
38.5662	-92.1614	1
41.0525	0.906135	1
50.7242	-3.78381	1
-0.308273	100.371	1
42.2748	-85.6093	6
43.4584	11.8795	1
32.7995	-97.2914	3
38.3436	-81.7242	1
37.971	-76.5751	2
12.4636	-61.4807	1
48.2632	2.71856	1
-23.9797	-46.3018	3
41.0016	28.5323	2
4.4242	114.012	1
39.9799	-0.0501074	1
52.4773	10.5532	1
-17.3235	-53.2158	1
7.26884	80.6005	1
38.8355	-9.36057	1
41.2927	12.5735	3
48.7165	1.36911	1
38.7436	-9.15999	12
26.4677	127.893	1
30.3157	-81.3852	1
33.77	-84.6337	2
-22.2387	-49.1125	1
-6.93185	106.938	4
50.4858	3.57702	1
39.4633	-0.360804	1
41.6627	-91.5345	2
37.9928	-122.326	1
12.5811	-8.00942	1
38.0931	-122.553	3
38.0034	-79.4209	1
-42.9051	147.32	1
51.0579	0.999159	2
-3.73708	-38.4907	15
-22.8412	-43.3129	2
54.006	-0.461663	1
55.0811	36.6037	1
11.0056	-63.8345	1
21.44	-158.187	2
39.857	-88.9181	1
48.2139	4.12231	3
43.8332	4.34263	1
19.0322	-98.1543	5
-20.7271	-40.5283	1
40.3303	-7.33152	1
61.7464	50.8191	2
43.7111	10.4442	1
5.65168	-0.254205	12
31.8729	131.442	2
-20.7242	-41.4942	1
-36.792	-73.0837	5
37.2363	-77.4208	3
45.4434	8.61637	1
16.1236	-61.6025	1
44.8294	-93.5989	1
25.0347	121.516	2
51.4254	0.0286879	12
43.0744	-83.8262	1
51.2946	-0.21485	3
32.5711	-89.8764	3
51.2162	-2.61552	2
28.1031	-15.46	5
42.2962	-88.0034	2
35.348	139.94	1
36.0632	138.574	1
33.7998	-79.014	4
35.3549	139.321	3
57.1558	-2.20275	3
33.5303	-115.964	2
45.3604	-93.3522	1
35.7372	-77.9376	2
-20.7352	-48.5892	1
31.3033	-92.4682	1
-33.8906	18.6333	7
34.933	-88.4431	1
34.2201	-118.433	14
-7.97656	112.628	128
49.1072	6.16635	3
-2.62921	-44.3026	7
48.5238	2.69875	3
46.5847	0.371571	2
43.4802	13.2037	1
41.5956	-87.3463	2
20.6523	-87.0708	1
27.8845	-97.3244	1
20.6554	-156.418	1
43.2943	5.40513	9
-26.3749	25.4619	2
32.2324	-110.948	1
54.687	-5.93071	3
35.4062	127.375	4
40.7059	-73.7794	25
35.2035	-80.836	17
61.7359	34.4038	1
55.8946	37.269	3
-6.23399	107.361	29
30.3952	-91.1831	6
43.3987	-0.572838	1
43.0579	-87.9671	26
47.0907	1.73477	2
35.0096	135.772	15
-7.32432	108.364	3
17.9663	-76.8845	3
39.0607	-75.6	1
51.2883	1.07771	4
51.4988	-3.23772	1
44.8475	9.63636	1
36.1523	-95.9091	2
39.6668	-86.1404	1
5.37875	100.553	3
37.0898	-86.3577	1
10.3534	123.914	3
33.8107	35.8305	4
-19.604	-43.2996	1
46.8922	1.40655	1
36.6422	-87.4569	1
51.7559	36.2038	2
35.7336	139.885	10
42.9779	-85.6265	2
51.3364	0.808984	1
-22.8952	-47.0303	7
-3.32095	104.082	1
2.81658	-60.6768	1
-7.27359	110.458	6
43.7578	-0.86741	1
41.4452	-96.4981	1
54.8919	-7.01993	1
-27.6534	-51.0923	10
33.388	-84.569	1
42.119	15.5017	1
-7.77188	113.215	1
56.6696	23.758	2
36.1007	-79.839	11
6.20881	-75.5665	2
36.786	31.453	3
47.613	-122.342	20
45.5007	-73.6311	6
41.8331	-86.2449	1
-23.7108	-46.4227	6
33.1123	-96.1089	1
36.8048	-6.29987	1
58.4434	-3.09182	1
47.7686	1.69157	1
42.9904	-7.57063	1
18.7209	73.765	1
34.8906	-84.9863	1
40.6296	22.9418	2
29.7936	-90.8234	2
19.4742	-99.3104	10
-6.29538	106.654	66
6.5034	7.56775	1
37.9011	-122.648	1
21.2978	-98.3734	1
-6.17815	106.431	2
6.01225	116.396	5
35.1705	-79.861	8
32.7989	130.707	1
40.4962	-3.36562	2
2.04811	103.382	23
38.5384	-89.8741	1
37.4257	-122.18	1
29.3303	-98.6086	1
33.8611	35.4881	1
29.6715	-95.0866	2
53.5846	-2.48296	2
54.2815	-5.95886	2
37.5239	126.782	1
51.8436	4.11914	1
51.1272	16.9913	1
47.1066	-122.551	4
38.1934	-85.7956	5
42.2869	-87.8569	2
39.0489	-76.5163	1
50.1257	8.67475	3
34.2731	-88.511	1
59.3942	18.6174	1
48.7044	2.08172	13
10.3529	-67.0389	1
40.6976	-112.062	4
36.7989	-94.882	1
53.2321	-0.544599	1
-2.87612	-40.496	1
29.333	-98.4391	2
37.9526	-121.919	3
54.7353	55.9081	1
35.0658	-78.8987	15
-7.69184	108.995	1
40.4444	-99.8845	1
28.4942	-81.4733	2
35.6704	-119.694	1
-34.0831	18.8196	1
0.363205	32.7399	3
33.3777	-112.073	2
24.4273	54.6467	2
35.0969	-92.8562	1
-6.81408	107.284	2
35.5796	139.572	17
54.5178	-5.89319	1
48.383	31.1814	42
35.4985	139.447	3
-5.21541	-42.8028	4
55.0015	82.9557	3
51.8535	-0.378381	1
9.65032	-68.5937	1
1.47326	124.871	10
5.21264	100.519	3
-19.9422	-44.1928	1
53.029	-1.45874	1
8.48144	4.56022	1
18.4101	-65.9993	2
41.4793	-81.8417	3
50.8604	-1.1808	2
16.2586	-92.301	14
-1.64974	103.621	7
35.3534	139.531	3
32.335	-95.2833	5
-19.0045	-48.3585	17
34.4116	132.425	1
32.8247	-79.9705	7
-1.46455	125.22	1
44.117	9.88256	2
13.8028	100.554	4
41.6993	-87.6818	11
19.6903	-101.175	3
59.9342	30.3287	34
34.4009	-118.078	2
-34.0591	150.715	1
-6.35789	106.495	5
4.50369	101.408	1
48.9695	2.40341	6
-23.6478	-70.4	1
-20.9385	-49.0182	1
40.7417	-74.192	22
46.9853	3.15922	5
47.2382	-1.56074	2
19.1003	-103.657	2
-24.6509	25.7011	1
-6.58588	108.433	1
38.9422	-77.3653	1
34.237	-88.3398	1
34.4415	-84.9199	1
34.7238	135.791	1
-10.8128	-55.4541	1
41.4683	-74.4175	4
-30.7969	27.9638	1
37.018	35.2868	2
52.4914	4.81537	1
-13.9283	33.8019	1
5.70246	100.445	4
52.3962	4.93225	8
35.9902	129.476	2
40.8867	-73.8923	27
40.4414	-86.2719	1
53.7172	27.9867	20
55.8306	48.8453	1
52.2543	5.77493	1
9.14746	7.34417	1
40.0471	-80.1827	1
54.5245	-1.56792	1
48.1642	2.26078	1
50.4666	4.8585	1
45.6164	5.15501	1
47.4824	19.1295	7
42.0662	-83.2475	3
5.64529	118.124	1
44.8526	10.7598	2
50.8438	-0.151912	1
41.4371	-87.6863	3
-26.5417	29.0766	1
-6.27078	-36.0113	1
33.261	-7.58724	1
36.8634	-121.407	1
41.326	16.066	1
21.4878	39.2192	1
7.07261	125.527	7
43.1534	-8.48066	1
51.737	0.490645	1
39.0362	-76.9264	27
39.0017	-76.7502	1
-10.2231	-36.8433	1
39.9113	-75.3348	11
36.2358	-119.345	2
52.7026	4.81103	3
28.5337	-81.1825	1
20.4779	-97.0123	1
3.27541	101.64	4
40.1683	31.9204	1
30.5804	-92.0895	1
52.7207	6.20378	1
33.4858	-117.725	2
39.9158	32.808	6
35.4142	139.666	3
51.2362	0.587282	1
38.6531	-90.2435	6
43.5578	-73.2848	1
38.9637	35.2433	107
-22.9548	30.5527	1
43.5422	5.45523	6
33.014	-96.6605	2
-33.9402	151.245	4
-2.19385	-79.8764	3
-5.18745	-37.3473	3
31.7683	35.2137	1
49.1943	-2.11226	2
33.6347	-117.345	1
26.3731	-80.1174	6
40.9028	-74.0961	9
35.1236	135.667	2
39.9641	-85.9929	3
13.7049	-89.245	5
50.9335	3.97566	1
33.5219	-84.2334	1
37.0195	-76.3244	2
-0.363503	103.102	4
16.7419	-93.1397	1
27.3126	-82.4745	1
49.9517	-97.1919	2
30.3352	-97.8666	2
43.0422	-76.13	3
-21.7554	-48.172	3
9.8499	-83.9169	1
56.1247	-4.08375	1
33.8382	-117.189	3
39.7568	-75.172	2
33.4561	-81.8557	5
28.4858	-16.3139	2
-6.86278	107.922	4
-22.7537	-42.8823	1
36.5632	-82.6505	1
41.7581	2.06928	1
35.6441	-5.3011	1
43.3641	-88.3283	1
33.9092	-84.3783	2
35.0928	136.703	1
8.57501	-71.1776	1
47.7525	7.32554	2
4.35539	100.958	2
50.8378	-0.704466	1
32.6779	-114.591	2
51.3534	-0.393412	2
18.8119	98.9885	1
37.6679	-77.4651	3
36.1976	-86.6265	1
5.32964	103.141	7
7.83577	-72.2061	1
38.7931	-89.9912	1
-20.595	-47.3472	1
10.1507	-64.6951	1
-6.73156	-35.2935	1
49.0002	1.68045	5
-0.173024	-78.4816	3
29.481	-98.4934	12
-7.76343	112.194	2
17.9469	-94.275	1
6.62928	3.4847	5
2.44056	-76.6188	2
-25.3494	-57.549	3
52.6082	39.5817	3
7.06654	-73.0965	1
-31.2525	-52.1256	1
39.3748	-77.4184	1
49.4323	1.01713	2
40.3199	-3.89323	3
55.8554	-4.23242	7
31.7188	-8.09695	3
40.3311	-75.9682	1
57.6485	-7.39845	1
-6.89015	108.715	1
35.5323	-82.9341	1
42.7098	-87.8072	4
51.9317	4.37524	6
50.7468	-1.90565	3
53.7603	-0.348151	1
35.6211	-88.8193	1
13.16	-61.2246	1
-23.1117	-47.1947	2
34.8297	-86.5107	6
33.4595	-88.831	3
39.3279	-76.5636	12
33.5344	-112.29	1
40.315	-76.7984	1
6.42618	3.42838	4
45.5432	-122.655	5
53.1151	6.02796	4
38.6628	-77.3897	5
52.8118	-0.016804	1
-27.3402	24.7268	6
53.1122	-6.06153	1
-5.15527	-44.1652	4
33.3795	-111.895	3
41.6269	2.27007	2
35.911	139.957	1
31.3153	-94.7507	1
-36.8503	174.76	4
51.4345	0.246854	1
31.8535	-102.386	1
48.4852	-122.617	1
-3.1107	-41.4845	6
58.0225	56.1443	4
-26.1512	27.8032	1
25.7558	-80.2957	14
42.0206	21.4544	1
11.1697	-74.2328	1
15.1472	120.589	1
41.5694	-8.31102	1
37.2914	-79.9278	3
39.571	-76.993	1
21.6145	39.1306	5
45.5356	-73.7855	1
35.7141	-6.91635	1
28.0331	-81.908	2
49.0315	10.9151	1
51.6931	-4.75739	1
55.8818	37.7246	2
38.6054	-76.9259	6
52.4514	4.62013	1
33.548	-83.8839	3
35.9239	-84.1552	2
31.7596	-106.282	4
39.6531	-104.81	4
47.369	-122.084	3
-6.84781	106.761	3
-3.97198	122.522	1
29.2136	-81.0255	4
50.8331	4.35788	6
35.7666	139.354	4
14.2106	121.025	6
38.3381	-79.1577	1
-32.9618	-71.5086	1
40.5793	-73.9691	3
34.1744	-79.7849	6
-23.0614	-45.9175	3
-7.69638	110.782	1
37.5295	-122.009	6
42.3625	21.1455	2
44.1252	4.09055	1
47.5976	-122.151	2
55.7141	37.3694	1
41.6334	-72.873	1
61.3081	0.3143	1
-22.3872	-43.1873	1
2.20133	102.248	4
57.0085	40.9942	1
39.7393	-89.2665	11
30.2234	-92.06	2
5.20479	96.656	3
38.0881	-3.63952	1
-23.9162	29.477	1
-29.7327	30.7415	2
32.1515	-90.1271	1
56.7161	36.7814	1
6.32752	99.8385	1
47.3942	0.695126	3
39.207	-76.8764	3
42.2911	-84.4241	2
46.5532	7.9064	1
51.1252	-114.185	3
-5.88184	105.578	1
41.4738	-74.0284	1
29.5766	-95.5761	3
38.4981	-98.3201	1
-6.1659	106.583	8
42.1584	-79.9604	1
-3.00864	120.209	1
46.2744	-96.6078	1
41.3203	69.2992	1
49.0427	-122.343	1
18.5294	-72.3425	2
41.2226	-73.0563	1
50.967	5.48989	1
32.0636	130.61	1
54.9182	-1.75836	1
19.4115	-99.1552	28
-3.12615	-60.0421	7
51.6893	5.16667	3
44.2005	43.1291	1
-28.4342	32.1836	2
40.628	-8.63966	1
39.9149	-83.8257	1
52.2561	18.2626	2
-23.47	-47.4366	1
53.8811	27.4453	2
5.06	-75.4888	1
35.7593	-5.86816	2
-26.0197	27.9575	3
34.0003	-84.2258	2
15.4854	120.591	1
42.6563	21.1734	5
10.5647	-71.6277	4
43.1471	5.74888	1
56.7391	37.1577	1
32.5204	-87.8355	1
33.0218	-117.102	1
-29.733	31.0352	2
19.6563	-99.2336	3
44.8076	20.4789	2
38.7241	-121.382	4
-6.70212	108.543	7
-33.7964	151.185	2
42.5887	-83.3754	8
