Latitude 	 Longitude 	 Weight
-12.1967	-45.9236	1
35.8069	139.569	11
41.6814	-72.941	5
-19.9187	-43.9598	678
28.9761	-95.9578	8
25.5399	-103.389	1
51.6303	-0.752124	5
18.5256	73.8429	4
30.4527	-97.599	6
38.1377	13.3472	39
30.0452	-94.8042	1
19.3184	-98.2454	6
-22.8437	-47.2618	46
33.2145	-97.1438	3
51.7015	-3.05165	2
37.6799	-97.4703	8
40.6615	-74.1955	42
41.3456	-84.3615	2
34.2666	-5.92025	19
39.1787	-74.724	2
37.2376	-6.9188	4
41.3133	69.3283	1
-21.9381	-50.5199	4
40.1564	0.0452409	3
51.4149	21.154	1
40.5296	-86.869	1
39.2091	-0.430216	24
16.959	-99.7356	5
-19.9329	-41.4612	11
40.9932	15.6597	1
53.2109	5.67335	4
45.375	134.708	1
38.0941	27.7296	2
-22.3708	-46.9378	3
53.0728	-1.28276	2
39.7574	-75.5432	8
-19.5499	-56.0323	3
16.9225	-89.8927	3
41.2425	-82.6043	1
55.8	37.8002	18
5.40243	100.695	3
46.438	-97.6833	1
51.838	5.98721	12
-6.92977	108.856	2
55.7002	37.5611	532
52.31	11.9616	1
36.3998	-78.1593	2
40.8481	-8.46797	2
-32.9275	-71.5214	2
-6.21603	106.964	524
-29.8079	30.9681	10
51.521	4.56272	1
30.4551	-88.4656	1
51.5242	5.97285	3
48.4008	11.7432	1
50.795	-2.61142	5
1.91863	102.936	17
32.4519	-85.7151	1
-39.5374	-72.9607	1
50.1212	8.63661	7
-27.7299	27.2351	1
6.49443	124.842	2
31.0671	-93.2506	1
41.6163	-91.9127	1
41.7185	-88.0033	8
37.799	-7.19326	1
29.109	-110.999	2
-8.18	112.68	4
46.4513	30.7621	7
28.0466	-82.4284	6
38.8584	-8.98005	6
36.8306	-76.3006	6
10.3205	9.84168	1
54.174	60.2421	3
43.6814	-79.7831	7
58.2103	-6.32186	1
-7.27048	-38.9555	1
-26.4195	-51.8397	6
44.6407	-72.94	1
51.9187	19.1348	7
29.2311	48.0818	9
35.8305	-85.9786	1
-6.91991	106.932	11
31.1109	-89.3775	1
32.3329	-116.929	3
52.3043	6.50626	1
53.5538	10.0159	1
48.7045	1.57461	1
-21.2162	-41.8904	2
33.8637	-98.576	1
58.8909	55.6322	4
40.3944	-74.2999	2
56.8767	53.1966	4
41.5342	-8.62018	1
32.2187	-101.498	2
-7.67412	110.831	64
-7.89481	112.507	44
19.6009	-99.0068	126
10.4738	-66.631	2
48.0795	-4.32464	2
30.2427	-91.8586	1
43.8775	-91.2289	6
31.1099	-83.4234	2
10.0554	-84.4352	1
31.9457	-89.8384	1
34.7103	138.192	1
36.7543	-2.78205	2
38.9849	1.29991	1
8.59295	-70.1778	1
50.5667	137.044	4
27.862	-82.3468	1
32.0386	-93.6879	1
35.6696	139.922	5
30.5215	-87.0126	26
38.9308	-76.4978	1
44.5854	33.4711	2
-19.4731	-40.6271	1
41.3445	-86.266	2
-6.95375	107.775	33
19.2767	-99.1655	155
37.2401	-93.2732	1
53.29	83.6478	13
13.1577	-61.219	4
57.6184	39.8622	6
32.491	-84.8741	5
53.2419	-2.49735	3
59.366	28.1106	4
35.5016	140.31	1
46.0532	8.9861	1
-27.7689	-48.6676	15
31.1487	-94.8012	1
5.37802	101.046	3
2.44039	-76.6188	5
37.9176	-76.8671	2
41.2587	13.6113	2
-31.5614	-52.3341	29
43.1305	-79.0476	4
-7.98	112.63	108
8.39843	-80.2669	1
52.6003	39.6002	12
40.9792	-76.8015	1
51.6955	4.88224	4
55.7446	37.2974	12
19.7459	-155.54	1
45.5322	8.88755	7
14.2202	121.125	2
-23.2514	-47.0591	8
9.52342	123.138	1
6.93136	122.068	2
-6.90558	107.626	304
29.0354	-95.3995	1
48.9945	7.95277	1
-0.238819	-50.7698	1
36.7828	-119.795	2
40.9598	-73.9195	41
41.9309	12.3809	1
42.2649	-71.1043	15
35.4798	-81.2436	1
-27.381	-52.3052	1
34.7721	-80.3895	1
0.178365	132.259	3
36.2168	-81.6748	1
39.3793	-76.8167	7
-22.1257	-47.4895	3
6.11277	100.374	14
52.6511	5.0829	5
-7.83227	110.997	4
32.3532	-96.8582	1
43.7176	-79.2392	42
39.9789	32.7006	27
51.7432	-0.980592	4
38.4185	-90.4688	2
43.0897	12.4516	2
-7.02902	-39.2958	1
41.0089	-6.42772	1
55.9826	37.1778	4
-5.94912	-35.4266	1
53.099	-7.21739	5
15.2034	120.576	3
44.8864	-87.2728	2
40.2278	-83.3827	1
53.2202	6.56662	19
-5.99643	106.009	8
56.5115	8.85136	2
52.5136	5.68839	5
33.372	-112.215	3
37.9688	12.9749	3
40.0724	-86.9794	1
-8.22244	114.945	4
-28.739	-49.3605	80
51.7347	-1.97539	1
52.1617	-1.59696	1
41.3684	-81.9461	3
19.4685	-98.7874	27
50.0443	22.7159	5
39.9345	-121.085	1
-27.5825	-48.6727	8
38.1986	-75.6972	1
52.857	6.60319	1
5.04299	116.443	1
-17.4297	-39.8367	3
30.4782	-69.9219	1
-9.71929	-35.9061	1
40.7994	-81.9266	1
-21.5588	-51.596	1
19.6492	-71.106	1
36.5942	-101.64	1
40.4331	-104.754	13
28.6878	-99.8264	1
30.2786	-90.9882	1
43.0547	-2.33573	1
46.084	14.5064	2
37.2384	-77.418	5
42.5092	-7.58527	28
42.292	-8.60776	5
-20.0806	-44.5819	1
-22.967	-43.1807	85
23.2438	87.0624	2
42.7489	-84.4805	3
35.0907	-90.6321	1
-24.1931	-54.2211	1
51.62	19.3657	4
35.0255	34.0375	1
54.7603	-1.32754	4
-26.3964	-51.0271	6
41.9383	-93.3898	9
37.8072	-25.4945	1
-20.3359	-48.3961	7
14.0022	-89.5559	2
53.8589	-6.5377	1
52.6979	-0.338465	1
60.4672	26.941	1
53.1302	18.0379	4
39.1151	-76.6287	16
28.9699	-111.498	1
51.2083	3.23032	1
50.409	2.7593	11
43.1372	5.88997	2
-32.0362	-52.0841	1
20.6847	-100.985	1
43.4069	-124.245	1
-0.868115	-52.5409	4
34.6004	-98.428	5
-27.5733	-50.1724	1
39.7324	-80.7698	1
45.65	9.20811	5
10.3662	-67.0863	12
35.0106	-80.561	2
-2.44064	-54.756	12
56.0185	-3.91732	4
-7.03353	-37.3471	1
38.7588	-104.809	1
44.7475	-122.46	1
-3.95804	120.17	1
35.3473	-106.603	2
44.9397	-93.106	3
-13.331	-39.515	2
-25.4533	-49.5653	36
57.6811	11.734	3
38.5029	-0.255463	1
41.2822	36.3418	2
-19.6263	-43.8892	3
19.3631	-96.3667	1
41.7824	-72.5323	1
45.1108	9.17951	6
36.5572	128.714	1
60.01	17.7322	3
33.829	-116.493	2
45.973	8.4206	1
-4.08929	104.662	1
53.0951	6.67772	2
36.9748	-86.4302	2
38.0083	-122.262	2
-26.4233	-49.1569	26
30.7616	-81.6527	1
24.8807	74.6377	3
45.3914	11.7935	17
35.8176	139.367	7
-30.9286	-51.8289	2
21.4436	-157.747	4
56.1459	8.81087	2
31.9857	-86.5577	1
41.2302	16.5163	1
8.5505	-71.2357	52
50.8625	0.557267	1
37.9159	139.05	7
49.9655	8.24295	5
25.7876	-100.33	21
-22.3011	-48.5366	4
-19.9225	-50.4065	1
30.7087	-91.4335	2
43.2651	132.064	1
40.4034	-80.0844	9
54.1375	-1.52556	1
51.1848	13.7253	1
33.2216	-92.6617	1
-0.943949	-80.7284	4
-29.2431	16.8805	2
-6.84792	107.929	3
-6.81584	108.429	2
35.8921	-84.5502	1
-23.1177	-46.8642	98
-23.4057	-51.9683	20
39.4622	-77.9679	4
50.3759	18.9775	3
-29.2094	-49.9965	2
-26.9436	-51.4375	1
19.3803	72.8317	4
34.0456	-80.9672	8
64.8675	-147.755	2
53.1283	-0.231343	2
20.1323	-98.3604	1
48.9443	2.68833	16
25.3379	55.3867	12
0.563308	100.408	1
39.0881	-83.1309	1
59.2664	9.50313	4
43.8571	-79.2838	1
-6.0846	107.303	1
39.9614	116.296	3
37.9201	-78.3272	1
56.4116	-3.4647	2
53.3215	50.0679	21
-23.2969	-45.9737	16
-23.3995	-49.5154	5
47.825	35.1494	4
3.94635	103.361	8
-29.6877	-49.9908	4
51.3587	5.56415	18
-0.0829027	109.352	25
40.8257	29.3059	13
14.0188	-60.9609	1
38.9727	-74.8387	1
13.5905	-89.286	4
27.6881	85.3415	1
38.8734	-1.08899	2
-23.7714	-52.4488	4
35.038	-97.3725	1
41.6743	-86.2713	5
35.1234	136.11	7
35.1465	-85.7742	1
37.1816	-7.45011	1
8.9757	38.7679	2
14.3109	-90.7883	1
42.7218	-87.8127	3
52.5742	-2.01287	11
43.9465	12.4257	4
-8.32052	113.418	2
52.202	-2.20972	9
-21.6506	-46.4169	2
40.0133	-6.32352	1
42.086	-84.5325	1
38.3487	-80.934	22
46.5591	15.6466	1
38.4773	-77.4471	6
51.048	2.427	8
-33.6857	-70.7258	8
59.9614	42.7482	2
55.9063	-4.37486	7
51.8797	-0.385321	7
-16.6428	-49.2612	29
60.198	24.6524	1
36.705	-120.095	1
24.4352	39.5812	3
-20.137	-40.29	29
52.2484	0.0802422	2
-23.3552	-47.9037	5
42.9483	-74.174	2
-9.96437	-67.7964	2
26.8415	75.5642	1
45.0463	38.9765	24
34.287	133.807	3
62.7902	30.9739	1
-22.7268	-43.3392	38
-0.42135	116.979	2
-2.95904	104.729	28
39.1679	-119.776	2
53.6424	-1.7902	19
52.9099	-1.53834	11
59.6682	18.6752	1
-26.1685	-48.533	1
36.3356	-94.1519	1
-3.94954	-38.3799	2
45.7012	4.88058	8
40.5827	-75.3377	4
41.0098	-2.87558	1
40.1404	-74.8118	13
35.7089	-86.9074	2
-22.1761	-47.3406	2
39.2496	-2.6122	3
-10.8797	-37.1759	8
37.4834	14.9671	4
52.1189	6.55988	2
52.0745	5.54641	10
50.7331	7.0929	2
52.715	6.49009	10
-3.37644	114.684	7
-30.028	-70.8117	1
52.7843	-1.23715	2
39.6042	-75.8439	2
33.6891	-116.202	7
39.1601	-86.527	2
40.6373	-78.2949	1
39.2807	-81.5362	1
36.0076	-80.2031	10
51.4676	7.02255	6
42.5623	-6.62365	31
-21.7028	-47.27	1
27.5208	-97.8661	1
44.3952	9.01643	1
37.6141	-88.9503	1
30.1897	31.4711	4
35.8023	-90.6756	1
18.7647	-69.2559	1
53.6197	-6.76999	18
34.7014	-86.6686	8
33.1337	-111.78	1
59.4039	13.5735	1
18.8908	-96.9711	6
45.9758	-112.513	2
-1.44566	-48.4763	49
31.9637	35.8495	2
43.2894	3.12543	1
51.8793	0.363787	1
37.6746	-122.1	5
44.9468	-70.6364	1
46.0207	-70.6731	1
9.06471	7.4942	4
39.2778	-77.8447	1
34.161	-79.7693	2
36.84	-99.628	1
52.9704	36.0825	14
36.2958	-107.759	1
4.08434	117.721	1
5.29718	115.316	2
33.2915	-86.8083	2
47.2435	39.7695	8
41.2255	1.43854	4
34.7004	137.86	3
51.6258	-3.46006	3
38.2802	-85.5124	2
-17.5663	-52.5369	1
48.4561	135.099	19
31.7071	-83.6403	1
38.6742	-84.0476	1
-20.5326	-49.1044	1
-37.6677	-72.0189	1
49.4615	8.40761	3
35.1761	136.722	1
1.3404	103.958	254
47.515	42.1656	1
50.6729	4.57014	1
37.2886	-5.79664	19
55.3589	86.0515	8
50.8577	5.70089	17
41.6439	-91.5302	3
24.8983	78.5421	1
10.456	-64.183	2
-26.4426	-48.7768	8
62.3878	17.2903	1
-19.6897	-42.1507	1
-7.14941	-34.882	145
41.0407	-81.7083	1
33.9362	-116.995	5
-26.8728	-49.1096	52
54.13	-2.7684	2
0.0188841	-51.0824	628
-27.1	-48.635	20
52.6879	15.0988	1
-20.5185	-43.8771	2
53.3549	-6.2474	21
39.8769	-7.1126	7
-0.664499	100.94	1
41.9047	-8.85866	2
28.4391	-99.228	1
-22.2894	-48.1054	1
43.6612	6.92288	2
41.1528	27.819	6
36.7508	-84.1611	1
20.1792	-98.0449	16
18.2621	-66.8486	3
6.4043	5.63173	3
34.9435	127.687	2
40.7594	8.38725	1
-15.7182	-43.4193	8
44.0577	-75.7771	1
51.585	5.06361	33
-22.1208	-48.3462	1
39.7808	-84.0649	7
31.8192	-81.6054	2
50.823	12.8918	3
-13.3341	-43.2735	8
-7.75904	112.236	5
40.5723	-81.077	1
43.9915	-84.7795	1
42.2754	-71.8077	9
4.80132	101.057	5
33.6624	73.0762	1
42.6681	-73.8107	1
31.8749	-91.1388	1
16.8505	-99.8528	1
48.2668	2.71875	2
-6.38048	106.832	270
44.7798	-91.4877	1
-19.4495	-44.746	1
41.3431	-81.1866	3
43.357	-8.4194	6
39.0984	-77.2311	16
53.459	6.62288	3
-8.17458	113.656	3
41.7253	-86.0056	3
52.545	5.92005	2
-7.45968	112.742	33
50.7764	19.1525	1
37.7914	-3.74254	8
42.1024	14.4313	1
32.6782	-83.1783	13
19.1748	72.9618	43
19.1052	-99.5929	4
40.5058	-80.2081	1
40.0698	-87.7052	2
40.0168	-76.3111	1
50.977	11.3189	1
-20.4049	-52.1809	2
41.0013	-76.4553	1
43.9856	22.8794	3
43.2225	-79.7589	8
-29.4585	-51.2683	2
45.9718	-94.3547	1
13.6917	100.754	1
0.83435	-77.6801	1
46.3206	44.2891	1
33.7203	-78.8771	2
-14.7015	-39.6633	1
55.8757	37.6282	15
-1.22525	36.9205	24
55.6168	-2.82324	1
51.9737	7.60607	6
39.2582	-84.6398	6
54.0217	19.0481	1
36.3351	-119.296	1
39.1109	-80.4091	2
-13.2573	-43.4132	21
40.7065	-3.58347	1
1.48736	103.924	42
6.09554	116.162	1
39.3186	35.9557	2
44.0197	144.249	1
42.584	-83.0519	18
2.57496	-72.6438	1
38.6926	35.5193	2
19.7246	-98.7579	6
42.5822	-77.154	1
43.2423	3.28101	1
54.111	-7.58291	1
4.91976	-74.0636	3
42.6843	2.88124	1
-1.22844	116.832	28
20.6401	-98.6553	1
29.5604	106.456	1
37.2692	-119.307	88
26.1265	-97.6399	18
-23.6269	-51.6998	2
34.928	136.441	3
-26.3749	25.4619	3
-24.2813	-51.6175	1
27.6468	-80.7005	1
52.2909	5.24343	7
9.91123	-67.3613	1
42.1296	-85.4097	2
38.877	-6.97482	2
32.5762	-86.6807	2
45.7358	11.8618	4
-33.6733	-71.201	1
-1.04675	-80.4674	4
19.7039	-98.4467	1
28.2983	-81.3541	12
29.3182	-99.5433	1
34.1321	-117.655	7
34.9333	-2.33543	1
-6.12295	106.195	6
42.2772	-122.818	2
44.3654	9.3159	3
36.8652	-79.7743	4
59.2583	15.2359	6
38.5075	-76.9621	1
-27.1111	-52.6609	73
30.4223	-9.58203	2
32.5036	74.5215	1
37.6031	-5.89121	1
39.4749	-87.4082	4
20.8167	-102.763	3
33.7282	-93.5396	1
35.094	-118.979	1
18.1251	-66.4993	16
-21.8793	-47.9053	55
46.4637	-1.26343	1
34.821	-82.2885	3
-28.7189	-53.5192	9
-21.2741	-50.7091	1
19.2708	-99.6499	101
28.6314	77.2192	6
45.9027	12.1174	1
-7.75355	113.213	5
36.5056	-78.4161	1
-17.6717	-40.8528	1
30.6403	-94.4311	1
22.2437	-97.8374	10
-28.7271	-52.8441	1
53.2204	-0.558267	4
54.9735	-2.09464	1
36.8657	-120.458	7
-12.3337	-38.4158	4
-7.23297	111.865	1
-33.9284	18.8334	1
-29.392	-50.9007	4
4.68095	103.146	1
-7.65408	111.35	8
50.9439	6.6527	1
48.0835	3.28753	1
-10.0421	-56.3881	1
41.8551	-80.7885	1
28.6546	77.4477	6
59.8759	31.2086	1
35.3613	-96.9524	1
46.4307	11.5378	1
56.2847	43.851	19
-0.462464	-76.986	1
-29.1921	-51.3739	18
47.3561	5.04538	1
51.5318	7.21221	1
37.619	-6.68724	2
10.0555	-69.3493	25
40.7405	-2.54198	1
48.3889	-1.90914	1
36.1443	-88.5201	1
28.1515	-82.3194	1
51.4498	6.70557	5
17.3818	78.4999	1
21.0066	105.804	2
41.7597	-88.3011	72
39.5071	-84.7452	1
41.8439	-74.0531	1
48.2048	6.48733	1
52.131	-0.221067	1
51.5207	-0.142822	927
51.2242	58.4777	4
36.0922	-29.9585	2
-2.63143	-56.7373	2
41.2101	-79.3762	1
55.6993	13.1923	3
3.5538	103.431	28
40.6892	-7.92529	4
40.4884	-74.441	7
40.9379	37.8693	1
29.3912	-94.9156	2
-37.3277	-71.6739	1
34.6999	-118.132	6
42.1929	-7.5501	3
51.4666	-3.20636	2
-6.9958	110.428	51
5.33074	116.145	2
-30.4636	-51.6415	2
49.0002	1.93496	7
39.8623	-7.51492	2
49.778	9.94286	2
45.1541	11.3051	1
49.1592	5.73974	1
55.7249	36.8488	3
34.6172	135.613	7
51.5943	-0.352264	24
-25.4951	-49.2884	893
45.4153	-72.7849	5
47.4858	2.42106	1
2.1343	102.715	1
46.0781	9.30659	2
-22.4359	-46.7503	2
39.801	-8.79559	6
-20.784	-46.8558	1
56.2389	-120.856	1
51.4471	-3.40543	4
-6.00147	-37.8323	2
40.6112	-8.69208	4
41.3823	-1.61891	1
22.7306	-102.694	1
29.481	-98.4934	59
40.6981	-79.3437	1
52.3798	9.76148	10
38.5305	-8.86894	4
32.9826	-111.522	3
-6.90909	110.62	3
41.4011	-82.5594	3
32.5378	35.8532	3
8.2887	-62.7329	2
-35.5161	-71.5123	3
27.8851	-97.3265	1
32.773	-80.9685	1
52.7528	6.95947	5
50.6547	12.1948	3
38.9933	-78.3712	1
50.4581	7.9488	1
-30.1749	-50.2096	15
53.6145	-6.1872	1
-21.2133	-47.818	109
44.7539	37.7704	1
36.5972	-79.4536	15
42.2582	-84.3841	8
32.3196	-89.1613	1
50.4246	30.1757	1
35.7593	-5.86816	1
-8.33054	-42.2509	1
41.0251	-81.4367	7
39.8132	-85.9873	6
54.7447	-6.24591	1
37.9432	-121.317	4
47.0317	21.1828	3
26.0398	-80.1753	43
31.643	-93.6394	1
39.9986	-75.5784	5
55.0767	61.5533	1
27.8435	-101.953	1
34.9229	-81.9339	1
27.8635	34.297	1
4.73156	118.1	1
35.707	140.233	1
-25.9162	32.4805	1
-25.8007	-49.8787	1
52.5055	4.86152	10
35.5282	-108.689	2
-7.22744	-39.3446	1
1.86117	104.63	9
31.8059	-106.183	7
-12.3487	-46.5503	1
41.0069	39.724	1
42.2855	-71.2446	31
43.3359	-4.97303	1
45.3529	9.68528	1
34.1358	-117.901	18
41.8938	-87.843	48
39.9558	-75.2414	49
-26.7938	-49.4411	1
42.9257	-76.5688	1
-24.4958	-47.8554	8
19.8872	-100.914	1
39.933	-0.0986662	9
46.5285	6.32263	1
55.6759	12.3535	1
35.9649	-83.5912	1
39.1501	-0.268158	8
-6.89573	109.281	1
29.1965	-99.8257	7
49.8748	8.65491	1
40.9514	29.3893	7
27.769	-98.0316	2
48.4546	34.9631	4
34.4135	-119.846	4
52.1109	20.7465	1
52.9563	5.91066	4
-4.03273	-38.6318	2
-27.3241	-53.3715	7
18.4669	-69.9376	52
46.2868	-71.9828	1
36.1498	-95.9934	10
-22.4361	-45.3967	7
4.34365	100.904	6
-23.2062	-51.2948	4
29.9757	-90.2637	8
32.3382	-93.8285	3
47.3906	4.65281	1
39.0587	-95.9866	1
52.4128	22.234	2
51.2667	22.8865	11
35.4026	137.286	1
12.9692	79.1542	10
46.0424	6.111	7
-6.19922	107.108	26
43.4183	11.8285	1
26.0881	-81.7276	1
34.1827	-119.225	6
37.726	-81.2402	6
-22.6804	-47.0163	5
37.3402	-80.7485	4
44.7918	-93.2499	4
37.4885	127.049	15
33.6953	-117.928	47
35.7932	135.645	1
-20.544	-49.3272	1
55.1712	-118.791	1
40.138	29.9624	1
41.1924	1.60021	6
54.747	56.029	23
45.0198	6.12995	1
36.7957	-76.0126	5
-29.4497	-55.1328	1
54.1937	37.6289	14
7.1991	111.876	1
54.2882	-1.59414	1
50.0337	21.9887	1
43.3298	-87.9276	2
-2.30975	102.751	1
4.9111	114.926	10
-26.9875	-51.1292	5
38.6711	-90.4479	10
32.8234	34.9788	1
-8.10831	-79.0307	2
43.4016	-84.0014	2
-22.4911	-45.6242	1
54.3179	48.4689	4
42.3113	-83.3695	7
51.2001	5.53526	5
45.3945	10.2709	1
-22.8738	-52.5483	3
-25.3493	-57.4877	6
7.58225	99.604	1
38.0651	-75.5556	3
55.5966	36.6898	1
6.4464	100.279	14
-1.75216	112.635	1
40.8632	-74.7517	2
36.1184	-86.7283	19
39.3917	2.76997	13
52.3389	5.63576	2
52.8974	4.74225	2
56.5736	-2.60402	3
5.18633	-75.855	1
0.567826	123.067	2
52.1311	4.68895	10
26.1535	-81.52	1
51.7676	-0.575282	52
-20.7898	-41.1967	10
-26.4493	-49.6013	1
-10.1156	-48.1132	10
32.9585	-96.9827	14
53.9027	-2.4177	2
45.0728	7.67575	3
51.2888	1.06437	2
-1.27293	-48.4598	115
-7.31065	107.794	4
38.2421	-78.1061	4
21.4098	39.5107	7
3.60958	98.4333	1
48.656	-1.97818	1
59.0417	17.3006	1
31.4014	73.1137	1
28.4737	-16.2902	8
1.24509	109.135	1
42.3541	13.3704	29
53.9346	27.6452	30
32.2774	34.9478	2
31.1188	121.417	1
9.94116	-84.0917	51
-24.6977	-53.7903	3
51.4724	-2.81053	3
33.5915	-84.556	2
41.5124	-87.6356	19
41.3708	-87.3209	1
36.2183	-121.131	2
-25.553	-48.4967	15
-20.9047	-47.0194	4
-38.7055	-72.5533	1
43.8552	144.46	3
-8.22748	114.355	1
52.9554	-2.28748	17
35.6332	-88.839	1
-37.6055	144.942	2
36.5762	-86.8566	1
-39.7354	-73.1678	1
58.7824	59.7631	1
31.9171	-87.7477	1
56.8106	24.6057	5
-21.948	-45.9404	1
36.1386	-78.7694	1
-30.7969	27.9638	1
-12.124	-60.2921	1
-3.48345	104.101	1
54.9497	-1.44432	4
52.7155	4.9388	10
26.8418	-80.1632	1
-22.2895	-48.8787	1
-6.60086	106.773	115
51.8525	0.163393	4
35.6388	-84.2518	1
-6.2428	-36.0745	1
33.5682	-83.3624	1
45.2127	-123.238	1
43.6237	-94.9846	1
39.2633	-86.7457	1
-3.67054	128.178	2
53.4346	23.4208	3
40.21	-84.809	1
39.8725	-75.4306	5
30.2978	-97.7533	7
7.80283	-72.2176	7
-14.9243	13.4783	1
51.5967	-1.22186	6
49.8214	73.0954	2
37.422	-6.11312	7
42.2684	-89.0596	2
48.5865	1.8102	1
50.7378	3.25392	2
36.3584	-79.6287	1
-7.11644	107.7	5
43.4456	-76.5355	1
0.888694	108.958	1
52.8433	13.8053	1
-22.959	-49.8674	1
-25.749	28.2369	20
-21.8205	-46.5447	3
49.6344	-1.63346	1
52.4994	13.6189	6
35.8394	129.202	2
-7.9157	110.264	36
41.4575	-88.2728	1
43.4438	-71.2069	1
51.747	-0.224884	3
1.42922	110.333	24
36.6668	140.136	2
50.0463	20.0057	14
36.0788	32.8314	2
-23.0651	-51.0559	1
33.3757	-82.09	3
42.0294	-92.9219	3
0.557415	101.462	30
42.4931	1.59266	1
-6.35352	107.111	1
38.0777	13.4991	3
39.7653	30.5067	2
51.1635	10.4541	1
-15.8845	-55.1062	2
51.4467	0.379647	12
32.5668	-117.004	7
37.0421	-95.6482	1
39.2204	9.09584	3
-31.2458	-54.066	23
36.6606	-80.9136	2
45.2482	-75.8001	5
3.8427	101.403	1
61.5218	0.00022	13
42.1158	13.2066	1
36.6726	34.4316	1
33.6869	-95.5352	1
-21.2931	-50.3347	2
-7.14454	107.439	1
-23.2875	-50.084	1
45.5542	12.3301	1
46.5243	-84.3299	3
-22.2332	-43.888	1
38.6034	27.0773	14
40.5096	27.4964	1
2.3609	102.177	8
2.39449	111.874	10
-6.15375	106.579	88
43.8274	-83.2575	1
51.2274	-1.48053	3
-7.46181	108.976	4
58.0394	60.5549	1
-7.7189	113.621	1
44.6865	-0.45643	1
-8.98489	-64.5216	4
25.8784	-80.3412	12
42.8481	-106.318	2
50.2133	19.007	7
43.23	27.8827	1
49.3598	1.79644	1
51.2216	22.5635	4
18.022	-92.9165	15
37.2392	-79.9847	3
43.696	-79.397	8
34.6613	135.419	5
38.9255	-94.3883	24
51.1587	5.88175	1
42.5253	21.064	1
54.7006	25.253	3
53.394	-114.226	5
51.2167	5.31584	4
8.26599	4.31761	2
19.6527	-101.276	13
-7.10289	-49.9368	4
30.3101	-86.1092	1
44.0388	43.0507	5
45.6457	0.145144	1
35.4168	136.327	8
39.1697	-93.819	2
50.7782	5.97428	129
49.457	28.5238	2
49.2235	28.4037	3
-29.106	-51.5365	16
13.7381	-89.3543	8
57.7202	14.1822	1
41.1559	1.09981	1
-4.17798	121.613	5
-6.7694	-79.8556	1
4.23955	103.192	2
34.0125	35.6528	44
48.9915	6.0342	2
42.3466	-8.84242	1
42.0387	-8.64716	1
5.72056	115.992	1
-7.23636	112.158	1
1.4398	125.136	3
52.7324	41.4335	1
39.7164	-83.88	3
33.0473	-111.367	8
43.0801	-75.1518	4
50.1622	-5.08698	4
46.865	-96.8182	3
1.34443	102.157	4
-33.9176	150.769	1
61.1934	25.4482	1
42.3527	-83.0992	28
32.3849	-86.1848	13
43.4646	-3.82615	3
49.1048	6.19605	12
42.6768	-83.2158	8
52.2178	-1.03675	7
52.3082	4.76076	7
32.304	-90.1819	3
-27.4315	-48.7294	4
49.3523	20.0057	2
39.983	-82.9772	3
-5.14383	119.426	107
39.0947	-9.04127	11
34.7678	-77.3564	2
50.9138	-1.40057	14
-12.0788	-45.7998	5
38.2753	24.508	140
33.5914	-101.888	5
28.0693	-16.7251	1
20.5826	-101.186	1
-26.9671	-48.7712	4
48.0463	-1.66046	3
-5.54526	-47.4782	1
5.95737	116.111	17
39.9413	-83.1507	4
42.021	-4.52905	9
36.8687	-2.3737	3
18.4568	-66.5522	1
-0.83331	100.377	19
54.3177	10.1333	6
-29.0087	-54.012	1
-27.1211	-48.9046	10
21.0981	-101.601	5
48.0832	41.2726	2
2.30121	102.912	6
36.6375	-87.3674	1
42.1255	-96.3883	3
42.3013	-71.4658	2
8.87987	-75.6895	1
-5.40825	105.25	9
38.3727	-85.9836	7
33.5096	-7.09326	1
13.2991	-87.1841	7
-23.621	-45.4901	1
45.5922	12.7261	2
-27.8534	-52.1704	1
38.6271	-121.517	18
51.5491	-2.48141	11
40.5222	17.5674	1
-8.26428	115.34	1
40.6487	-73.6451	8
45.6576	9.9636	1
-36.0668	146.944	4
55.5895	47.4128	1
10.0581	-65.0286	3
27.8965	-15.4611	2
30.7227	76.7606	1
37.4332	-122.176	1
42.0389	-87.6996	7
40.8225	29.9264	2
-27.0818	-53.1948	2
57.2578	24.415	2
2.08488	102.576	2
41.0033	28.626	26
-22.7612	-49.5745	1
1.27756	101.851	3
34.8137	-115.185	1
-23.4842	-46.5864	249
47.7965	12.6411	1
38.8173	-77.9589	1
49.2508	5.94014	1
-21.375	-48.7437	1
-22.3069	-42.4674	4
2.60603	-72.8318	1
47.3961	-122.296	7
-22.0585	-46.575	3
9.35791	-82.2505	1
41.4988	-81.7058	16
54.0237	9.37541	8
37.0092	-121.581	1
55.9099	36.8513	1
44.0181	-88.5619	1
-25.3687	-49.1812	1
53.9831	-7.34112	1
59.1137	31.8671	1
42.7449	-73.6779	2
50.5977	36.5848	4
-22.6133	-43.7186	155
39.6376	-119.285	4
54.1934	-8.64507	2
54.212	28.481	1
30.793	31.0084	4
-19.2878	146.803	1
43.6112	-72.9731	1
-8.15959	112.492	1
40.3716	-79.9271	13
36.612	-4.53047	24
-6.88289	109.67	3
44.9868	-73.4405	4
49.0986	-123.121	1
48.3065	-0.614168	1
-12.8753	-38.5026	273
-23.194	-49.3852	2
42.8459	-82.8832	1
28.4581	-81.463	24
48.9934	4.30801	2
51.6656	35.6772	8
38.6739	-6.39189	1
-34.9253	138.6	5
30.2189	-93.3297	1
-33.1915	-70.6674	4
-20.1841	-42.0865	3
42.4899	-71.1596	7
53.8224	-1.54536	16
39.6345	-79.9535	6
37.4701	126.668	2
34.2528	-84.3588	1
39.6061	2.6776	6
47.8263	22.1531	1
48.5592	2.43632	3
39.7499	-86.1968	14
-25.4539	-54.4571	40
35.5628	-80.8316	1
37.7409	-121.129	3
1.46332	103.576	14
-22.1868	-49.9589	6
-15.6284	-56.0116	1
-8.3586	115.551	1
64.5245	39.7407	6
36.5031	-6.2672	2
-6.6801	108.533	11
36.6481	138.115	1
41.7029	-71.5173	4
-25.6673	28.0967	1
43.6026	11.5007	1
46.3601	48.0341	1
0.364203	108.957	1
35.4053	-80.4476	1
1.60032	-52.378	1
35.321	-119.019	2
22.8478	69.5507	1
51.4659	5.70573	19
-22.5615	-45.0123	3
47.4597	2.16314	1
53.1757	48.4851	1
-22.3455	-51.9854	1
49.028	12.1142	1
40.3163	-83.1021	1
53.1305	4.81761	3
40.1949	-85.3876	2
31.8063	-97.0997	1
38.8846	-6.62199	4
-0.81739	117.231	1
38.1027	-1.86843	7
36.3197	140.571	1
30.5311	-94.8018	1
44.9065	9.94044	1
-5.189	122.64	1
34.2693	135.363	1
51.934	4.50338	12
32.9585	-117.264	9
-2.50878	-59.6012	1
46.0732	-1.06858	1
43.3531	-5.88123	12
-25.4912	-50.8622	4
40.0856	-82.8507	4
37.7703	-122.436	46
-34.5908	-58.5926	4
39.7636	-94.8518	1
40.7965	-91.1226	1
39.9568	0.263752	4
30.1492	-97.8552	4
52.307	104.253	9
40.0691	45.0382	7
-29.1006	26.166	1
0.028009	36.2766	5
33.9809	-112.135	1
-7.00899	-35.8802	1
-7.33664	108.21	8
52.5068	13.4246	27
1.83864	111.348	1
-30.0394	-52.8919	1
41.6915	-0.927332	13
-28.1175	-52.0838	1
-33.448	149.567	1
2.71563	101.953	45
55.6452	38.0072	7
34.7298	136.181	3
35.3745	-98.7838	2
50.5153	4.38191	6
41.8049	-77.0852	2
35.4826	-97.4792	1
37.6633	-97.1649	1
41.9534	-80.5685	1
-31.0192	-54.527	1
4.44676	-75.2318	1
33.8653	-118.256	97
21.3287	-157.921	1
42.9904	-7.57063	2
43.056	44.644	1
36.9759	-122.036	2
39.1101	-9.27397	1
33.7209	-116.382	1
42.1971	-8.77156	13
53.5014	-1.13156	7
-22.0587	-48.7344	10
-25.3059	-52.1332	2
13.7941	100.322	2
52.0062	6.02037	17
56.2476	-118.598	1
4.74218	114.656	4
51.9986	-0.501146	1
44.9293	4.90581	24
55.8326	-4.50648	1
-16.4298	-49.1948	1
52.2944	5.78726	2
32.975	-117.07	1
50.9188	-4.20763	14
37.5463	-77.4351	8
-5.47237	-35.8787	2
3.6039	102.262	2
-7.0949	110.925	2
61.0466	73.4479	1
50.4689	3.08108	8
38.0403	16.1443	1
13.4306	123.414	2
39.9205	116.582	1
-21.1871	-50.9449	2
-32.2122	-52.378	27
-15.8579	-48.9564	1
53.0099	6.07369	3
32.1733	-96.9113	1
40.9118	-4.19462	4
27.5531	-82.297	1
-23.6828	-46.5955	2679
-12.9168	-39.874	1
7.22068	116.883	2
37.3074	-6.59503	1
36.341	138.886	1
51.3802	19.3716	1
-5.1356	-38.0204	2
7.98383	-75.4132	4
20.9751	-97.3965	1
50.8114	4.16032	1
-7.18335	108.177	9
43.2605	-99.7157	1
51.9436	0.63517	1
-3.70033	-40.3314	3
52.2397	0.706054	3
-14.5043	-56.8506	25
43.3997	10.8917	11
46.8415	-71.3703	4
53.6215	-2.17082	6
-34.9558	-67.6913	1
3.35359	101.253	33
57.1918	-2.11582	7
34.3165	-83.8349	1
38.2779	26.258	1
40.5123	-88.9999	1
43.4717	10.6355	1
32.5901	-97.219	2
51.56	0.236186	10
39.1731	-97.6716	1
48.2444	-122.689	2
0.830694	104.072	5
-22.7106	-47.7943	41
-21.4551	-45.2045	1
49.2535	4.05493	6
36.4486	-77.0942	1
51.1357	23.4886	2
53.6799	-1.49772	11
-23.5339	-47.0999	6
54.8902	23.9267	146
37.6323	-0.720397	33
61.211	-149.904	3
-19.9733	-47.7914	1
26.1904	50.5635	4
-37.3094	144.956	1
52.6004	19.1766	2
39.7987	-89.6164	23
3.82881	103.217	23
41.4242	1.93562	18
20.1056	-98.7758	6
45.8579	6.13419	2
-22.7442	-51.4132	2
18.1443	-94.1437	3
2.29503	102.453	35
-22.4209	-43.917	22
52.4472	5.21763	6
35.2103	-81.1069	2
44.0399	42.8722	17
-17.8758	-41.5077	1
35.6265	-96.3878	1
38.0679	-85.882	1
53.4585	-113.451	4
44.9778	-122.985	1
33.216	-97.757	1
-28.71	-55.8067	1
48.922	28.9916	1
43.3678	-86.1773	3
49.455	1.1377	10
17.319	-96.22	5
-15.78	34.9766	2
47.858	-122.257	3
41.2366	-8.33199	8
32.2638	-9.23011	1
64.7616	177.661	1
40.2651	-78.8354	2
44.5212	-94.7203	1
8.98099	-79.5218	44
47.2433	5.23907	1
-22.1609	-54.8613	13
41.3328	27.9701	1
35.9724	-114.846	1
42.8896	-85.7707	3
53.4017	-3.09133	11
28.4515	-81.1177	1
41.8477	3.10898	4
-26.9191	-48.9518	9
42.4958	-82.8919	5
18.976	72.8186	15
32.4216	-104.245	1
55.9011	-4.75027	18
-7.43734	110.985	3
51.7664	-2.31496	2
49.4025	7.56092	12
1.85964	103.096	3
33.9032	-118.094	25
35.9925	-78.9343	3
37.0204	35.2865	1
-27.3043	-49.9758	3
37.7748	-0.808374	3
-6.28368	106.705	198
-16.3545	-45.4341	1
16.7255	-92.638	2
51.1107	-2.99975	22
-4.48502	-41.9531	1
43.2944	-5.67792	2
45.1222	-93.2648	1
30.1607	-96.4097	1
30.5927	-96.3348	3
-16.6161	-43.9388	3
-4.83962	104.893	5
-10.1936	-48.314	10
29.9932	-95.2657	6
45.3999	20.398	1
57.2485	34.5535	1
32.8464	-97.5021	2
36.3484	-6.06514	4
21.139	-86.8463	19
3.89572	103.077	5
31.9794	-102.064	2
41.585	9.26626	1
32.8766	-8.50428	1
-1.83982	109.967	2
-5.79931	-35.2216	284
59.3004	18.2476	4
50.5958	-2.45477	3
51.7368	5.52379	7
26.3011	-98.1055	2
-25.135	-51.0961	1
-19.4455	-42.6011	13
43.7064	10.4073	2
46.858	14.4974	1
23.5319	89.1722	1
1.49063	103.39	1
37.275	-82.1051	1
40.351	27.9688	4
42.0376	-88.2817	10
38.9114	-78.1868	2
25.9422	-97.4152	3
34.1753	35.6365	6
-23.1295	-46.5728	25
42.6866	-8.9895	2
50.6163	37.3015	6
0.0	0.0	208
-20.4677	-54.6164	13
-6.70257	-35.1591	2
54.104	22.9291	2
19.1714	-100.113	5
45.8279	3.16039	2
45.3953	11.2837	1
33.7553	-84.6588	5
52.4059	-1.21494	6
60.8724	26.7359	1
42.7806	-73.9533	1
33.6278	-117.153	2
40.0009	-78.3509	1
43.6251	1.33179	22
54.9235	37.4651	2
55.0931	59.9685	1
41.6817	-88.1566	12
-6.69284	106.949	2
56.6282	47.8837	4
3.37325	101.416	16
-16.7033	-47.5108	2
45.0614	-89.5711	2
-31.7719	-52.3425	1
5.39513	102.861	1
44.358	8.29177	1
51.7536	-1.22448	22
43.5076	-86.3478	2
-23.4194	-50.881	3
51.0447	-1.34331	3
40.7963	-77.8658	7
-3.0098	-55.1949	4
23.7029	120.427	1
42.5532	-8.78694	6
31.8653	-116.609	1
47.9424	21.7009	11
-5.41672	154.678	1
61.3081	21.1842	1
9.30559	-75.3964	4
51.204	16.1524	1
-0.789275	113.921	4
8.47516	4.51296	2
-6.34299	107.308	15
30.4	-89.1021	3
12.6224	-87.1271	1
-7.9095	-34.8417	10
52.0084	-0.742502	11
1.741	98.7806	8
8.48867	124.638	1
1.64526	103.594	26
25.0343	-101.167	2
29.468	-98.6865	30
42.8283	-1.61658	5
49.8538	-97.2044	4
40.8456	17.2978	4
33.5413	-80.8538	7
-8.58183	116.107	1
21.0487	-87.0318	6
46.1387	5.95225	1
-4.42727	-38.8546	1
49.5944	17.2153	1
43.388	6.07831	1
35.846	-78.6572	7
-26.2918	-48.6681	7
39.4207	26.8072	59
44.6273	4.39078	1
50.5839	17.8031	9
39.4225	-0.352529	86
30.2052	-81.5531	7
50.8651	86.8964	1
44.5195	-89.4381	1
30.0883	32.5611	1
48.5303	2.25007	2
-21.8299	-41.2658	1
53.8528	27.5151	7
52.7142	-1.37119	4
33.5846	-84.411	4
32.7885	-97.3345	3
19.8551	-90.5239	11
41.0533	-73.5327	4
42.3526	11.6066	7
49.5212	-115.756	1
38.192	-85.8041	19
42.1964	-87.8575	5
19.0076	73.0234	5
48.3463	3.97261	3
36.4768	-110.655	1
55.7955	-3.96134	2
27.953	-81.8797	1
-3.97581	122.517	3
9.98025	-84.8153	2
-7.70751	113.987	1
42.9501	-81.3672	9
23.4681	-106.272	8
46.5192	-118.124	3
-8.43732	115.197	7
1.28821	103.82	97
23.1512	79.906	2
49.7777	6.64945	2
31.0359	-92.0423	1
40.9301	-75.0748	1
30.5929	31.4755	3
50.5168	30.4991	15
-7.26891	-48.6616	2
14.5763	121.039	75
40.0128	-104.981	1
50.8452	-0.130547	12
12.1295	-86.2657	46
35.1663	-90.1993	2
33.579	35.3872	1
46.2048	6.14319	1
8.2003	-72.2494	1
41.1021	-81.5571	2
4.13226	-73.6168	1
39.7161	-86.3557	9
52.9975	6.55836	2
36.0695	-94.1421	2
29.2477	-95.3528	1
47.35	0.993492	1
27.0848	-82.1547	2
3.94649	113.811	1
54.8474	-1.58895	11
39.3958	-84.5605	4
-22.6113	-43.1688	4
42.7466	-75.77	22
52.9978	-7.33284	1
38.496	-1.28756	1
47.411	9.76088	2
1.20363	-77.2768	1
54.5957	52.458	1
37.1109	-113.532	1
33.5914	-112.125	25
40.7331	-73.2801	6
-22.5606	-49.1177	1
34.9491	135.701	42
37.023	-76.2925	3
52.7607	6.23615	5
33.5323	-81.7266	1
64.5713	40.522	13
34.3448	134.022	1
34.0493	-84.2241	1
39.46	-82.2286	1
51.2271	6.80273	4
33.3795	-111.965	114
19.4325	-99.1534	296
-6.90402	110.191	2
45.8378	0.210787	1
35.9269	-89.894	1
34.9385	-79.7725	2
30.3858	31.5552	1
32.7459	-96.8844	17
37.0829	-94.3375	1
-22.0567	-47.0475	1
43.2267	76.9238	1
53.2791	34.3808	13
48.7198	44.5231	2
40.2096	-75.3335	2
41.9888	-70.9708	4
32.7665	-89.1292	1
-25.5982	-53.1241	1
-3.8834	-40.2451	1
40.0691	-74.106	1
55.4359	65.2991	2
49.705	19.2092	1
38.4077	-82.4418	4
31.7181	-96.1742	2
51.5411	7.51167	2
-23.5356	-47.654	20
51.8039	55.1908	12
53.1548	-6.81533	1
40.2039	-74.6703	5
-26.9752	-52.5357	2
18.4618	-97.3927	3
25.9652	127.132	1
-29.7338	-51.0571	86
38.1848	-85.6384	3
41.3651	-4.12284	1
21.4834	39.2697	9
49.9034	22.1939	1
-12.0623	-77.0604	49
-34.0645	22.2014	3
32.9469	-85.964	1
-17.6863	-41.3566	2
55.4383	37.7578	2
39.4012	-6.44088	2
49.0266	2.46772	71
39.2064	-81.1535	1
-10.3672	-38.4468	1
51.7206	9.04076	1
1.87132	120.535	2
2.58077	102.118	5
-33.4084	-71.5098	1
29.7704	-94.96	1
-18.578	-45.4518	2
-12.8747	-41.2122	1
-1.87046	102.995	1
4.9124	102.935	1
-6.59819	-36.8105	15
5.62861	102.179	1
-23.4458	-51.4481	12
37.2942	-89.5261	1
51.4582	-2.60892	9
21.4676	-71.1432	1
31.3228	-94.7266	2
54.1405	-8.00607	1
-6.91859	-36.4422	2
42.4492	-8.61895	5
57.7686	40.942	1
42.3144	-70.9703	20
5.19828	96.3175	1
39.7643	-104.855	10
17.97	-102.224	1
52.9223	6.81094	1
48.0892	20.6757	15
52.9371	-3.05374	3
36.6704	-121.629	2
-7.47156	112.437	5
6.36241	99.8551	1
-19.4679	-44.2477	2
39.6478	-75.664	4
52.4264	37.6001	2
35.6666	-77.3565	1
-8.54911	114.11	2
53.6483	55.736	1
53.4484	14.4981	1
-15.3603	-41.9798	4
40.2876	-84.1672	1
9.06808	-79.3856	1
49.7491	2.35242	1
52.3243	-2.04681	40
41.4459	12.8999	5
45.1889	0.713154	1
-1.19236	-46.7872	1
-23.9555	-46.5075	213
-14.4335	-58.126	12
-26.2475	-49.3813	5
-27.9931	-54.2949	3
43.407	5.01996	2
40.4778	-3.70352	324
48.1114	7.39228	3
41.4352	1.79355	1
-39.9416	176.591	1
55.9266	-3.51082	4
27.4888	-99.5772	1
3.80459	11.5195	2
9.93592	76.3038	1
-29.706	-51.507	6
3.47484	-76.5201	2
-29.081	-49.6543	3
-42.9066	147.321	2
35.0826	-106.678	33
22.6263	88.4172	17
29.3075	47.9347	5
35.2728	136.218	4
41.509	-73.9673	1
38.767	0.16859	1
-7.64301	112.697	1
50.9057	-114.055	1
53.2369	-0.88224	2
35.0774	135.93	1
45.9395	9.16727	2
52.4534	6.56774	7
41.2375	-8.60462	42
23.6475	-100.652	1
43.6711	-116.687	9
51.5252	30.7568	20
-7.65518	109.083	1
35.1682	-2.93328	4
31.1689	-100.077	37
5.74805	101.865	1
-27.6099	-48.4789	29
-5.58561	-35.2744	3
40.1882	-80.2615	1
44.4205	12.188	5
7.06799	-73.8627	2
34.0273	133.6	1
-28.946	-49.4603	1
-22.0668	-42.9237	9
36.0914	-119.06	1
27.1501	78.064	1
60.3639	5.00878	1
51.0097	5.83185	13
58.1619	13.5725	1
44.8874	-88.6051	1
31.3299	-89.2945	2
45.4415	-75.6768	3
3.30965	101.55	24
55.5715	38.2275	1
47.0781	2.39819	1
31.6346	74.8338	1
22.2913	113.947	2
30.335	-95.4527	2
-36.2033	-71.8236	1
54.7042	20.472	12
40.4172	49.8133	1
54.5679	-0.994913	63
33.836	-83.8985	1
39.8269	-84.9161	5
43.739	7.09925	3
41.3941	2.1393	104
48.3363	7.32862	19
48.4426	-2.73824	1
5.85009	5.73255	8
0.177371	-51.3389	3
38.9001	-76.9261	150
-8.90188	116.749	1
39.8963	-80.1885	1
38.7497	-76.9645	3
52.5231	6.13323	8
53.2819	-6.38954	11
-25.2963	-49.3218	6
46.7679	142.739	1
60.0809	30.0329	2
-26.1696	-50.2584	3
10.493	-73.2708	1
51.5051	4.2956	5
44.973	8.2275	2
33.6304	-83.6129	1
1.67435	98.9433	5
54.9826	-2.83287	2
18.7954	98.9782	1
0.172879	32.5204	2
-22.5818	17.0933	3
55.7045	21.1556	1
43.3411	-4.04195	1
37.8251	-7.87556	1
-43.4782	172.716	1
-1.57563	37.1547	1
34.1323	-117.3	73
54.5921	-5.86725	3
-25.3706	-51.5523	5
-7.90209	111.258	7
-25.903	-48.5788	19
51.9001	5.82967	4
48.6475	44.3981	14
51.9737	6.73805	1
-23.8107	-47.1875	1
54.2103	-1.1906	2
44.5093	-103.892	3
53.4305	36.0078	1
37.1429	-5.92161	1
24.9434	-98.6463	1
-25.1839	-48.8404	2
-6.07925	-35.3013	15
40.7335	-73.1152	2
41.489	-73.0696	9
46.6504	-80.9516	3
-26.8143	-49.2703	5
53.4084	-1.28625	10
44.6179	-75.769	3
38.6951	0.0177148	2
34.933	-120.428	1
-26.6479	-48.7357	2
43.6264	-79.6307	4
-22.5245	-44.0809	22
54.33	-6.53728	1
48.0242	38.1332	1
51.2636	-2.18824	3
37.8005	-77.9161	1
36.4652	-5.73375	1
-23.5501	-47.8728	26
41.8749	-71.382	15
30.0919	-95.628	1
-22.737	-42.5939	12
33.82	130.856	1
-19.1468	-44.9291	9
53.1	56.2262	1
19.5421	-96.8861	10
17.6237	-94.3846	1
2.06667	45.3667	7
43.7176	-95.8728	2
-21.6181	-48.4446	4
40.1713	-74.4615	1
18.9338	-99.2608	19
-6.9894	111.709	1
37.9096	-84.3612	1
-8.43046	-36.7454	2
35.6387	129.36	1
50.4594	4.85369	1
0.90106	104.465	3
45.6359	-122.619	11
53.9985	-6.39424	5
39.2846	-76.6205	30
43.5604	-73.6381	1
50.5269	22.7119	1
21.8938	-102.273	5
44.1477	-94.0919	1
53.5703	-3.01747	3
-7.55957	112.26	5
6.50213	3.60775	1
30.9448	31.5303	1
53.1699	-3.14084	4
47.1372	2.20881	1
-29.8907	-50.9563	30
33.5585	130.435	14
-7.19822	-48.2052	2
32.3635	-90.6881	1
61.7757	30.6886	1
-4.82998	-42.1686	1
-23.0756	-47.3702	10
-23.7909	-70.3184	1
50.5289	2.8929	1
46.3839	-120.308	1
-17.7764	-51.6008	1
8.76694	-62.9205	3
39.967	-76.7311	3
-21.4064	-45.4872	299
-15.3908	28.327	1
-23.2365	-51.7305	2
-23.3921	-46.4538	160
35.8883	-80.1146	1
36.8106	-120.746	1
42.7139	-78.9277	5
43.3738	-4.51736	1
-28.476	-48.8285	1
36.4768	139.318	1
-22.4652	-50.6364	20
41.0353	28.7885	24
54.9915	73.4291	4
48.2899	14.3034	1
38.1022	-86.2759	2
38.7724	-92.3074	2
-27.1854	-49.6228	4
59.4929	150.821	2
30.3381	-84.311	8
2.70248	101.49	5
3.54182	103.237	2
12.3514	76.6596	1
40.4965	17.4125	1
-4.51112	126.44	1
40.3653	-82.6694	2
40.5408	-7.25003	1
35.2715	-120.67	1
54.5363	36.2486	17
-21.4822	-43.5053	1
-20.3975	-43.6687	3
43.1396	-80.2965	7
-0.582794	116.018	2
48.3001	11.8925	1
39.6109	-0.296333	2
52.4355	-1.38174	6
45.6862	13.7462	1
36.9504	127.026	1
5.85014	6.14486	1
41.7502	-87.8524	2
42.5878	-79.0553	1
39.1084	-93.2102	1
36.8913	30.7012	2
53.8941	25.3123	1
35.2186	136.969	1
38.0386	23.6837	1
5.6627	-0.204882	18
-21.5824	-51.0714	2
50.9025	6.04256	5
18.5538	-70.0551	6
-26.1568	-52.6728	12
35.0743	-106.523	6
45.7248	9.65637	1
-34.6185	-70.983	1
67.9222	26.5046	8
38.7571	35.3632	1
10.4667	-68.0167	1
38.4751	-81.6726	3
38.0401	-78.4849	2
-20.3096	-42.3064	1
40.9365	0.84763	1
56.1623	15.5919	1
-2.2203	-80.9472	3
40.6346	-79.8691	1
65.5374	72.553	1
19.3412	-99.007	3
-15.8418	-48.0262	38
-7.91187	113.811	2
40.5967	-122.387	1
40.9269	24.3888	1
-29.7707	30.8271	2
34.2742	-118.348	14
41.9206	2.22644	1
48.4621	-89.2361	1
43.5449	-83.9673	1
50.3887	36.9056	4
32.4835	-93.7859	3
-6.46769	108.103	4
53.4424	-2.23348	70
32.5055	-98.4565	1
35.8468	-86.4113	7
46.5167	-62.9326	1
36.1608	-109.606	4
37.5195	-5.59482	2
-30.0332	-50.2337	2
42.3465	-88.048	13
56.1818	9.54163	2
41.6158	-87.5008	4
-7.73016	109.887	2
28.0941	-81.9725	1
-19.1499	-54.4952	1
38.5303	-81.8977	1
-0.487941	100.548	1
52.3834	13.1196	1721
43.2141	-8.29132	2
54.0082	86.6309	1
35.0711	-107.085	1
46.8032	7.15967	1
42.5042	-83.4315	66
-19.8596	-44.9979	1
40.6861	-112.043	3
31.12	-97.6828	2
47.3693	39.4856	2
40.1088	-84.2412	1
-37.9096	145.248	1
37.2406	-80.2136	1
53.5221	-2.05092	23
28.5356	-99.8541	1
55.3563	22.5772	1
-22.8215	-43.0007	16
-25.5262	-49.1401	3
44.9319	25.4398	1
36.1302	-89.0197	1
44.0925	-103.213	5
48.8389	9.16008	2
42.8978	-85.6048	6
41.5217	-5.39254	1
-21.1722	-42.2562	3
50.8418	4.41038	11
37.6529	-120.991	5
40.2944	28.9377	1
36.2902	-76.2255	1
54.6287	-1.65155	33
40.9373	-6.71864	1
-32.1947	-52.8591	2
26.8074	-80.6531	1
36.5855	-119.632	1
44.6958	-63.5351	1
-14.8623	-39.353	7
43.8097	-89.1172	1
2.43559	102.861	4
-21.7554	-48.172	32
5.9892	116.58	7
13.6378	-88.7853	2
40.061	-79.8872	1
62.0846	129.292	1
18.9678	-102.419	1
44.1454	-120.583	2
-22.3971	-47.613	73
29.5927	-98.6153	2
33.8351	-117.846	9
42.5199	-4.00558	1
58.814	125.54	1
40.0962	-122.643	13
36.5727	-82.6759	1
54.1924	19.4337	1
43.2307	-76.2971	1
-23.8633	-46.2901	236
35.1918	-111.683	1
56.2771	44.7651	1
47.31	-95.9596	1
45.86	-0.483065	1
30.8596	-95.7399	1
-4.83533	-38.1518	1
56.9304	12.5442	1
40.2958	-74.1634	5
38.8567	-77.1072	27
-26.0794	27.772	3
34.6766	-79.1967	1
53.7805	-1.05185	1
38.045	-85.6925	1
-26.2485	-49.9051	2
-1.74911	102.839	7
32.1152	34.818	1
37.1804	-3.59799	40
47.2371	38.8775	3
36.1507	-81.0686	1
3.23187	101.386	49
14.5007	-90.5606	16
-27.3972	-51.5977	94
6.03112	101.984	2
43.4055	-84.6875	1
56.0055	37.8544	2
41.5372	-72.8019	22
-22.916	-43.4473	554
39.7578	-121.799	3
29.7433	-95.7888	11
-5.42891	119.445	1
-19.0044	-48.3585	52
53.8096	87.2221	3
25.1288	55.2417	8
38.0553	-78.9439	2
41.2559	-0.463586	1
-27.2447	-48.6993	2
-19.6019	-40.7725	3
35.527	-89.2592	2
32.6851	-96.6138	2
63.0804	21.4286	2
-23.147	-49.9738	2
41.6037	12.8407	7
35.0125	134.996	3
-18.9857	-47.0712	1
32.8031	-117.225	11
-32.6271	-70.6982	5
36.6212	-88.3134	2
-6.74091	108.14	1
30.0836	-95.9871	4
-28.7303	-51.6044	3
32.0325	35.7223	2
25.81	-80.1401	18
56.0615	-3.44184	7
39.1163	-88.5538	1
42.3433	-7.90485	1
34.2239	-80.2559	1
-21.21	-48.2936	14
40.6566	-4.63498	3
52.1889	6.87963	3
-33.8798	151.205	8
56.7426	37.166	11
36.1624	-121.731	1
52.7063	41.5872	1
20.6982	77.0105	1
33.6869	-111.994	1
38.8722	-99.3403	2
-7.60949	-43.03	1
38.7442	-75.1534	2
4.64713	101.203	38
61.5218	-75.0065	7
0.247298	-51.0637	186
60.9446	76.565	2
51.5905	0.471691	3
46.443	4.87904	1
-34.3517	-59.2046	1
-7.11117	-38.7853	2
38.9683	-76.7914	3
53.693	9.65862	1
18.8981	-97.9833	1
47.7938	3.58167	2
-7.27439	112.58	339
-7.64123	112.902	3
42.9234	-84.0212	1
39.6125	-119.67	6
39.6469	-86.0379	1
32.4114	-80.5417	1
29.8239	-95.4621	55
36.1133	-5.48741	14
53.4873	-2.37309	6
48.9986	1.61716	1
35.0137	-92.001	1
50.631	3.0472	10
30.4344	-88.8153	1
-29.3292	-51.5004	76
46.963	7.49691	1
49.4549	-2.54558	2
-28.1327	153.45	2
14.6622	120.563	1
-7.39669	109.687	3
-8.2214	-34.9279	16
17.6225	121.711	2
34.1342	-116.062	1
34.5719	-118.055	1
41.6496	-96.1949	1
46.5847	0.371571	5
19.175	-96.1577	14
44.1171	9.85102	1
7.07436	125.619	1
55.0816	38.8049	2
-29.6926	-51.2449	24
51.0266	3.70399	1
40.0071	32.8494	4
33.4355	-86.7183	2
39.0929	-94.4169	6
-17.9138	-43.6532	2
19.8871	-100.327	1
-23.3548	-46.8802	14
-6.9393	-38.6919	1
29.8738	-97.6662	1
50.8585	11.9774	1
39.2288	-76.8096	5
-22.3216	-50.3582	9
37.7837	-90.4268	1
-20.1716	-45.7148	1
44.4887	11.3317	5
13.0713	79.437	1
29.8886	-97.9313	6
45.5433	10.8366	1
7.28708	80.619	1
35.1529	129.04	1
-26.3835	-53.5254	1
41.1508	-104.863	1
51.9037	-9.03369	6
40.6045	-75.4917	4
39.9006	-82.0183	2
45.3763	-87.9475	1
47.2336	-82.0781	1
61.6319	23.8303	2
38.6043	-95.2789	1
-22.7098	-45.0091	2
52.8294	1.39709	4
43.7383	7.42429	1
2.41556	103.837	1
9.19099	12.5013	1
5.51292	103.047	4
37.2461	-8.19459	1
25.6503	-100.366	61
11.2343	-74.1921	1
34.1082	-87.9768	1
38.691	-1.42896	1
19.4733	-70.6801	13
22.1745	-101.007	3
-3.8317	-49.6803	1
35.2342	-96.6948	1
-9.53333	-35.6873	58
41.0078	29.1263	67
-21.6608	-50.5263	3
36.7967	-4.68937	9
51.7092	-3.34541	5
38.3338	-77.7651	2
48.8488	2.81634	4
-29.18	-51.165	6
53.4059	-0.78218	122
42.8393	-91.8003	1
43.7807	11.2448	10
44.9709	-93.2615	8
52.0769	4.3064	24
54.1479	45.2109	4
4.05112	101.065	1
51.1034	-0.172708	1
49.1836	-2.10486	2
-3.82279	102.299	4
-8.58322	116.283	4
43.1952	-2.46631	1
20.7456	-100.278	1
35.9272	-86.8342	3
26.0566	-98.3638	5
28.9837	-98.4327	1
-22.4877	-42.2011	1
48.341	39.9838	2
-7.18868	107.887	1
48.3966	2.47701	1
52.1333	1.42003	3
44.617	-76.6916	1
53.7489	27.3298	1
35.6581	139.296	2
14.5576	-90.7331	1
22.3973	-101.935	2
-21.8843	-52.1946	2
-5.19383	-39.3515	2
53.2941	-3.71919	2
1.30685	124.913	4
26.3074	127.774	1
-23.513	-51.0998	119
50.9199	-2.26014	1
7.86719	-67.5118	1
40.047	-86.0288	1
14.6424	0.0	1
0.364809	32.6323	8
43.4096	-80.511	3
-7.03732	107.924	2
39.8495	-74.8563	2
53.7932	-2.92766	5
-0.872085	119.932	7
2.83755	102.203	2
43.7772	-88.4489	2
37.6429	-97.3134	3
53.7313	0.0340058	4
50.8685	-3.53409	1
51.2538	-0.733116	2
53.5638	49.2194	1
-21.0987	-48.8276	6
-27.7171	-54.2664	1
-8.04621	111.916	2
45.4995	-73.5654	2
56.1308	47.2532	2
31.7897	-115.229	3
-4.67279	120.36	1
33.0517	-97.4824	1
-2.1966	-56.7099	1
43.1168	-79.3299	5
9.14763	7.32554	1
33.8723	-85.8764	1
45.5463	11.5504	2
37.3841	140.105	2
41.5257	-97.3104	1
42.4843	-83.2615	253
35.2467	-78.9661	1
-7.39976	109.238	23
-4.04643	39.6591	4
41.7787	-93.7135	1
54.6851	-1.79769	10
-19.6295	-44.0563	1
41.6556	2.70537	1
12.5503	-70.0033	2
-20.4597	-46.0594	4
-20.8304	-40.7047	4
39.4733	-82.7392	6
53.6798	9.37269	1
43.0666	-77.4595	5
29.1738	-82.1567	2
37.8476	-4.67425	4
-23.7363	-52.5974	1
31.5709	-91.3458	1
18.1968	120.588	1
40.9169	38.3896	4
52.1617	22.2758	1
44.7446	-0.690964	1
38.3341	-122.325	1
57.0085	40.9942	3
43.1192	131.951	23
39.5498	-107.325	1
56.8423	62.7177	4
-10.3355	-58.5891	2
-14.2393	-53.1848	53
-7.32813	108.363	2
-2.22487	106.18	5
37.6585	-5.52781	1
35.011	-89.9561	3
52.9549	6.22468	1
4.71401	103.407	7
-21.3838	-51.6013	3
-20.2664	-50.9477	1
50.4458	3.96997	2
56.5222	84.982	24
42.5772	13.983	1
29.2039	-96.2761	2
53.7607	-0.359428	3
55.6087	37.6763	9
-29.2155	-51.9275	29
39.238	-94.6557	1
-25.7954	-48.7722	2
40.9092	-81.0884	3
55.1559	61.3679	7
38.9961	-5.72451	5
33.7647	35.4664	12
40.0076	-3.69751	21
59.1077	-2.52048	1
67.1987	19.4656	5
-5.57684	-37.0035	4
63.6871	34.6034	2
-7.49492	110.211	9
-1.71186	113.698	6
23.6254	-102.558	4
-12.1958	-77.0103	1
-37.8715	144.592	12
-24.4374	30.032	1
13.1273	-59.4552	2
46.7905	17.5163	1
38.5642	-92.1652	1
58.5905	49.6388	26
48.2004	4.26328	1
3.46329	101.653	3
40.0677	-86.4963	1
-17.7109	-48.1566	1
53.7766	20.4672	1
-29.0686	-51.0353	108
52.5012	5.48005	3
-5.63676	-35.4174	7
34.4375	35.8334	2
49.0487	2.09035	1
39.2851	-2.79309	1
31.9105	-106.425	5
-23.3202	-46.5825	1
40.5721	-111.849	4
37.4883	14.0579	2
34.0934	-118.286	182
49.7478	0.365465	4
-30.377	-55.1591	5
-10.2392	-48.8529	3
52.0509	1.20966	4
47.0424	4.84844	1
-18.1336	-49.0228	2
30.1636	31.6214	2
35.2029	-78.4871	1
43.8447	10.7295	1
56.1385	40.4177	6
41.0945	-80.6395	8
-5.569	-50.0651	10
51.7452	4.18774	10
47.6062	-122.332	24
47.8517	7.24959	3
37.7076	-5.28358	3
45.451	-98.4837	1
18.496	-69.7879	3
39.4715	-0.694595	1
26.3314	-81.7495	1
41.0489	-80.3525	1
-1.09766	37.0141	9
51.3146	9.45975	4
2.17917	111.401	5
-30.2041	-50.8677	5
-7.80254	112.093	11
-21.2456	-47.9783	7
39.0705	-96.8364	1
-2.42837	106.432	12
35.7464	-109.068	1
-35.4305	-71.6276	2
9.96563	-71.1256	1
38.7618	-76.7887	9
44.7503	45.0003	4
32.8352	-96.144	1
34.067	-84.661	2
28.6123	-17.9072	6
56.3431	36.7211	3
-20.595	-47.3472	6
50.6184	5.66441	1
48.4337	1.45279	1
43.1058	6.116	4
41.9564	-71.2151	2
42.8355	-7.73319	1
50.74	-1.96696	31
-7.18902	110.426	1
13.4071	103.814	2
-23.5108	-46.8823	341
22.3111	-100.956	17
-30.2906	-51.9006	1
38.5194	-77.2986	7
30.4805	-84.346	1
48.7734	2.07451	14
37.7713	27.269	2
53.1958	45.0387	26
58.5534	31.2773	17
-20.3075	-40.4704	9
32.5286	-92.6343	4
32.5302	-92.122	2
50.2653	-126.006	1
-12.1581	-45.0061	7
53.8169	10.3664	1
40.5727	-85.6664	2
45.4947	9.26334	5
44.5938	38.0254	1
-22.5778	-50.4376	106
50.3649	3.51474	5
53.206	5.97229	5
5.64268	102.508	1
38.6637	-78.4605	14
35.4711	-86.08	1
53.069	-2.40308	3
20.3296	-97.8959	18
-0.49786	117.157	25
46.5293	6.62031	14
48.7202	7.71643	1
42.8239	-83.6922	1
36.0975	-119.571	1
-24.1914	-50.229	1
56.4652	-2.96344	5
41.6163	-72.475	1
-29.553	-52.2026	2
-9.80042	-37.6872	2
-35.0919	138.492	1
52.1188	5.20968	14
36.7862	34.6145	5
20.0715	-100.745	1
35.5719	-97.676	8
34.1732	-118.537	10
53.0947	6.42258	12
2.88622	101.366	1
41.3587	-72.1046	1
13.0493	80.2016	11
9.4336	-64.4526	2
42.5936	-5.58254	1
55.3146	36.2328	3
44.3435	11.6763	1
29.6623	-95.5204	13
3.60295	98.6751	149
9.4602	-70.4718	1
5.20413	96.6596	1
41.6566	-83.5743	15
26.3533	-80.171	5
53.2313	-1.5164	1
45.8527	-74.0629	3
-7.22418	109.86	4
41.1662	29.574	3
47.6699	-117.298	1
54.4779	9.06534	1
36.203	-86.2974	1
39.3917	9.12824	1
-8.9356	-36.4725	6
-6.74538	-38.2186	5
56.1459	-3.72793	1
39.9586	-75.9209	14
-28.2499	-54.3217	1
34.1998	-88.7168	2
-18.4249	-49.2195	3
38.3537	26.8703	1
33.9498	-117.399	20
-22.5918	-47.3616	35
41.1932	29.0474	5
57.2084	25.2601	1
42.8753	-83.0264	1
38.8254	-0.608454	1
42.6706	21.1712	2
52.4046	-4.00698	1
-24.6098	-47.4528	1
41.3156	-73.1349	5
13.893	100.431	1
14.3814	-87.7091	1
33.7418	-84.1543	10
35.1647	-89.956	5
40.3385	-74.4792	2
-20.2804	-40.2928	54
48.4595	7.46987	10
43.3881	-1.68395	2
23.7674	90.3706	24
-4.01464	-79.2036	1
29.2116	-81.0254	11
56.325	24.1211	1
52.3547	4.90405	21
32.215	-98.2162	2
52.6962	-1.77482	13
46.0905	-100.663	1
35.2285	-99.933	1
4.47993	101.04	7
16.2571	-61.5194	2
-12.8563	-38.3285	1
-4.11352	-38.49	1
35.2945	-77.5904	1
51.1555	7.08303	11
51.6881	5.16773	4
38.7742	-77.4694	5
55.0094	82.6682	1
-7.63066	111.535	7
34.401	132.478	3
26.0766	50.0006	1
50.1364	15.1117	1
54.3985	9.9839	1
39.923	-86.1876	8
32.3311	-106.811	2
39.2174	34.8449	1
13.0082	77.6485	20
-28.2925	-50.0476	2
32.6722	-117.106	7
59.6493	16.6002	1
34.7519	-92.1312	4
-37.7954	144.756	1
50.6981	-1.29448	1
36.6907	-5.88062	3
51.4003	-0.733966	4
29.0952	48.1332	1
42.8752	-8.55171	3
19.0322	-98.1543	106
29.5808	-98.2674	6
29.5161	-81.2325	1
40.305	-4.5112	1
18.5539	-88.4676	3
51.3355	12.3286	1
45.5716	10.1773	10
-6.51897	110.775	31
3.01697	-60.6432	22
37.8808	-4.81413	1
-3.20404	104.656	1
-7.29068	108.004	4
39.168	-8.57546	1
51.4272	7.33482	1
43.3205	-93.7716	1
5.70498	100.439	18
-29.8768	-71.2471	9
55.0229	-127.33	1
37.9484	13.4168	1
38.2311	-81.5397	2
5.21518	100.484	4
-7.04247	109.624	7
30.3887	-86.4823	1
-6.43874	106.702	3
36.2986	-82.3293	1
-6.98824	108.578	5
-20.7841	-42.2826	2
-21.5453	-42.6605	4
-30.0997	-51.1593	478
43.5654	-84.7753	1
30.9282	-84.5916	1
52.0286	5.38838	16
40.6122	-73.8982	64
47.2897	9.65652	16
-20.1905	-48.1692	1
12.9348	100.883	1
40.8746	-78.1743	3
18.8954	-98.4327	2
2.98076	102.062	1
-20.6176	-54.5452	3
28.4784	77.119	3
35.8854	-90.1632	2
48.6099	22.2692	1
41.4177	-75.6063	8
40.4714	-80.9218	1
54.661	39.7144	46
34.192	-93.0617	1
44.5526	-73.1651	2
48.9032	-1.5124	3
-21.2573	-48.5654	3
57.2464	22.588	1
17.3033	-100.324	1
48.8383	-0.889377	1
-21.708	-43.4227	141
12.2217	-86.4017	1
39.8164	-0.239964	8
57.7466	-4.68754	4
-32.7675	151.6	2
-18.6831	-41.0904	1
-1.29939	36.7698	10
53.695	-2.45809	5
-18.4524	-70.285	1
14.5129	121.167	4
36.8093	30.0184	1
42.3889	-88.3448	1
-0.757008	-48.5133	1
54.3768	-1.71081	2
48.7336	2.45753	95
54.2326	-7.06189	1
-22.7068	-46.7765	3
18.1323	-94.4838	25
43.5808	-70.2334	1
5.1439	-73.6876	2
50.4909	30.744	1
54.3609	18.6908	13
23.6198	58.5027	5
4.08487	9.67357	1
-33.1199	-70.8207	1
45.5249	-122.469	6
-36.8526	174.76	3
-6.95023	-35.6921	3
38.1828	-86.1462	1
-25.0576	-49.3198	1
-27.47	153.043	9
34.3179	-80.0905	1
36.2142	-116.084	1
53.3933	-2.91859	26
48.1082	11.7392	1
1.91963	102.77	1
45.4384	-73.874	1
-33.4087	-70.7358	102
48.5693	7.76221	11
36.0689	-79.4938	1
27.7709	-15.5548	2
38.4246	-96.2066	3
-22.7449	-42.2907	57
51.4774	-0.887681	17
37.2968	-121.817	8
53.7594	-2.71447	13
47.7334	21.6394	1
60.3591	5.42346	1
43.0775	-75.2933	2
44.4377	4.71534	3
30.8457	-83.2832	2
52.278	-0.714253	3
56.0085	92.8723	18
38.6484	-8.51835	3
49.5625	2.58281	1
40.5827	22.9518	1
42.6527	-78.7556	4
61.238	21.5903	1
32.5298	-96.8212	2
30.2192	-85.8576	1
27.8996	-97.1535	3
48.8443	-67.1673	1
-0.220318	-78.4925	21
-4.98585	105.499	3
55.0478	-4.02478	1
50.447	-104.607	1
-28.4896	-54.2782	2
51.2789	-0.373759	13
55.654	37.8451	13
51.5599	4.7649	8
-35.4146	149.077	1
-23.086	-45.5067	31
52.4949	-1.88125	36
-29.7528	-53.8242	28
52.0508	113.401	5
-4.02712	-80.9631	1
37.9652	-87.572	5
40.7527	14.6349	4
30.0608	140.596	16
28.036	-80.6483	11
31.1408	29.8632	3
44.9008	-89.5695	1
56.6442	23.7117	1
39.2362	-85.0933	1
51.3625	0.518164	8
34.3621	-89.5633	1
43.2047	-2.89373	15
45.021	-74.7412	1
27.6876	-97.3867	8
51.9997	8.51633	1
-23.195	-50.639	3
35.0242	-89.7814	1
-28.6815	27.0658	1
28.3244	-97.2711	1
37.5651	126.922	3
-7.01834	109.793	5
45.552	-73.7359	27
39.0994	-77.5585	6
-25.2239	-50.6319	2
40.2403	-75.5126	1
48.5518	2.6561	6
-22.4399	-68.9064	1
51.3315	4.08017	4
60.2971	17.577	1
51.5773	4.06722	1
50.6125	-3.65302	6
-24.286	-47.1393	2
0.38145	109.951	3
41.8588	-90.9234	19
-23.5185	-47.2424	1
-0.587732	111.388	12
5.98353	100.865	1
-24.6385	-54.2475	1
38.8525	-6.44958	1
23.715	92.7192	2
49.9077	22.3483	1
43.8674	142.682	1
-19.5891	-44.8814	2
34.2175	-85.1578	1
32.0637	-81.111	4
-22.522	-41.9373	1
-28.2759	-52.8612	4
56.9665	23.7219	2
52.8676	5.04595	1
34.245	-77.9397	1
-6.32444	-35.5184	5
52.3851	-2.27787	5
-28.2483	-49.1723	1
52.9933	-1.16315	12
43.451	6.79082	2
48.1123	-96.1632	2
25.0749	102.666	2
51.2597	0.193535	5
48.5973	-3.82266	1
43.703	7.25302	10
48.9204	2.31398	112
44.5469	10.7681	8
47.9873	7.79645	1
48.2491	7.52806	2
-33.3401	-60.2203	1
-1.80317	-79.5395	1
45.92	6.4245	1
50.3362	18.2017	1
33.9143	-84.5817	11
-8.0436	-34.9394	251
27.2701	-80.382	2
-28.4795	24.6701	4
36.8834	-82.7409	2
22.4411	114.059	3
39.3826	-76.4697	3
22.0414	-102.356	1
20.6167	-103.421	24
40.6394	17.9315	1
-36.7374	-71.0353	410
-20.5187	-48.6196	13
38.0934	-3.62617	3
34.1081	-5.70292	1
-5.40065	-47.5474	258
-21.7271	-50.9621	1
40.9544	-5.67911	2
56.7306	-2.65398	3
49.1776	1.33333	1
-21.2068	-46.9548	1
-16.0342	-48.0634	3
-2.4946	-44.2236	18
-16.5846	-39.0929	2
37.3677	-6.39126	1
36.8036	-2.60112	1
51.4647	-0.412167	7
-15.4552	-55.8425	32
33.9616	-116.545	21
40.1844	-75.1378	4
41.6384	-83.372	1
40.4147	-75.6113	5
57.483	-4.22632	1
-8.25779	111.455	1
30.5262	-87.2141	6
39.5287	-87.1248	1
46.7323	-117.178	1
33.9112	-6.9693	12
-5.11702	105.304	1
38.2811	-76.4298	3
50.3881	-4.11457	114
42.5679	2.32122	1
-26.2617	-48.9665	226
53.6381	11.3954	1
40.7052	-73.7794	6
3.63298	114.533	6
53.1057	49.9527	10
51.8873	5.39853	11
-8.82818	13.2503	4
25.2442	-103.233	5
-33.5563	-70.7885	17
55.0157	23.7409	1
35.5404	139.572	6
-33.6691	-70.585	1
52.8159	-2.13298	6
-11.772	-55.4066	2
41.6592	-81.4315	1
-18.0194	-70.2369	3
41.5995	-109.204	1
33.0623	-84.1613	2
43.9779	-83.9717	1
-11.031	-37.4771	1
42.8127	23.1993	1
29.6793	-95.2845	34
-26.1854	28.0161	3
40.5951	-8.40172	9
2.95443	99.0488	1
48.3734	25.6818	1
30.2036	-85.6033	17
1.50099	103.739	139
29.4821	-95.0978	9
14.6386	-90.5079	16
-26.7642	-51.1084	21
52.0887	4.8695	1
19.7574	-104.306	2
-8.1851	-36.0151	5
4.84647	100.728	5
55.4508	-4.29782	1
19.6281	-90.6814	1
53.3822	-2.59969	22
-32.1097	116.025	4
37.3886	-3.26794	1
46.0665	-98.1858	1
-20.9954	-46.1229	2
47.1946	18.4412	2
-6.99474	-36.7143	4
42.2177	-84.8007	1
-23.8963	-48.8749	9
-28.487	-49.0457	7
3.31878	-76.4991	1
19.6872	-103.215	1
-20.6515	-40.4855	9
40.5404	-79.1578	2
53.8736	-0.476865	2
-20.7279	-46.6212	2
34.5061	-82.0046	2
32.8926	-105.958	2
-34.9075	-57.9544	1
1.00185	116.394	31
19.2995	-98.453	2
-21.4313	-50.0693	3
-11.0019	-37.1007	108
38.2114	-84.2514	2
41.9472	-88.7741	2
30.9257	-102.867	1
58.5239	13.4997	1
32.9998	-80.18	3
18.215	-66.2716	4
37.9834	-1.12989	31
39.5182	-0.560278	1
36.2145	-115.123	66
25.535	-80.3961	5
35.3155	-77.9161	1
-8.20924	-36.7124	1
43.0715	-88.1639	3
51.6793	39.236	66
46.3126	6.94194	2
39.4289	-81.4496	2
53.1024	8.85262	3
51.4815	-1.05819	1
-25.2945	-57.6599	3
30.9373	-91.4009	40
54.0529	44.9477	1
43.3918	-80.3071	1
47.8568	1.91054	1
1.73497	103.887	5
-30.7883	-52.2777	2
33.9482	-80.8178	1
34.9849	-101.915	2
46.6439	-94.1241	3
41.1123	29.4209	2
38.5841	-94.2366	1
43.6073	4.86874	18
-19.2764	-48.9094	1
52.508	103.836	1
42.0924	-76.8095	3
31.2623	29.9844	10
47.2611	39.628	36
44.222	4.46259	2
28.5563	-82.114	2
39.8973	-79.7243	7
6.4962	3.34556	22
55.0455	73.2951	6
49.3606	9.10284	1
-24.4399	-50.7457	4
40.8754	-124.081	1
-20.2601	-43.7964	5
41.7208	-87.7018	20
10.6718	-71.609	8
33.0931	-96.9011	27
-32.8463	-71.2318	4
-33.9996	151.068	2
50.471	5.69375	1
34.6838	-82.8164	3
33.9977	-81.7906	1
-8.65053	115.205	111
-0.248193	100.628	1
53.234	-4.14695	1
25.091	121.55	1
49.6105	20.7044	3
52.1681	5.00567	13
46.1435	-122.966	5
49.9038	7.25027	8
39.4234	-119.748	2
23.2389	-106.415	1
51.099	4.12891	4
40.683	-94.5285	1
-5.31031	-38.2746	1
41.1104	-81.0951	1
44.3212	-61.8117	1
46.0063	12.6216	1
32.1384	-111.166	4
38.999	-1.84461	4
51.7584	11.4463	2
31.5633	-97.1374	2
-22.547	-55.7351	2
52.1677	4.51046	20
55.608	-4.68096	9
39.0428	-94.6446	8
29.3332	-98.4392	2
10.4781	-66.8582	25
39.6148	-3.33958	1
59.5963	13.7023	1
45.011	-0.608399	1
13.7237	100.476	15
40.0283	-75.3678	1
51.2517	-0.198239	14
13.8715	100.585	10
-23.1538	-50.3434	3
45.6628	-93.9142	8
-1.5942	103.619	13
18.1163	-66.1405	4
42.5809	-83.8955	2
51.2387	6.04793	10
-22.803	-47.4357	22
41.7965	-89.689	1
-6.819	107.139	4
36.0012	-77.8129	7
5.29528	100.291	55
-8.13479	115.062	2
41.2598	-72.8689	1
40.5229	-87.249	1
34.9414	-86.5928	1
37.2981	-2.38406	1
4.80789	-75.7363	1
46.8125	1.64218	1
-15.7763	-47.7966	360
-22.6984	-48.5467	4
35.8828	-81.5371	2
2.9838	101.77	285
-25.9924	-52.5902	1
33.3247	-96.7855	1
36.7265	-4.36995	2
-22.8871	-45.4893	5
35.3247	-95.9577	1
-33.0519	-71.6104	1
48.8724	5.1711	3
43.2435	45.7462	1
33.7237	-90.5501	1
48.3318	3.09309	1
33.0093	-81.3089	1
38.4728	-0.827542	2
37.3074	13.651	2
50.3121	3.34129	4
28.6353	-106.089	1
19.6014	-90.3361	23
-19.0577	-56.6532	1
-6.83507	106.757	8
1.47326	124.871	14
44.0444	5.0542	2
41.065	-85.1273	11
0.0869	111.512	2
-18.6364	-46.4172	2
46.7006	12.6147	1
-7.51799	110.591	1
3.89922	-76.3016	1
19.1644	-98.4097	31
-23.8438	-45.343	2
33.4681	-86.9024	3
51.5265	45.9785	24
46.085	12.0965	1
36.4912	-82.3478	1
11.3205	77.6843	1
-21.242	-51.5713	1
53.5203	49.4315	5
55.0122	-3.44687	1
60.1595	25.0186	13
-1.40464	120.71	1
-24.0958	-46.8159	6
-27.6364	-52.2459	5
42.2856	-83.745	4
53.3694	8.10075	2
39.802	-75.0479	4
27.6429	-80.5029	1
26.226	-98.2567	15
46.2267	2.20912	2
42.8508	-78.7604	6
41.9845	2.8404	8
35.005	-3.08342	2
-6.16896	106.827	596
42.7313	23.5952	1
-6.54497	107.423	4
27.6986	-83.8046	5
18.6514	-91.7893	4
26.1682	-80.1078	8
40.1236	-77.2367	2
-29.8312	-51.8879	2
36.7783	-119.418	17
41.8323	-88.1032	1
-20.0545	-43.4527	4
51.367	0.0664171	18
31.4523	-106.568	3
47.669	11.1782	1
59.6659	10.796	1
41.8984	12.5451	33
-41.4721	-72.9358	9
42.3071	-1.98076	14
35.4035	139.217	3
51.9375	15.5098	4
-22.5985	-46.5122	3
24.0753	91.1153	4
4.20911	103.437	7
39.5837	-89.6443	1
51.1318	39.4002	2
51.728	8.76856	4
51.5818	0.800536	1
58.9194	23.6352	1
41.5999	-83.9358	2
41.3948	-73.4721	12
-29.4661	-51.7702	18
35.4644	-84.3658	1
-29.1866	-54.8701	1
37.3781	-76.773	2
18.5118	-88.3232	2
-21.1386	-48.9696	1
40.0843	-80.6911	2
39.9685	-86.3796	2
34.1201	-117.509	9
-12.2001	-39.0645	3
42.1232	-72.7483	6
53.8318	-1.38515	1
43.6939	12.6789	3
5.63581	-0.011055	1
38.4517	-82.6953	4
19.8932	-99.3574	14
39.7629	-84.2888	2
50.4484	4.23991	3
59.425	24.7382	4
33.2869	-87.452	2
59.4624	10.6614	1
52.002	-0.992498	2
37.7631	-81.8256	3
54.775	-2.84868	4
52.2328	21.0607	27
0.41585	9.44656	1
52.619	4.63308	16
-23.6351	-48.1082	8
41.2679	-80.8348	7
43.9125	12.8925	1
57.8106	28.3618	5
36.0768	-79.7726	2
37.0338	-94.4947	1
32.7832	-115.553	1
53.9103	30.3442	1
29.9669	31.0283	3
5.96019	-35.1516	2
44.8663	-0.573196	5
38.7308	-82.9957	5
6.671	-1.56927	4
41.5328	2.42824	1
-27.0571	153.147	1
-0.98054	100.38	5
61.3384	22.9248	1
-21.112	-42.9762	3
-21.6468	-49.6923	3
-7.52078	-35.3209	3
-28.7171	-51.301	1
-20.0904	-41.1119	2
38.4172	-78.7156	4
66.0478	21.2542	1
12.8796	79.6075	1
58.0006	55.9483	10
57.9232	59.9781	6
47.7054	40.0939	1
34.1266	-80.8402	1
-5.64371	-36.517	1
36.0558	-112.118	1
59.2268	39.8381	1
53.5271	-2.57256	10
42.2852	-85.6229	1
32.5455	-83.8825	5
-3.0	-71.0	2
47.1369	9.05923	1
32.5355	-96.6594	1
41.8761	-93.8225	1
45.6567	8.96161	1
30.647	-88.1593	7
46.3946	6.54024	2
52.437	38.8144	1
61.1089	-149.44	1
0.514669	117.536	1
41.9752	-72.2984	4
61.7359	34.4038	1
44.0434	-63.7674	1
43.4271	-88.1978	2
10.3937	-71.4474	1
2.09982	99.8326	1
39.6242	-77.6771	1
24.1721	91.3594	1
49.8513	20.2544	5
49.1994	-122.913	68
49.0713	2.60377	2
14.8572	-91.5401	2
34.6913	132.59	2
4.64077	-74.0651	99
54.777	49.9181	2
-21.1427	-50.6213	8
36.418	-119.098	1
42.0684	-90.6735	1
-26.2668	-48.8168	1
38.422	27.1512	22
-19.7132	-40.4356	1
34.8572	136.581	4
61.2734	73.4332	25
24.6625	-107.342	10
-20.5252	-45.5419	2
36.1392	-5.84957	1
39.6421	-77.8214	2
33.9327	-83.3625	2
48.8898	6.38759	1
22.4923	88.3658	2
-29.9153	-51.1773	49
17.9979	-93.2955	1
41.2854	-84.037	1
40.8497	-89.0362	1
-22.3737	-45.7964	3
32.7217	-79.9747	1
38.961	-3.97836	2
33.5731	-7.57941	21
-6.69493	-35.5978	6
35.845	-80.2506	1
-22.2718	-46.1638	1
56.2339	-3.1437	5
-22.442	-44.5232	43
48.0631	37.8893	3
43.0062	11.9436	1
-6.70908	111.134	1
-25.3727	-49.0118	4
-20.6948	-44.9947	2
-27.0531	-52.9701	6
-20.7065	-48.958	3
41.6047	-93.7134	8
47.1141	-122.551	4
21.429	39.8305	7
51.5034	-0.575105	6
-29.5099	-50.7824	2
42.5654	20.9269	3
42.6595	-8.11141	3
48.9174	11.408	148
42.1495	-80.0145	2
11.0239	76.9073	1
36.6928	2.9698	1
37.623	-122.436	4
29.832	-94.5037	1
5.78269	117.972	2
44.9179	-92.051	1
-18.3438	-47.117	1
36.1094	-80.1043	2
38.9202	-80.1817	1
55.956	92.3732	1
23.9542	-104.838	1
47.1433	9.86418	1
-23.7873	-50.296	1
55.66	-4.94744	1
-23.6659	150.054	1
20.1834	-100.137	5
56.8155	60.6136	42
9.03151	-69.725	1
44.5502	38.1802	1
-2.54526	118.03	5
59.9394	30.0922	72
46.2748	11.4246	6
19.2971	-70.2568	1
37.757	-100.03	1
-17.7712	-48.6892	1
-26.8549	-58.3088	1
39.845	-83.3922	1
-20.2262	-70.1356	1
1.56806	110.038	3
15.1321	120.961	1
41.1023	-8.47804	5
-22.647	-47.1855	4
35.7581	-83.9636	1
36.7847	-4.11594	16
51.6443	0.0787538	9
-9.99977	-68.2655	4
28.8518	-96.9785	1
50.652	-4.03372	3
-18.9847	-49.5254	1
-3.69091	103.792	1
38.3357	-104.744	1
52.0817	-1.9497	2
-23.8305	-49.4279	1
-22.8213	-50.2294	1
34.1744	-84.1296	1
-24.1265	-52.366	14
41.6136	21.7433	1
56.1933	37.5776	1
62.2087	17.2529	1
35.51	-97.9803	2
43.2074	-92.7845	1
31.4825	74.2998	1
13.4804	-87.0998	1
-20.785	-49.3592	37
-0.158606	-50.3926	1
5.51177	95.3108	12
6.16386	-75.6342	1
-2.45181	111.991	2
6.40048	100.143	1
53.5927	-0.575417	16
51.9721	6.5152	2
45.1581	7.3865	1
57.9814	56.1962	37
-7.28945	109.032	1
52.5663	-2.16614	50
35.7602	-81.297	1
2.98957	101.628	137
39.552	-76.1168	1
30.4191	-91.0985	5
55.0811	21.8826	1
59.5473	30.8645	2
49.2394	6.09919	3
58.2231	7.92981	1
-4.6792	105.729	3
-23.7669	-46.0184	3
-23.1699	-45.8116	16
49.44	11.1354	33
53.0202	18.5644	1
28.9118	-81.2857	3
35.0715	-78.9175	17
51.8446	16.5755	1
59.0838	17.5272	25
56.537	21.0366	2
20.0871	99.8812	4
41.3076	-73.8974	3
-24.4945	-53.3	1
51.2644	7.19112	1
45.3441	28.808	1
9.91512	78.1124	1
51.7734	19.4806	9
6.89258	79.9812	58
38.6334	-86.7763	1
-23.1418	-44.6958	4
28.0329	-97.5072	1
-3.27013	-79.9661	5
-23.54	-46.3466	21
28.3687	-16.7148	1
-2.57242	-59.9803	684
2.86881	102.469	3
35.8928	-79.0684	4
53.4084	18.388	1
-29.5985	-52.4412	5
-30.5954	-51.7509	1
39.1823	-75.5106	3
32.6776	-97.0695	4
52.1682	-0.45671	4
56.9715	24.1287	47
-3.08928	-60.4448	1
43.1619	-86.2632	50
-20.0742	-51.3438	1
20.0567	-99.3846	1
38.5833	-80.8955	1
32.0781	20.0813	1
51.9245	4.27161	14
47.3775	8.53676	2
-2.9163	-79.0385	6
37.8094	29.0618	2
39.8978	15.7787	1
42.8506	-2.69861	3
50.5025	2.50719	1
-18.3797	-49.4663	3
40.0379	-105.223	1
38.3812	-97.5225	1
33.1298	-91.9612	1
-22.2295	-49.6901	6
35.3046	-82.4495	1
32.963	-87.1699	1
47.6855	11.7705	1
48.8292	44.7576	2
48.8719	2.18063	1
-9.02805	-42.652	26
30.0204	31.2285	19
55.0193	-1.65244	9
-18.8055	-50.5958	1
39.8678	-3.99721	1
-7.31891	110.499	10
-32.1821	-52.1717	2
51.7967	1.13072	2
30.207	-92.0612	1
-24.07	-46.6726	3
-34.7366	-58.4242	12
-7.11628	112.519	2
39.8635	-77.0543	4
45.3231	9.36708	7
52.4598	-1.53326	14
13.5111	-88.347	1
-8.77085	-63.884	3
38.0829	-0.951599	3
41.3757	-88.6991	1
48.0665	-122.178	2
-22.6928	-45.5382	4
52.3995	16.9063	7
37.9947	-0.704269	1
-6.84267	107.497	10
37.4525	14.71	3
10.1707	-67.4602	6
-14.7972	-39.0344	3
39.8873	-80.7441	5
39.6901	-105.126	36
0.613618	-51.695	2
39.2207	-84.4665	6
42.4404	-76.4766	1
30.3417	-97.3705	1
35.7866	-83.5519	1
-22.812	-46.2762	46
8.17047	98.2958	1
60.9716	25.689	25
28.026	-82.5785	1
34.7476	127.748	1
-7.1288	113.059	1
55.795	49.0696	29
36.0243	-108.627	1
38.753	-94.4857	1
-22.7373	-42.0436	4
-6.32798	-37.7136	1
20.5227	-100.772	3
-7.6736	110.623	12
18.7276	-99.4001	5
-21.6987	-45.2245	3
35.0831	-85.2504	2
-7.61651	111.947	1
-29.3448	-50.7668	3
38.1981	-87.4722	1
49.997	8.81943	2
34.9371	-78.859	2
40.3563	18.196	1
34.4428	-86.9503	2
-22.9088	-45.2346	12
-22.5095	-44.7715	1
-34.9744	-71.2202	35
50.9842	-2.709	1
11.7123	122.292	1
52.0972	0.0311165	3
57.0204	9.89013	1
20.3742	-90.042	1
39.1064	39.2215	1
-0.813239	-48.6673	1
41.9905	-92.6305	8
-21.2475	-43.7915	4
8.87187	-64.1709	2
14.3527	-89.1082	1
44.1049	-79.4658	5
45.401	8.94849	3
4.43271	100.658	2
41.5196	-81.4918	12
40.3443	-75.8732	14
33.9777	-80.4757	1
33.8988	-118.396	3
51.2677	-1.08452	1
30.033	-89.8826	7
51.4485	5.453	28
-21.9643	-51.3537	36
27.7697	-98.2418	1
39.4192	-77.3793	20
-23.6509	-47.5666	1
10.1969	-64.6769	9
40.8207	-80.3604	1
41.2062	-74.002	2
-7.66447	-36.9094	1
-23.6566	-49.7803	1
-29.0227	-51.2341	4
20.941	-89.6236	22
3.46836	102.328	1
42.4618	-79.2894	2
-24.1937	-47.3631	1
56.0897	12.7645	8
34.0609	-4.97544	3
24.7642	-107.683	1
38.3047	-92.4371	1
42.7206	-8.71744	1
52.6401	1.27308	2
3.06779	101.492	156
-29.5883	-51.3433	88
-16.1025	-47.9272	3
55.6507	12.1105	1
-20.1205	-41.5841	1
31.947	-81.9309	1
50.8053	7.8813	3
-26.4283	-49.3274	2
50.0501	8.08072	1
39.0493	-76.9245	25
50.9576	6.96746	4
-7.41606	112.583	1
-23.5594	-46.1857	11
47.4481	40.0944	2
40.6745	-81.3551	12
32.4119	-99.6816	1
47.4744	11.6157	1
52.7903	-0.134771	1
42.3027	-85.215	3
43.1714	-0.595254	1
40.5098	-81.4719	1
4.27265	100.636	7
-9.66354	-35.7609	3
9.92428	-68.3087	3
48.6374	7.44455	2
50.3818	7.60844	1
19.0225	-98.3065	2
49.4252	7.74889	3
60.2606	24.0141	1
53.1754	-1.17753	2
18.3582	-66.0546	5
33.4096	-85.1169	1
25.6325	-107.957	5
56.2246	101.664	3
-29.656	-50.8626	81
29.985	-82.1255	1
37.541	-6.31199	9
-7.85007	112.7	6
33.7839	-117.184	2
61.263	17.1449	1
-23.5858	-50.1178	1
40.1973	-76.9578	2
47.031	8.1752	6
18.8437	-97.105	10
7.26392	5.19286	1
38.8299	-90.296	2
39.0148	-0.17613	2
51.3927	6.14925	15
41.6667	26.5927	1
-31.7952	115.781	1
53.146	-1.0054	19
38.8355	-9.36057	21
55.9086	37.4036	10
41.2927	12.5735	10
42.6835	-73.1183	1
29.9651	-95.4931	1
-22.2387	-49.1125	19
51.8785	-8.50519	3
-1.55868	101.236	1
35.1003	-80.9574	3
30.049	31.387	4
55.5709	42.0482	1
-20.0685	146.263	1
40.5559	-3.26524	9
47.4258	9.60941	8
51.5143	6.85387	4
57.2047	39.436	3
40.7887	-75.6087	1
-27.8411	-54.5215	1
35.5704	-101.408	1
-20.6696	-43.8044	1
-24.073	-49.9808	2
46.8359	7.65833	1
57.6999	11.9527	3
52.4059	30.9423	1
32.8283	-92.6584	3
49.8397	24.0297	1
19.1285	-104.363	4
-20.1671	-43.9507	12
34.1871	-118.925	4
51.5635	-1.80078	1
56.9689	23.1528	2
36.6748	30.5654	1
39.1978	-76.0371	1
55.0811	36.6037	16
-7.87197	111.469	2
34.738	-92.3429	3
40.4637	-3.43793	6
5.80767	102.002	1
41.8309	-79.1529	2
44.447	-79.8013	6
31.6888	35.7069	1
28.3323	-81.5967	2
39.857	-88.9181	1
34.4012	-118.917	2
-33.0466	-71.4063	1
40.7808	29.4825	4
-26.0901	-49.7133	1
43.6684	39.6127	2
-25.3335	-53.898	2
55.5855	26.5068	4
-28.3065	-53.9244	20
42.4562	-2.42913	2
51.8781	20.8895	2
61.7464	50.8191	1
29.312	-98.6187	10
37.5622	-81.6319	1
40.9615	14.3964	2
-7.13476	112.014	13
36.4383	-83.5648	2
-23.042	-49.7425	1
38.9089	1.43238	2
52.0281	4.17252	2
-16.5715	-54.6067	2
49.1951	11.1317	15
-36.792	-73.0837	5
18.3197	-64.8824	4
2.2152	102.248	50
53.7205	-1.95008	2
-26.7242	-53.4814	3
41.0769	-111.967	2
31.7836	-106.334	5
-18.878	-46.1941	1
-27.595	-50.3811	1
-6.04242	-38.1007	4
41.5229	-7.645	3
40.2204	-111.67	2
35.8069	-80.5222	1
22.7508	-98.9673	1
36.0744	-79.27	2
32.6201	-97.3728	6
37.8555	-3.614	4
46.8715	35.3846	1
39.1071	-7.2502	1
31.0383	31.3629	1
8.74801	-75.8874	1
41.3749	-83.6425	1
32.5711	-89.8764	6
40.6331	-89.3985	5
28.1031	-15.46	11
-2.20058	-79.4421	1
52.2939	-1.54114	1
51.2244	-2.91548	16
41.4522	-82.182	1
44.675	11.0532	2
-9.53613	-38.2554	2
52.2536	6.20309	4
8.84143	7.91362	2
-30.5872	-52.6778	1
33.7277	-118.297	1
40.3691	-76.9294	4
33.7108	-112.212	3
39.2372	-99.3126	1
57.4051	21.6009	5
-20.7352	-48.5892	25
32.3923	-80.6836	2
-25.4516	-50.0507	5
53.2242	50.1879	2
45.4533	4.7654	2
43.2297	13.618	1
59.9724	10.7215	37
33.1903	-111.57	1
51.5416	0.664305	4
36.3118	138.626	2
49.0605	142.061	8
45.7542	12.1912	1
-2.62921	-44.3026	53
-21.5472	-45.4409	8
42.9783	-83.7269	6
-7.1654	-36.7792	2
48.7156	9.67145	1
14.387	120.945	15
37.1426	27.376	4
-0.269385	102.594	1
38.588	-0.1185	2
4.39769	113.988	16
54.6577	-5.63615	3
46.371	13.3094	1
59.8803	29.9093	1
6.62063	3.47702	1
-4.27209	-41.7801	1
51.7215	36.1846	24
-27.1119	152.973	1
13.6883	-89.1493	17
52.9807	-1.89511	2
43.2943	5.40513	5
32.8207	-96.7315	42
43.9007	-78.876	5
38.9193	27.839	2
-19.6047	-47.9692	2
49.0026	8.33265	10
42.4647	-96.414	1
42.6367	-83.6776	2
44.7663	11.817	9
35.2035	-80.836	18
60.4566	25.0099	5
-23.3771	-46.7393	33
43.5448	-96.7388	2
14.6148	-61.0764	2
-16.0604	-45.2447	5
-23.6496	-46.8549	124
43.0579	-87.9671	79
-28.2628	-52.4442	33
42.4508	-73.2604	1
25.7917	-100.181	12
-7.31545	112.747	110
-26.3075	27.9439	6
53.5322	-2.85247	1
50.271	19.1946	2
31.863	-102.403	2
-22.7314	-43.5787	16
38.8891	-90.0724	2
28.5748	-14.6268	1
-18.7968	-40.0622	4
-22.0619	-42.3393	2
-6.79336	110.849	6
51.7027	7.83884	1
-1.44517	-48.6382	1
38.8912	16.6113	2
51.8714	0.862885	1
4.17659	73.5138	2
32.8327	-83.6442	2
-21.491	-49.9037	2
39.466	-8.47764	2
-23.1926	-47.527	1
22.3102	114.225	1
48.2093	16.3387	5
-23.7454	-45.6207	18
39.7393	-89.2665	16
20.2948	-98.893	1
49.2207	-122.595	1
43.5819	-89.7909	1
49.2883	-123.073	14
34.0138	74.7989	3
30.3578	-81.4173	1
-21.4781	-49.2918	1
32.1469	35.858	2
0.709092	100.529	3
-23.9525	-51.5989	1
21.6118	39.132	5
-24.9331	-53.4188	18
41.6693	-4.77951	6
36.7977	-98.6671	1
-23.5259	-45.8662	4
5.46385	-72.4339	1
51.6366	-1.08016	1
54.8852	38.1006	1
34.447	135.57	1
36.0028	-91.6584	1
54.5036	18.4637	3
32.5311	-94.3431	1
6.66581	80.4665	2
51.1924	4.58687	3
40.7062	-111.9	17
-21.8447	-51.7514	2
10.2668	-68.0259	4
51.3364	0.808984	242
39.0516	-77.078	2
38.1504	-122.23	2
-9.75808	-36.6473	2
19.2433	-103.725	2
-22.8952	-47.0303	182
38.9417	-92.3242	1
40.2141	-74.0253	2
-15.5585	-56.2538	1
-22.9365	-46.5619	8
50.8317	40.5415	1
69.3904	12.2745	1
32.8395	-85.1973	1
35.6299	-82.1707	1
0.185112	117.489	3
3.05192	103.091	4
-27.6534	-51.0923	221
-8.05391	112.355	2
34.6796	135.18	2
-20.1234	-44.9224	9
-22.9168	-42.8189	1
53.1826	5.81839	4
43.9985	39.211	1
-15.4838	-44.3805	4
41.5405	-8.41078	2
-27.0294	-50.8445	4
38.6785	-121.263	3
37.664	126.77	3
32.9473	-94.3688	1
46.7807	21.1316	1
37.4722	-82.5219	1
-22.4758	-46.6045	1
40.7913	-72.8118	1
37.4358	-4.19537	1
37.8749	32.5371	1
39.5756	-77.2907	1
24.7884	-107.407	6
-22.6677	-48.8123	1
-29.9856	-71.3429	1
9.97363	76.5992	1
40.2659	-7.5764	3
56.321	-3.01698	3
52.7069	5.50797	2
60.2955	23.2921	1
29.2333	-94.8733	1
-7.54153	110.763	6
43.0097	-86.2112	1
51.3055	37.8427	2
-23.7108	-46.4227	166
8.94701	-79.6774	5
35.4771	-80.6274	3
61.6273	23.1618	93
46.268	-119.162	4
50.2033	-5.49001	1
-2.17496	-79.9123	39
-24.8055	-49.8727	3
59.3942	18.6174	3
55.9535	-3.2848	9
-30.1649	-51.4437	1
38.1882	-7.79631	1
40.1182	-88.2714	3
-2.20334	113.904	2
-30.5529	-53.4955	17
30.0137	-90.0812	2
31.6464	-8.01268	28
36.7919	-108.693	1
45.9123	9.3192	1
50.7935	0.0459341	6
53.3596	89.9062	2
42.642	-95.2096	1
26.8782	-101.221	2
32.335	-95.2833	2
53.8437	-1.85083	41
33.9683	-81.2919	2
7.44476	3.89869	2
54.4611	17.0282	1
6.60366	116.862	1
-2.52828	121.363	2
42.1104	11.8025	6
43.1056	-76.2108	8
31.8618	-82.5997	1
56.2009	37.0363	1
-37.7182	144.57	1
-24.1744	-53.0589	1
-18.605	-48.2585	1
6.01225	116.396	22
35.1705	-79.861	8
63.0866	21.6425	5
40.854	14.2435	8
38.5055	-1.69434	2
38.9767	-75.806	10
38.5007	-76.7749	1
2.04811	103.382	142
45.0401	41.9708	13
28.9789	-13.5595	2
-6.91833	-36.8987	1
18.9178	-100.301	1
53.644	55.9553	8
59.0018	61.7094	1
-25.5158	-54.6536	4
59.9358	30.3252	257
43.9483	4.92575	1
47.4711	-94.908	1
-24.3154	-46.9995	5
34.624	-77.4785	2
-35.5749	-71.7026	1
52.6383	-1.22138	18
39.5127	2.47467	2
5.03674	103.292	1
-8.4557	115.392	2
52.9837	6.97143	2
37.7754	-121.964	2
20.3569	-102.76	1
42.164	-79.3893	2
53.0915	-6.60631	2
10.3421	-84.4342	5
40.138	-83.0733	4
52.3182	17.7916	1
-10.2485	-40.7399	4
57.8736	35.0021	1
38.4855	-121.455	7
-31.9046	-71.4969	2
20.0062	-97.5346	1
50.4461	-3.54214	1
38.2111	-84.8265	3
45.7972	13.5448	2
42.003	-79.8075	11
26.1763	-97.9819	5
35.1996	-97.4806	1
42.9001	-83.5023	1
42.785	-6.62058	1
-16.5552	-48.0222	5
57.9297	33.068	1
3.18362	113.464	2
38.0349	-84.5066	1
32.4413	-87.0356	8
26.0351	45.0339	1
51.1272	16.9913	5
3.30508	103.121	1
44.0021	3.5508	1
-3.30507	102.844	2
32.1934	-94.1947	2
-23.3265	-51.177	11
6.05624	102.246	20
35.4377	139.43	25
36.1687	-88.8261	1
39.6468	27.8959	1
51.4018	-1.24788	1
-28.3896	-54.8743	2
37.7433	-89.2607	1
41.8401	-0.894539	1
59.334	11.2413	1
42.634	-71.3302	5
49.1938	-0.3933	2
57.4588	9.9976	1
50.0506	7.73428	1
54.0199	38.2963	1
-25.0343	-47.9877	2
47.1612	19.5059	2
47.8979	-3.90004	1
-7.30713	110.124	5
2.15606	102.425	1
19.9404	-97.9612	5
-3.78965	-38.5199	134
24.6882	46.713	6
41.4604	-80.5461	1
14.8286	120.287	1
36.4467	34.112	1
42.567	-6.4486	1
45.25	38.1256	1
58.3822	33.9008	1
41.2775	-95.8727	3
34.0458	-118.098	39
-20.9392	-48.5262	6
-34.1819	-70.6897	1
52.3923	6.29164	4
-23.2981	-47.2769	5
53.1831	6.16852	1
6.65529	3.31125	2
14.189	-87.1976	17
41.8833	-87.6282	29
47.553	7.57859	2
-2.87612	-40.496	9
55.7126	52.4007	1
2.48817	102.729	1
47.5308	21.6603	1
38.9244	-94.7301	2
38.3553	-0.515529	12
43.0547	2.97801	2
36.9215	-3.37989	1
-6.37292	105.83	7
31.3366	-92.5203	2
48.3884	2.96241	1
9.01809	-75.4587	5
53.0166	5.67323	6
53.9657	-1.072	2
20.6779	-97.5408	4
39.0353	-104.458	2
45.8002	9.08382	1
-29.709	-52.7772	1
42.6396	-8.5571	12
38.8604	-77.2703	7
51.7297	11.1164	1
19.7688	-100.217	1
-26.8274	-48.7225	13
42.0597	-88.011	2
13.7386	-89.6522	1
-27.2766	-51.6758	101
54.2301	24.1686	1
39.3318	-82.0959	1
19.4742	-99.3104	40
52.3712	-0.224309	1
38.9547	-95.2522	2
51.8869	4.68604	20
30.4225	-91.4189	1
5.78981	-55.1688	2
37.9177	16.001	3
52.4861	6.42529	1
-0.95018	114.899	1
40.5581	-75.9769	3
55.7335	37.1494	2
51.3066	5.79675	10
47.4762	-3.10392	2
-5.65214	-45.2755	1
-26.0411	27.9623	6
-37.068	-12.3113	6
51.5163	3.83821	12
34.5512	-77.9288	1
35.0965	-87.4212	1
39.0579	-84.4706	2
56.4073	61.9156	1
15.4516	120.599	2
28.7047	-17.7979	1
-26.8818	-57.0137	2
50.8575	-1.62926	3
47.0739	5.50228	1
36.3982	-78.9771	1
48.383	31.1814	344
16.7105	98.555	1
-24.6742	-51.7844	2
51.0672	-0.310301	1
-5.21541	-42.8028	34
55.0015	82.9557	14
31.5729	-84.1658	8
41.749	13.0036	5
42.7418	-84.626	1
49.6732	10.7279	1
45.7706	-108.543	1
36.732	-108.235	13
45.014	9.01539	2
39.4992	-121.575	1
39.5609	-83.7787	1
48.1414	11.4817	6
-21.953	-44.6478	5
-19.9422	-44.1928	41
42.0556	3.16072	1
6.89918	80.9243	2
40.9179	-73.7733	4
41.4282	-91.0439	8
7.10412	-73.1206	7
37.5163	-77.6282	6
40.6788	-4.09946	14
29.7908	-95.11	4
16.2586	-92.301	25
-21.5007	-48.0284	1
-29.3724	-51.0915	1
21.2978	-98.3734	4
51.703	5.32491	88
54.3061	-2.72833	3
42.6996	-71.1623	6
46.8618	-75.2467	1
-7.27568	-35.9777	45
-12.6667	-38.2047	11
51.4651	3.60961	1
37.9695	-7.85798	8
52.3445	6.65941	4
34.6919	137.715	4
44.8296	-68.789	1
55.5623	9.69445	1
57.79	13.4112	1
15.5067	-88.0455	1
51.654	7.06471	7
-21.6515	-41.7457	1
42.8731	131.087	1
-10.7228	-37.4571	2
8.12923	-63.5409	27
38.2129	-90.402	3
-6.74218	107.304	1
-33.827	18.5058	3
-21.9722	-47.4137	3
40.3479	-80.5822	1
31.3957	-103.504	2
55.7066	8.75917	1
52.5801	21.4896	5
1.58057	110.369	4
37.1203	-80.5517	2
35.0738	134.016	1
31.8282	-106.541	18
-4.77289	137.78	2
40.4107	-3.89401	18
31.5667	-106.274	5
-7.06951	-36.5852	1
51.8948	-0.174578	4
35.7012	139.709	58
-29.8024	-56.7397	9
50.6564	11.974	11
37.0757	-79.6515	1
52.5947	6.26694	1
46.7613	-98.7551	4
36.063	-115.051	3
42.5127	-70.9099	3
43.5602	-7.82595	2
34.1916	-82.1528	1
-20.6488	-41.9102	4
46.6327	142.784	1
33.3955	-111.738	3
1.23225	-52.3827	1
-6.35789	106.495	6
38.3432	-75.5897	1
-3.46498	38.4719	1
52.7455	5.30913	3
51.7967	0.636477	2
34.055	-6.79468	40
32.4315	-86.4673	2
42.5939	-75.7332	1
-31.9298	115.94	6
52.921	-4.14255	1
63.7341	-96.2958	1
39.0553	-95.7497	1
50.2478	3.92045	2
47.2382	-1.56074	3
19.1003	-103.657	5
49.8105	7.12864	2
62.031	129.708	11
29.6425	-98.4539	1
36.0805	139.677	1
-22.4656	-48.4375	2
52.504	-0.699142	3
-31.7413	-60.4851	1
47.9047	-0.624939	2
43.1862	-77.6164	1
24.4972	54.3804	15
46.225	7.34329	1
48.6765	2.32317	4
-23.6482	-52.8722	1
5.83503	102.391	2
65.0408	25.6166	1
-7.64218	110.449	58
28.2478	-17.14	1
46.5792	7.13148	1
28.7056	-100.488	5
37.5379	-3.63473	1
30.5363	-94.9722	1
55.68	12.5196	2
37.3831	-5.92355	29
3.71641	100.972	1
-26.7096	-51.9527	1
35.5074	139.762	6
39.4995	-86.335	1
43.4879	-83.3977	1
52.761	-1.58866	1
-35.2577	149.44	1
50.5991	5.47121	3
43.1614	10.6173	4
29.962	-81.4803	1
37.1943	-8.58499	5
30.2909	31.763	2
51.8873	6.30365	10
34.9182	-84.9784	2
34.5299	-117.314	20
29.912	-96.8843	1
40.6711	14.7865	2
41.2745	-82.8482	3
-33.6252	151.136	1
43.0532	-88.3126	1
45.6539	8.80661	1
16.9387	121.773	1
6.25504	100.449	1
53.7172	27.9867	259
-16.2515	-47.9597	1
48.6881	6.17345	6
15.6103	32.4605	2
51.8	-0.0521623	4
40.7218	-3.0578	1
31.8077	-92.7361	1
43.9697	-87.7361	1
-7.61955	111.0	4
4.43232	101.218	3
49.9844	19.4262	1
39.4998	-111.547	1
-23.5807	-46.706	34
28.8384	-99.8534	1
41.2798	1.96995	1
47.4824	19.1295	5
-18.9982	-57.6499	1
0.702557	34.3887	1
52.8483	5.71872	2
45.5846	5.29657	28
20.4247	-100.936	1
-22.3352	-47.3295	6
39.5922	-8.37447	1
40.7896	-73.4142	1
-3.12394	-47.6536	6
18.6552	-95.9613	2
-14.1749	-42.8259	1
45.009	0.170442	2
30.066	-90.7109	1
-20.8756	-54.2619	96
40.6762	-74.5724	1
41.0802	-80.7934	1
36.7055	-4.87799	1
-23.1873	-47.756	5
25.6719	-80.3369	8
47.2021	-122.41	1
18.768	-98.9826	1
-21.4377	-48.5185	2
41.6097	-72.0597	3
31.54	-96.1225	1
-21.8786	-42.6876	1
37.1988	127.048	1
10.9854	-74.7927	26
37.9878	-100.919	1
-26.1206	-51.0906	16
35.8511	139.797	7
43.1534	-8.48066	4
-23.4346	-45.0856	4
-25.3104	-52.3928	1
-20.2939	57.6795	1
51.737	0.490645	1
5.36751	100.421	27
49.3798	8.68284	4
37.5249	-121.92	4
47.4371	21.3802	5
60.2084	14.6944	1
34.4829	-110.288	1
41.7656	-72.6803	8
53.7741	-2.22729	5
28.3558	-16.3707	1
46.71	11.654	1
14.9602	-91.7695	3
-26.0693	-53.1264	34
42.214	-83.1833	1
42.1308	-72.5165	3
33.9068	-84.1486	7
50.8182	-1.09673	4
4.1741	102.006	1
38.3224	-80.6534	1
28.8276	-81.8909	1
-5.34493	104.966	2
-25.1476	-50.071	38
36.2493	36.5732	1
42.5936	-89.0165	3
28.2001	-105.475	1
51.3551	-0.0803756	37
39.2527	-84.7921	32
-30.2911	-56.1623	10
8.44339	-82.4827	1
57.2262	-2.77727	14
49.4103	2.80598	2
37.438	-4.45042	2
56.3975	8.55838	2
42.9729	10.6173	1
57.1808	-2.46897	1
36.3403	-88.8553	2
-29.9346	-50.1143	1
50.9528	1.86886	1
-0.318577	100.38	1
49.5637	7.2499	3
35.294	-84.8946	1
54.1411	12.0726	2
-16.6482	-39.2913	1
42.342	-87.8852	4
3.13396	101.686	720
51.2362	0.587282	2
38.2367	-0.83591	8
38.6531	-90.2435	6
-19.8274	-43.0981	9
-21.9224	-50.7226	2
51.3287	6.61064	1
-7.99504	110.585	1
46.5171	39.0884	2
1.12617	104.034	18
37.1524	13.7893	1
39.6689	15.8283	1
38.9637	35.2433	375
68.973	33.0739	7
31.5365	-83.6035	1
35.2602	139.662	5
40.5147	-8.5452	1
-18.4532	-50.5312	2
33.811	35.6019	10
20.5365	-97.4475	4
-21.2385	-44.2815	10
33.9794	-84.0084	5
34.2585	-6.58228	50
3.61944	102.777	2
44.9303	34.06	2
49.4749	5.94026	2
47.3456	-122.657	1
-32.5325	115.714	1
-20.3498	-41.9347	2
42.1157	-75.9376	1
48.8749	2.55076	10
-5.18745	-37.3473	111
34.9641	-80.859	2
25.256	51.5522	4
36.1725	-85.5206	1
-37.818	144.966	4
39.3489	16.2422	2
52.6088	38.5318	5
10.2461	-67.5824	2
11.099	-63.944	3
17.5518	-92.9524	1
11.4122	-69.6597	1
-22.7215	-47.595	5
11.4132	76.7074	1
-20.3371	-43.3298	1
41.0062	-85.7742	3
35.1236	135.667	2
9.72683	-63.1553	1
46.3571	-94.2241	1
6.50897	116.566	1
-8.54306	-35.012	1
69.6877	19.0026	1
43.5792	-116.213	5
45.6113	9.53243	1
-9.3956	-40.518	2
46.8876	0.518082	1
38.6831	-77.3208	4
-0.363503	103.102	3
16.7419	-93.1397	7
54.6516	-2.75701	1
26.4517	50.1122	3
52.7678	-1.92892	2
43.9865	10.9106	1
54.8023	32.0408	4
32.4943	-81.8147	2
43.3588	10.5079	4
52.1107	-2.73995	4
49.1723	25.4235	2
-7.06047	108.082	2
41.2919	-96.0407	6
-3.43527	114.826	6
51.2976	17.643	1
30.5288	-91.1994	3
41.3982	-84.6695	1
9.86839	-84.3299	5
37.3295	-79.5421	1
-35.8401	-71.6024	4
43.1962	2.93114	1
3.17427	113.053	6
51.3067	-0.551271	2
3.50507	101.924	2
51.887	5.60544	2
51.3785	-2.35831	3
43.3292	-3.03657	18
56.8544	35.8997	18
37.7403	-84.2714	2
40.2393	-3.35203	7
51.6631	5.65647	3
-28.0015	-50.3477	10
42.8693	74.6097	1
40.9147	-72.6637	1
-23.9278	-52.3169	8
7.07258	122.208	1
-30.0017	-51.0547	2
-28.4873	-52.2858	1
43.3078	-1.97537	4
40.9087	-74.1568	21
41.7581	2.06928	43
52.223	5.48034	9
56.721	-2.91179	1
54.1482	33.2897	1
13.7575	-60.9829	1
48.6705	16.0186	3
26.1562	-97.8277	1
45.5346	-59.3287	1
20.5971	-102.559	26
37.7713	-3.90164	1
0.291295	35.2846	1
57.8608	56.2944	1
-1.29525	-47.9016	2
38.9635	-85.9068	1
32.4714	-89.4343	1
18.6032	-68.7156	1
26.2663	50.1978	2
42.0068	-71.4939	1
39.6751	-81.4958	1
42.4889	-91.4571	1
2.83016	-60.6753	1
49.4611	1.64131	1
2.7987	101.681	34
40.1023	-85.6737	1
69.347	88.1779	1
44.2277	4.16393	1
-23.2102	-46.7565	2
-3.81391	-45.4521	1
36.3841	-100.813	1
33.732	-90.7138	1
40.6357	-74.3984	3
39.3259	-8.72129	15
44.4496	8.88085	3
42.9674	-106.963	1
49.3295	8.48703	3
32.5718	-89.1125	1
50.8742	6.85095	1
5.32964	103.141	19
51.8959	-1.47802	1
35.673	-90.5286	1
30.3563	-87.2667	3
50.3148	18.7951	2
35.3577	-79.9023	1
-20.4274	-40.3757	16
-37.2083	-73.2155	1
-29.1713	-51.7304	1
45.9047	13.3054	7
33.6227	-79.0029	2
36.745	-3.51985	3
36.0388	-115.297	12
43.5084	-5.69194	1
29.978	-92.1275	1
0.76174	127.38	1
41.1449	-73.2641	4
44.2151	20.9238	10
36.7136	36.2073	4
46.34	10.3707	15
40.7139	-89.5956	2
35.5211	129.103	1
41.0431	28.9671	19
27.8219	-82.7125	9
37.6893	-75.722	1
30.3449	-81.6831	6
29.5669	-95.7242	3
45.158	5.66956	3
55.8687	-3.04371	4
39.6922	-3.74875	2
63.3634	19.1967	1
41.7777	-2.32132	3
-29.96	-51.7253	1
-20.0322	-44.4428	7
49.2547	1.17894	1
29.6668	-97.3319	1
-23.8811	-47.9975	1
44.1056	4.07759	1
36.5075	-4.87291	2
26.718	88.3756	1
-15.9889	-52.0911	1
37.792	-81.0615	1
37.8635	-96.8585	1
39.1802	-96.6106	1
-30.3631	153.079	1
42.3154	43.3569	4
61.0395	24.5126	3
39.5878	-104.898	113
-26.582	-52.2492	1
55.8554	-4.23242	35
57.1506	65.5568	17
19.9066	-100.559	1
33.3109	-93.6298	1
30.0374	-94.0799	2
3.71674	103.12	2
57.7875	38.1483	1
-6.56928	107.76	1
-18.4975	-42.7982	1
29.3871	-95.2988	3
-29.3559	-51.9688	6
-19.8463	-43.7914	2
45.1501	-122.851	1
-23.6856	-70.4155	4
39.6491	-106.593	1
-26.3061	-50.5016	3
37.8708	-122.301	7
-23.1117	-47.1947	22
10.4284	76.2154	1
33.4595	-88.831	4
39.0242	-82.0312	1
-2.67479	-79.6162	1
-21.97	-46.7962	3
52.9778	-2.11201	2
34.2952	-80.6213	2
40.8157	-81.375	2
3.29389	101.762	3
34.4357	135.245	1
2.4802	101.857	3
-3.11963	-59.9854	139
46.7899	4.85034	2
39.6966	-74.9081	1
34.8861	-77.791	2
19.3507	-90.7259	1
50.716	-3.48498	2
-20.1651	-47.4249	1
42.7589	-85.1147	1
53.2132	0.342894	1
31.2434	-90.4729	1
50.406	6.83124	1
-23.4254	-46.0575	2
56.0925	44.352	1
57.7645	16.6167	2
-23.1018	-54.0488	7
34.1662	-106.026	1
-5.15527	-44.1652	22
30.8334	-88.1158	5
36.1543	-96.1762	1
40.8893	26.9047	1
35.506	-94.1393	1
56.8138	24.1832	4
37.622	-1.01556	139
-23.8308	-46.8122	15
-21.65	-41.4319	6
9.63786	-63.6295	1
21.6267	-104.873	1
60.7473	77.5713	1
-3.1107	-41.4845	35
40.0137	-75.0811	6
48.1795	-1.88882	1
-5.88379	-40.2877	2
-21.5888	-48.8205	2
-6.87798	109.095	2
50.4603	7.48321	1
7.70256	-72.3554	6
36.6136	-84.4379	2
38.0643	-1.51597	3
49.4396	32.0803	1
33.1937	-117.357	7
41.5474	2.25873	5
61.7274	17.1035	1
45.8586	1.23198	15
37.9824	-101.13	1
36.7535	-6.3461	2
-33.4464	-70.5553	35
-11.0238	-68.7472	2
42.9645	-78.6608	1
54.4893	-6.77766	1
35.7141	-6.91635	3
38.9711	-77.3894	7
34.0086	-118.497	20
-26.1264	-49.1893	1
-29.8636	-50.5628	9
-22.1994	-55.544	14
-23.062	-48.9055	1
42.0534	-0.546951	1
19.1959	72.8178	3
45.7883	-122.471	1
38.0513	30.1682	1
10.3163	123.912	6
43.6104	3.87434	5
-34.0453	18.4658	3
42.0429	-73.9485	1
19.685	-155.087	1
66.5406	66.6121	1
52.4514	4.62013	3
-16.3051	-48.9725	31
35.8851	-78.8377	1
48.8097	3.09159	3
50.8363	-2.99526	1
14.7236	121.056	3
45.4025	9.12875	22
46.3192	-120.058	1
32.3744	-98.9668	1
-7.78094	110.363	172
42.0082	-94.3766	1
-0.359074	102.304	1
42.271	-82.1702	5
51.9905	5.08207	7
52.0781	21.0098	3
-34.5827	-58.4062	5
41.6118	-87.0555	1
47.1407	-122.27	5
37.6847	13.8317	2
31.1649	-81.6741	1
41.583	2.00636	3
34.1467	-118.76	12
-34.1778	-58.9596	2
42.3446	-3.68944	6
-23.2966	-46.2331	6
47.0148	142.67	11
37.2498	-1.87152	1
4.71576	-74.2119	9
49.1631	20.2848	1
30.1878	-93.5745	1
55.5907	37.3696	1
41.7538	-85.2582	1
32.1431	-110.944	21
32.1853	-83.7666	2
-22.985	-47.5033	2
32.5755	-85.5019	1
56.0018	-3.77093	5
35.9532	139.411	1
-19.7776	-44.0706	5
33.4488	-4.15708	1
-21.2642	-45.0228	3
60.8806	10.937	1
-23.0614	-45.9175	69
34.0459	-117.772	8
55.5467	34.9866	1
34.1227	-114.302	4
-30.1039	-51.9613	1
-1.26856	-78.6406	2
47.5976	-122.151	5
30.605	-89.616	1
5.06951	-75.5094	4
41.5221	-88.1355	2
-2.00454	-49.8583	1
-22.3872	-43.1873	5
53.5057	-0.0569177	1
41.1906	-81.2766	1
46.6497	-118.864	1
-8.13412	112.132	1
49.2689	29.8437	2
50.3949	30.6314	4
38.8819	-86.4433	1
35.6001	-84.4953	1
40.5857	-80.0387	1
51.5882	-3.7691	1
37.8904	-122.058	2
38.8611	-84.6542	2
-32.9616	-70.6878	1
35.2144	-78.065	1
17.0915	-96.725	4
-33.9116	18.6699	2
40.5971	-74.06	4
19.6563	-99.2336	188
37.0757	-76.5037	2
53.4039	-1.5631	36
43.5824	7.10477	7
50.9156	13.0173	1
51.8839	-2.10428	2
42.5108	-84.1915	1
52.2232	5.98136	14
47.0005	6.91732	1
53.1276	23.1567	1
43.3552	5.18785	1
49.1042	-122.737	1
59.8718	30.4643	2
59.4743	32.0514	1
34.9804	-79.2297	1
-6.37765	108.318	4
31.877	-95.8197	1
47.3942	0.695126	1
28.4837	-82.5492	1
41.9389	-83.4144	1
-7.28369	-37.7386	1
34.0024	-5.5429	8
-33.4609	-71.6517	3
40.2468	-3.76932	19
51.1252	-114.185	5
34.8709	136.167	1
54.4456	-6.4123	3
35.0056	-78.0994	2
40.1112	-91.0197	1
37.5396	-122.282	12
33.7677	-84.4181	33
44.3649	-94.6848	1
38.4981	-98.3201	8
14.7433	-17.4531	3
-28.6475	-49.1257	1
30.0967	-93.7702	2
14.3193	-90.3996	3
57.5898	-2.19884	1
-22.5461	-48.6355	53
37.9698	-122.515	1
51.6073	18.9153	1
40.1021	-74.9515	1
50.2114	7.56305	2
51.9057	-8.18877	2
54.8905	52.3391	1
-30.4164	-53.6701	3
-27.8103	-50.3299	1
44.5676	-123.274	1
39.0737	-84.298	2
29.5802	-97.9519	5
46.5533	-87.4104	1
39.5866	-77.0211	1
44.2005	43.1291	12
54.3322	40.6883	1
18.026	-76.8069	1
12.8304	80.0455	1
36.8095	31.3417	5
28.6211	-81.4564	3
52.0936	23.7174	2
51.505	-3.57467	4
35.8133	-78.0971	2
-21.4492	-47.0113	3
39.8504	-105.158	2
63.41	10.366	1
-6.89427	-35.456	5
39.2524	-119.962	1
5.38353	95.8513	1
36.5773	36.1359	2
41.0927	16.875	2
50.8543	20.6155	1
18.8111	-99.1823	8
44.3105	-96.7933	1
-23.47	-47.4366	163
-25.6313	-49.4623	20
41.1179	-77.6047	4
34.2115	-92.0076	1
51.2226	4.42454	2
-1.01657	-52.0695	1
61.459	23.7613	7
24.8714	67.029	8
20.6119	-100.399	61
42.6679	-82.9068	1
37.3312	-81.7706	1
40.7695	-73.9676	97
30.4127	-87.5588	1
-21.0578	-45.661	7
26.8518	75.7959	1
34.4403	-80.7744	1
43.3993	-0.289616	2
36.227	-115.296	2
-21.7896	-48.8606	1
45.4443	11.0005	18
45.4073	-122.238	1
-41.4452	147.127	2
25.4431	-100.959	1
32.6236	-86.0323	1
32.9969	-96.7677	1
52.6738	6.74202	1
54.0838	-0.20277	1
49.9476	36.253	2
5.86373	118.119	1
-1.15746	-50.5734	5
-2.93012	-41.7479	1
37.0681	-88.6205	2
-8.81662	115.186	2
-7.08287	-35.2374	8
40.7582	29.7876	5
51.8289	4.99788	9
3.75431	101.949	3
53.3108	-3.23872	1
50.1548	4.62511	2
33.7597	-118.072	1
32.7576	-108.142	3
43.8398	-79.0917	6
-25.4614	-50.6367	1
39.8075	-85.7466	1
-22.1607	-53.7747	1
54.5463	-1.21134	3
38.7435	-9.15999	83
33.2525	-8.51425	2
-30.3331	-54.374	43
52.5126	13.2741	5
32.9078	-96.606	4
37.3838	-81.1059	2
-18.7954	-41.9396	10
59.869	17.6184	1
-26.9981	-49.2271	18
33.4558	-80.5001	1
33.6579	-96.6096	1
49.3479	6.94227	6
38.94	-8.85765	1
41.8583	-71.5277	1
60.3269	-1.42781	1
-25.223	-57.3977	1
18.2913	-93.3416	7
36.3048	-108.691	1
23.1082	77.512	3
3.93554	102.371	2
52.2346	-0.881253	1
35.107	138.868	1
44.0864	-70.239	1
45.1421	10.0206	1
38.2011	-83.4823	3
-24.2542	-50.5373	1
40.5369	-85.4804	1
28.3523	-13.9534	1
6.36543	2.46682	2
59.3336	17.98	47
35.6293	-106.039	1
46.7978	17.1824	2
-22.3647	-41.7916	1
