Latitude 	 Longitude 	 Weight
44.5472	0.04196	1
51.9522	5.90207	1
41.4799	-87.6792	1
-19.9187	-43.9598	1
3.88653	11.5042	1
39.6186	-75.6795	1
31.11	-83.4233	3
49.1232	-122.827	2
42.1087	140.576	1
52.1331	1.42032	1
-1.71186	113.698	1
31.7538	-93.115	2
40.0675	-79.8931	1
48.9537	2.87728	3
38.8151	-77.0909	9
33.7666	-116.976	1
60.6647	28.9247	1
0.90875	104.443	1
41.122	-75.9529	1
48.3884	2.96241	7
0.518773	101.459	2
47.9964	2.73025	1
2.42937	102.215	1
38.2631	-77.5619	1
4.47098	97.9734	2
42.2733	-83.7377	2
-3.23194	123.185	1
27.8155	77.3373	1
34.0009	-81.7712	1
35.5882	139.728	2
-2.42837	106.432	2
3.66668	98.6712	16
50.1212	8.63661	1
32.5711	-89.8764	1
41.6124	-81.2327	1
1.42821	124.977	1
-7.14941	-34.882	2
48.299	2.39383	1
48.7734	2.07451	20
40.8314	-73.8681	4
-25.7504	28.2064	1
-7.97656	112.628	73
42.917	-78.8507	4
55.705	37.3564	1
33.1135	-96.672	1
40.5778	-111.91	3
50.8642	-103.333	1
43.2943	5.40513	3
-6.81011	107.151	2
50.5225	3.03375	5
35.2035	-80.836	1
1.36294	103.951	2
34.385	132.589	1
46.8415	-71.3703	1
43.0967	-87.9122	10
3.35359	101.253	1
1.22835	110.697	1
50.8302	4.34216	7
37.7542	-92.116	2
4.87181	-52.3279	2
1.27938	124.889	3
48.3421	-122.671	1
47.3321	5.03236	1
52.3834	13.1196	1
51.6636	-0.810113	1
48.6221	22.2912	1
-6.90558	107.626	30
48.9226	2.51516	112
43.2607	-79.9135	1
48.9356	2.04449	20
46.6352	1.09568	1
-0.514978	117.166	1
52.3547	4.90405	1
41.4278	-81.6245	1
50.8333	4.0	1
48.1261	1.52292	1
29.6296	-95.2624	2
44.8638	-0.586176	6
-6.56218	106.771	8
34.7829	134.849	1
-7.15262	111.583	1
42.572	-83.3814	2
-1.27144	36.8123	1
33.8881	-84.541	1
-22.9365	-46.5619	1
-0.0097584	109.307	2
50.4426	-4.95555	1
52.8323	-9.43962	1
-7.29068	108.004	2
36.8687	-2.37369	1
-2.76744	107.693	1
55.4329	37.7628	1
-2.97932	104.738	6
36.1007	-79.839	1
46.5831	0.34654	1
32.3795	-95.3224	1
40.2659	-7.5764	1
47.613	-122.342	4
48.5895	2.24626	11
7.25343	5.16884	1
48.1205	-1.65225	7
-7.42272	109.25	1
45.7607	4.85089	4
34.1693	-80.8932	1
42.469	-82.8954	1
-7.82869	112.02	1
40.5646	-74.1468	1
-30.0997	-51.1593	1
39.211	-76.8439	1
28.9699	-111.498	1
59.3942	18.6174	2
0.0	0.0	18
48.9875	1.91135	5
47.8566	1.9147	3
56.8747	16.6574	1
43.0039	-83.6333	2
40.3537	-94.8858	1
47.4815	-0.563019	2
58.3788	13.4678	1
-33.9076	25.5553	1
35.684	-81.991	1
29.5042	-95.5239	1
6.43955	3.36608	1
55.7355	37.0359	1
-8.45547	115.072	1
38.9366	-76.7722	1
59.9341	30.3287	6
-0.789275	113.921	1
44.9281	2.44146	1
-3.42718	114.791	1
33.7976	-118.193	3
49.0714	2.10159	7
-8.58183	116.107	1
34.6881	-79.2023	1
21.7836	-72.2039	1
47.3859	-122.313	1
48.9751	1.71	3
-7.46435	112.429	2
35.975	-78.8993	1
-23.8633	-46.2901	1
-22.5832	17.0928	1
40.9437	14.2333	1
56.1107	-3.32511	2
52.0508	113.401	1
49.0805	2.67006	12
34.0889	-117.966	1
2.2879	111.831	1
-8.64872	115.173	7
30.0277	-95.5155	1
49.2771	2.46442	1
34.2468	-118.446	5
26.3149	-80.2684	1
41.2903	-72.9394	1
47.9819	0.195548	1
39.983	-82.9774	1
28.6211	-81.4564	2
57.5318	38.3116	1
33.8291	-84.1811	2
-0.587732	111.388	3
49.8988	2.28468	1
37.9259	-121.287	1
-3.99681	39.7308	1
47.3498	-123.076	1
59.724	30.4085	1
-7.80004	110.94	1
42.7466	-75.77	2
52.3851	-2.27787	1
53.6799	9.37268	1
34.1772	-118.102	1
42.997	-77.3945	1
35.3288	139.351	1
41.7308	-88.0445	1
32.1774	-110.884	1
43.4839	-1.49374	1
35.9861	139.577	1
53.0138	18.6013	1
-8.0436	-34.9394	1
46.9709	-122.508	1
-8.80216	115.222	3
2.71563	101.953	3
48.1193	0.0103691	1
-36.7374	-71.0353	1
55.7559	37.5483	6
19.4325	-99.1534	3
48.383	31.1814	3
33.9819	-117.32	2
16.2376	-61.6356	2
26.1312	-80.1802	2
-15.4552	-55.8425	1
49.1609	-0.358697	1
44.2055	0.624839	1
-1.2188	116.843	4
-26.2617	-48.9665	1
16.2586	-92.301	1
-23.6211	-46.7853	2
1.07235	104.026	3
14.8524	-91.5221	1
24.8103	-48.7785	1
25.6694	-80.4011	2
14.6086	120.987	1
50.8182	-1.09673	1
36.1607	-77.6894	1
34.0209	-118.211	11
-22.8513	-42.0344	1
32.8246	-117.109	1
48.4084	-4.49955	1
43.5884	-84.7801	1
25.5968	-107.963	1
-7.44856	110.224	1
-7.1952	108.182	1
51.4806	0.143678	3
42.3144	-70.9703	2
33.4998	-84.3472	1
37.3993	-5.9424	1
-20.9954	-46.1229	1
33.5701	-7.63608	2
54.516	-5.89277	1
-5.27705	105.188	1
3.05122	101.559	12
1.00185	116.394	1
-7.2771	112.717	33
5.14786	73.0588	1
51.585	5.06361	2
-0.964271	100.397	1
45.4864	-73.8041	1
4.80132	101.057	2
5.0294	118.332	1
33.5178	-112.095	2
-7.67841	109.67	1
32.3037	-90.2241	2
47.7543	1.57233	1
41.9389	8.75064	1
-7.32195	110.497	1
45.1581	7.3865	2
30.2978	-97.7533	1
40.7258	-74.2329	3
45.8357	4.99631	1
48.8069	2.6042	22
39.353	-76.5823	5
31.1689	-100.077	1
52.6404	-1.12051	1
33.7678	-84.4181	2
53.7172	27.9867	2
0.161457	117.478	2
-6.35997	107.805	1
46.2056	6.44306	2
-6.86777	109.125	1
29.7555	-95.5601	5
5.40219	-3.99103	1
-0.86944	119.818	3
36.9225	-5.1463	1
50.4756	2.66416	1
-6.6801	108.533	3
45.4218	-73.9645	1
-7.22675	111.793	2
41.3941	2.1393	1
43.7093	7.29088	5
32.8207	-96.7315	1
32.2391	-111.028	1
-26.3075	27.9439	1
4.08298	9.67571	1
54.3842	-3.00504	1
-6.30863	106.7	15
42.7915	-70.9695	1
42.2388	-84.4078	1
43.3215	-0.343157	2
31.8992	35.0085	1
-37.7366	144.97	3
48.868	2.31033	131
43.4955	-80.5493	1
-15.7763	-47.7966	1
29.9341	-90.0244	2
37.7851	-122.393	7
48.7376	7.05268	1
-2.56954	140.527	1
48.7388	1.36564	1
45.6216	5.20918	4
-7.65408	111.35	3
49.1733	6.9327	1
-7.45968	112.742	1
38.9637	35.2433	2
5.70857	-0.157848	1
49.4382	1.08854	5
46.803	1.70319	1
3.60935	98.5115	1
18.9338	-99.2608	2
-6.8841	109.659	1
-1.60202	103.62	3
51.5207	-0.142822	334
33.6908	-84.147	2
49.4434	2.0882	1
-6.16896	106.827	116
46.8052	-100.767	2
38.0034	-79.4209	1
48.2842	6.95058	1
36.2329	-115.238	3
14.4814	-61.0174	5
34.0203	-6.83744	1
-6.9958	110.428	7
37.5118	127.023	2
50.6318	5.58511	1
39.9341	-75.1014	2
56.5405	-3.88487	2
7.49564	99.0753	1
19.2524	-99.5724	1
41.4087	-8.50005	1
4.70524	103.441	2
36.7061	-85.1396	1
0.748778	124.312	1
51.6007	-1.12426	1
-7.34831	108.231	1
52.0692	4.32203	1
-21.2133	-47.818	1
41.6854	-72.7632	1
30.5008	-91.1334	4
29.1627	-82.1681	1
29.4105	-98.5686	1
32.7738	130.714	1
33.8853	-118.346	3
-20.8973	55.4468	1
-3.30786	119.196	1
6.11019	102.265	1
1.86117	104.63	1
2.98508	101.422	4
53.4309	-2.96087	1
27.8378	-81.5313	1
34.7017	-118.115	1
61.2027	-149.754	1
48.6189	2.97564	4
51.7912	55.1232	1
-7.91187	113.811	1
1.66289	101.429	2
-23.6989	-46.6151	4
45.4507	7.01073	1
45.184	5.71568	2
40.9956	-76.9252	1
50.9361	1.88713	1
41.817	-71.421	1
47.8515	3.57711	1
-26.1761	28.0353	2
-7.83555	112.696	1
41.8339	-87.7319	4
48.5157	3.71545	1
55.9599	-3.19968	1
-8.26754	113.682	3
30.3645	-81.562	2
47.3884	0.702435	1
43.6293	-79.2725	5
38.5617	-121.461	4
33.3168	-117.483	1
19.3272	-99.2564	3
-7.57958	110.88	1
-6.22916	106.967	3
49.0025	0.14212	1
34.1827	-119.225	1
61.2734	73.4332	2
30.0069	-90.2438	1
35.305	-80.7244	1
2.9313	101.697	4
30.6745	-87.939	1
-7.6863	112.708	1
54.1937	37.6289	1
37.2968	-121.817	1
55.8554	-4.23242	4
48.7391	2.76042	3
4.24884	117.907	2
16.0626	-61.5694	1
40.6975	-73.9797	4
5.39716	100.315	3
17.405	78.4115	1
49.1062	2.26047	3
48.8164	3.08641	5
38.9979	-105.554	1
32.5406	-85.8235	1
56.8155	60.6136	1
45.5432	-122.655	2
-1.74911	102.839	1
-7.19253	112.957	1
38.2618	-76.4706	1
5.92056	102.242	1
39.177	-0.23851	1
19.184	-96.2312	1
38.1167	-122.277	1
43.5946	1.37194	2
41.1416	-81.5152	1
48.7216	0.83999	1
41.0662	-86.2157	1
32.6613	-117.091	2
51.4554	-1.01306	1
-5.41975	105.256	1
-20.785	-49.3592	1
38.2627	-121.264	1
-3.64044	102.574	1
30.0836	-95.9871	1
46.7222	7.06125	1
38.9684	-76.9553	2
25.81	-80.1401	1
45.0728	7.67575	1
35.762	-109.047	1
-3.79525	102.256	1
27.9944	-82.4681	2
39.1713	-86.4991	1
35.201	-90.2264	1
41.5008	-99.6809	1
4.64713	101.203	3
35.4383	137.362	1
-7.28672	110.093	1
41.5641	-71.4715	1
-2.22487	106.124	1
51.8789	6.07713	1
35.1295	-90.0268	1
1.35608	102.152	20
42.4404	-83.2185	1
-7.78094	110.364	19
-2.57242	-59.9803	1
1.45643	124.816	8
26.0017	-80.3619	1
29.7392	-95.3818	1
48.3064	4.08012	1
42.0712	-88.045	1
45.2482	-75.8001	1
5.53276	95.3189	3
35.1634	-115.9	2
14.6102	-61.0921	3
-6.64782	106.89	4
48.5165	2.6342	13
-6.29906	107.105	5
-23.0614	-45.9175	1
-6.04604	106.081	4
30.8394	-89.532	1
37.5295	-122.009	1
47.9938	-4.10792	1
3.14853	101.705	36
5.96623	116.091	1
2.20133	102.248	4
44.3992	-122.702	2
48.7746	2.46198	33
37.7076	-122.125	1
43.6026	2.69127	1
-6.16939	106.655	7
40.6505	-73.792	2
48.7003	6.25532	1
51.9037	-9.03369	2
-6.36291	106.853	11
48.4987	3.4944	1
45.0378	38.9976	1
4.23955	103.192	1
5.51292	103.047	1
41.7022	-87.6616	1
-20.4274	-40.3758	1
20.6767	-103.337	2
19.0417	-98.193	2
26.6294	-80.212	1
-4.11957	120.027	1
-19.0045	-48.3585	1
30.4183	-81.7688	2
40.4768	-79.9187	3
42.4205	-73.8615	2
48.9925	2.38562	3
-7.67113	108.778	1
37.531	126.872	1
43.739	7.09925	1
38.658	-77.0102	1
50.7003	3.16647	1
47.0877	-122.32	1
-5.1472	119.429	13
33.5914	-101.888	1
14.8668	-61.1227	1
52.5503	-2.08168	1
45.5313	10.2029	1
30.033	-89.8826	1
40.7027	-112.025	2
-23.513	-51.0998	1
51.131	-113.945	1
48.6584	2.37403	16
40.0018	-75.2392	1
-4.98859	105.312	1
-7.59059	112.505	1
42.2719	-83.2651	1
19.626	-99.0903	2
-12.3487	-46.5503	1
48.6576	2.57849	24
52.4165	-0.718361	1
1.5254	103.838	8
47.414	2.9422	1
52.483	-1.89359	4
13.5886	-89.2836	1
-6.55092	107.741	1
43.8178	4.35092	1
52.9127	-1.04522	1
34.7445	-87.697	1
19.6347	-98.9082	1
42.8079	-5.63706	1
16.3179	-61.485	3
51.6772	-2.01874	1
-7.35152	109.64	1
32.6072	-96.8102	1
37.3495	-77.4401	1
51.6177	-0.278072	2
51.3047	-0.66107	1
44.2938	12.3444	1
-14.2393	-53.1848	1
6.14284	100.383	1
-0.306017	100.369	1
27.7779	-82.6292	1
3.86331	103.317	3
-12.8753	-38.5026	1
41.594	-70.9703	1
59.3336	17.98	2
33.9209	-117.944	3
45.6457	0.145144	1
