Latitude 	 Longitude 	 Weight
-17.8316	31.1381	1
34.3736	-80.0839	1
34.4014	-101.777	1
-19.9187	-43.9598	187
45.2333	7.84736	1
41.387	-80.7616	2
38.1377	13.3472	4
-5.97636	-35.9228	1
19.3184	-98.2454	5
39.5785	-80.136	2
55.5715	38.2275	4
13.3438	-88.4353	1
40.6615	-74.1955	49
34.9909	137.064	3
43.3512	-2.83942	1
34.6809	135.163	1
-21.21	-48.2936	1
-22.8129	-45.2349	10
35.165	136.911	12
38.5213	-90.0134	2
46.2899	-119.964	2
3.14715	101.841	128
58.3533	11.8134	1
-0.238819	-50.7698	5
47.2493	-122.457	9
31.4162	-103.494	2
53.2109	5.67335	2
49.4527	-2.54198	1
45.9653	13.4063	1
48.8534	2.64746	120
5.40243	100.695	1
-24.1895	-54.0695	1
51.4208	-1.10123	3
47.0895	-122.426	6
28.9707	-80.8529	1
38.028	-121.892	3
33.516	-82.2263	3
4.85494	6.98791	1
36.3998	-78.1593	6
48.086	7.36353	4
-29.6239	-50.9986	7
-14.5329	-49.1422	1
52.2816	-1.94571	1
37.7946	-76.5499	1
8.27059	98.3332	2
44.9375	-92.9214	2
40.9514	29.3893	1
56.7431	12.7834	1
-8.1179	112.189	2
41.7434	-88.3088	4
-7.03353	-37.3471	2
46.6604	-122.979	1
22.8881	69.543	1
43.6044	-96.5591	1
23.6254	-102.558	1
42.0483	-72.5696	11
50.1212	8.63661	8
33.5153	-86.656	8
43.6604	-84.9087	2
-33.2367	-70.7706	1
-22.4012	-49.4018	1
-23.5298	-45.8447	1
33.6783	-117.784	12
36.0778	-86.9129	4
38.4614	-82.648	10
44.969	-93.0852	6
34.4873	-118.159	8
38.0096	-121.353	2
42.3937	-82.8628	3
-7.82777	-35.3164	1
29.5825	-98.2757	7
14.9678	-91.782	1
43.6814	-79.7831	8
-28.3787	32.2971	1
-26.4195	-51.8397	2
51.9187	19.1348	5
-16.4024	-41.0586	1
42.8355	-106.272	1
35.8305	-85.9786	9
33.7532	-112.317	4
3.42042	101.441	6
34.8789	-117.004	1
10.9018	106.706	1
38.8736	-94.6415	6
19.5054	-99.0487	24
38.689	-75.164	1
62.6648	22.1613	1
35.6982	-80.6441	1
22.2703	-97.9168	3
43.9865	-75.9079	1
36.5942	-101.64	1
50.656	5.21006	1
10.2028	-64.6728	5
47.4757	-122.095	4
36.7411	-3.66844	1
50.3377	3.02159	1
30.2427	-91.8586	1
36.7174	-95.9584	1
38.189	-85.2112	1
42.9894	-77.3087	1
30.1798	31.4718	2
17.2872	-62.7283	1
42.2262	-96.4672	3
48.1425	11.4767	1
53.5202	-113.639	5
37.5445	-97.2557	2
42.9427	-74.1917	2
35.5815	-78.6427	50
13.2149	-59.5263	3
27.2101	-81.8602	2
-19.4731	-40.6271	4
21.433	39.7911	1
24.9871	121.287	1
36.5603	-87.3465	5
37.9835	-81.1466	2
25.3268	51.5374	1
39.0385	-87.1676	1
51.5762	5.04442	15
11.6609	-70.208	3
46.8269	0.506761	3
38.834	-76.7508	12
36.2107	-78.9183	1
-21.7916	-51.8625	1
-7.88182	-38.7618	1
-4.0229	39.7057	2
53.2231	-2.88174	3
40.0115	-89.2853	1
32.5462	-83.8885	1
55.1763	37.4803	1
48.6144	1.92668	1
52.6003	39.6002	1
41.436	-82.7196	1
24.4751	54.3741	5
51.4969	-0.540952	1
32.5211	-92.7089	1
10.168	-67.4543	2
40.7202	-116.101	1
-0.62613	100.154	1
26.1464	-80.5654	1
3.94351	103.358	10
42.8431	-88.7393	1
-23.2514	-47.0591	5
-6.90558	107.626	243
39.9824	-0.0393856	1
39.4739	-96.6581	2
28.4811	-81.3687	2
-3.12178	-40.8315	1
-23.7071	-53.4119	3
10.0655	-69.3398	5
43.3537	-8.40354	1
39.2942	-102.708	1
-7.04661	107.588	4
16.959	-99.7356	1
38.306	-121.255	2
51.1999	5.53496	1
33.5914	-101.888	7
18.0722	-66.7445	1
37.8223	-85.7682	6
41.8005	-88.1674	20
-7.97425	111.534	1
42.2562	-83.6364	4
34.6902	-118.281	1
61.5218	-75.0065	3
-5.94912	-35.4266	1
20.7152	-105.279	5
-8.58183	116.107	7
-3.22777	40.1172	1
45.0011	-86.2707	3
-26.4283	-49.3274	2
53.2326	-1.8938	1
35.3584	-101.382	1
47.4824	19.1295	1
57.0086	40.9942	2
28.639	77.0771	2
-7.00863	107.869	6
52.7907	5.14252	1
44.7914	11.9669	1
33.2131	-87.5493	3
2.79401	102.221	8
45.344	28.808	1
62.7879	22.8383	1
50.0443	22.7159	1
47.3224	-93.2681	1
46.3704	17.8163	2
40.7368	-73.359	5
-10.2392	-48.8529	1
50.8814	4.08022	2
19.2087	-103.807	2
32.0428	-90.3826	1
45.0405	41.8935	1
39.0869	-77.154	40
2.16459	102.43	1
35.1828	-101.932	3
42.5105	-7.49825	2
28.9489	-95.9612	2
-20.0806	-44.5819	5
-6.76839	39.2297	1
48.3884	2.96241	5
51.9537	6.08498	1
50.0843	2.86865	1
-26.3964	-51.0271	1
41.9383	-93.3898	4
15.7102	100.117	1
47.0008	6.91767	1
9.48333	123.178	3
46.4858	-84.3744	3
34.1448	-97.2521	2
39.2859	-94.9187	1
40.0206	-75.6259	1
50.9257	1.81227	1
29.2872	47.886	4
41.6428	-87.4467	7
51.9325	7.7183	1
42.8392	-78.7493	5
28.9699	-111.498	8
45.4444	11.0005	1
14.3586	100.565	2
16.89	99.1174	1
-33.9097	18.5954	2
20.5301	-100.816	1
51.9682	5.10996	7
34.2678	-80.7779	1
41.4767	-75.177	1
33.3552	-84.7603	2
42.9218	-71.5376	2
30.0096	-91.8112	6
39.8437	-75.1316	1
44.0358	42.8779	1
-2.13942	-79.9095	43
25.5835	-100.483	2
-6.92341	110.063	1
-23.231	-46.7387	3
48.7584	2.27875	298
-20.2715	-70.0995	2
-1.19236	-46.7872	1
-22.9736	-49.866	2
20.4801	-86.9724	1
47.3366	-122.192	2
9.33515	123.301	2
18.2109	42.5098	1
45.1108	9.17951	1
49.3543	7.06293	2
49.2884	-123.073	9
54.0916	-1.38801	1
-19.2362	-43.247	3
-7.46064	-35.1597	1
39.3166	-94.7033	2
12.5571	-70.0444	1
33.8326	-94.1172	1
28.6299	77.3059	1
34.736	-95.8947	1
36.9748	-86.4302	3
36.0873	-79.997	7
39.124	-94.3696	1
33.0535	-84.1519	1
30.2236	-93.1778	2
45.3914	11.7935	3
-23.417	-54.5603	1
48.4136	-66.9649	1
-30.9286	-51.8289	2
40.0629	-83.0898	7
67.1402	14.6924	1
34.6885	-80.7422	1
33.0158	-111.593	1
8.89804	-64.2298	1
51.63	6.23951	1
-5.90692	-36.7753	1
51.9348	-2.0771	2
6.39402	100.207	3
40.5905	-112.009	8
62.0355	129.725	3
-34.7868	-58.3302	1
41.6284	-88.0196	4
-29.2431	16.8805	1
32.3637	-111.062	3
13.721	100.771	5
12.1846	-68.9584	2
35.4902	-81.3563	1
-23.4057	-51.9683	24
50.3759	18.9775	29
39.1331	-94.9009	10
45.7122	2.2565	1
34.8846	-87.8494	1
47.0866	39.434	1
50.3998	1.5664	1
28.9494	-99.3522	1
-2.27929	-80.9187	1
40.3414	-76.7912	4
34.7138	-92.1829	3
34.7233	-92.3379	6
-5.42423	105.251	12
58.2821	12.3316	1
40.8508	-79.8817	1
30.0	-90.0778	10
53.3215	50.0679	6
-23.2969	-45.9737	14
69.3539	88.211	1
-23.3995	-49.5154	1
44.7732	-93.2755	4
-5.62487	-37.8661	2
38.8042	-82.9811	8
39.8135	-85.9858	12
7.88917	-72.5001	3
-26.9875	-51.1292	2
43.6166	3.77499	8
53.382	-2.59982	4
-21.3646	-46.0058	1
-2.42018	-54.7104	6
35.998	-114.94	6
36.8722	-87.8328	1
47.3811	0.693057	2
39.0779	-77.0047	88
12.5881	-16.2754	1
-6.28588	107.363	18
41.0213	-85.1887	5
51.2799	1.09365	1
6.24266	100.6	1
27.7929	-82.3239	4
41.713	-86.1789	14
43.6111	3.16391	1
37.8135	-121.338	5
-9.39536	-40.5178	1
42.6446	75.8616	1
54.5986	-1.08026	1
38.502	-117.023	1
35.309	-98.7166	1
-16.6428	-49.2612	34
-6.82883	106.757	6
-7.48786	112.458	1
36.705	-120.095	2
45.5331	-122.423	6
41.0469	-81.7198	4
41.9163	-71.0844	3
40.9058	-73.8333	20
-23.3552	-47.9037	2
40.6169	-80.2622	1
-18.1336	-49.0228	3
2.81028	104.143	1
39.7698	-76.6803	2
4.39452	113.989	2
44.5081	-88.0239	2
51.3372	0.535645	1
42.2853	-83.7996	3
37.8237	-80.4115	2
40.8904	-80.8433	1
50.2938	6.66247	2
46.579	1.97039	1
-33.8197	151.006	4
30.3449	-81.6832	16
-22.1761	-47.3406	2
-37.9758	145.204	2
48.9571	2.54514	89
54.1281	-2.76996	1
28.3126	-81.6734	4
43.131	-70.9305	1
33.6742	-111.858	3
46.4044	-120.26	2
39.1532	-93.958	1
20.7153	-100.441	21
37.2013	-87.5223	1
51.7031	5.3249	9
-3.98059	122.515	2
36.0076	-80.2031	3
51.6639	5.63168	5
8.62497	-71.1369	2
41.2378	-80.8078	4
41.7278	-86.3469	1
44.8204	4.77307	1
52.5379	5.34582	3
35.0532	-107.63	1
3.72917	101.476	1
43.0408	-71.4514	1
45.5255	-94.1515	2
-36.8862	174.7	5
-23.8086	-47.7244	1
4.92205	-52.3179	1
41.0041	28.6664	1
25.559	-97.5474	2
-37.8438	144.701	2
43.17	-106.394	1
-29.753	-53.8242	6
-8.11343	112.626	67
43.856	10.2697	1
-31.5614	-52.3342	10
41.6417	-85.3562	1
52.9704	36.0825	5
-36.7077	174.749	1
36.8545	30.7522	1
-7.32828	110.519	12
-24.0534	-48.27	2
-1.96653	30.0558	3
-6.24201	-40.1474	1
61.2171	28.794	1
27.0465	-99.4379	1
43.3702	-72.3408	2
-22.5937	-44.9655	1
38.145	-95.885	1
33.7894	-118.308	34
42.5925	-70.9396	8
33.0473	-111.367	1
37.8257	-77.4556	3
42.0235	11.8917	1
55.1254	73.3788	2
36.7619	-120.382	4
51.7349	-1.97525	1
30.2066	-81.8377	3
-26.4426	-48.7768	1
40.4147	-75.611	1
56.1385	40.4177	3
20.8753	-86.8658	2
35.5541	-80.8533	1
-26.8728	-49.1096	9
8.64371	-82.9603	1
55.9154	38.0113	1
53.9054	27.5857	4
13.8436	75.695	1
-23.6269	-51.6995	3
53.1686	6.88009	3
50.8426	-103.264	2
2.87395	101.496	9
35.1949	-84.8566	2
40.6446	-76.1011	2
55.1559	61.3679	4
-19.0705	-40.1465	2
43.6519	-116.701	2
18.2621	-66.8486	3
34.7796	-84.9867	1
43.0958	-88.9287	1
40.3491	-80.6963	3
-15.7182	-43.4193	1
39.3062	-80.2443	2
-22.1208	-48.3462	1
36.8794	-89.5589	2
46.7669	-120.987	1
41.7637	-72.5074	5
40.4314	-79.9806	32
16.0262	99.7759	1
42.2754	-71.8077	8
29.8806	-95.6659	8
4.80132	101.057	2
24.0873	120.664	1
45.772	4.8898	25
43.5398	7.00931	6
52.7298	6.07556	1
-2.5482	106.516	1
58.5534	31.2773	3
40.6513	-89.5588	2
32.3037	-90.2241	9
-35.3301	-71.5517	1
7.08181	125.613	8
36.9264	-82.4487	3
53.459	6.62288	10
5.50522	115.774	3
41.4655	-74.0367	4
46.7298	-117.169	2
3.03296	101.654	465
37.7914	-3.74254	7
29.7234	-95.6331	24
50.485	4.88568	6
38.8778	-99.3181	12
37.7101	-79.4555	1
32.6782	-83.1783	34
-7.16245	-47.8799	1
40.9233	-73.9986	38
48.95	2.24785	132
-8.61145	120.466	5
7.00683	100.473	1
35.0779	-92.4591	4
5.60202	-0.091231	22
43.906	142.564	1
14.6878	120.556	1
2.02469	98.9626	1
-26.4712	-52.8598	2
29.8895	-97.6875	4
36.2956	-109.21	1
24.3419	54.6262	1
36.0971	-119.569	1
38.6264	-90.5931	3
45.7736	-0.188708	1
37.6547	-121.011	5
-23.4458	-51.4481	5
34.2446	-83.9069	1
44.5091	-88.1708	2
39.1109	-80.4091	3
43.8411	-79.5581	7
42.3519	-87.8327	8
54.5977	-5.92651	3
35.5709	-80.573	3
45.5353	10.2238	2
31.6992	-94.2349	1
40.6219	-79.7386	2
50.9235	6.95416	2
43.9291	2.13251	2
-0.682529	73.1535	1
36.9584	-82.5939	3
2.9535	99.0609	3
-33.9954	151.09	3
40.057	-3.65132	3
-11.7719	-77.1766	1
8.56995	-79.885	1
-29.3727	-51.0915	5
-26.7242	-53.4817	4
34.3387	-77.7424	2
39.801	-8.79559	2
20.6401	-98.6553	1
35.4993	-79.1687	2
38.0816	-1.05778	3
35.3882	-110.335	1
19.1891	-70.1119	2
-22.1201	-51.3849	5
37.5669	-77.4439	9
37.2692	-119.307	20
31.6527	-83.598	1
-39.288	-72.2326	1
-26.3749	25.4619	5
51.4436	4.10752	1
-22.1868	-49.9589	10
-18.7968	-40.0622	4
31.8039	-81.4599	1
14.2806	121.073	8
-22.0348	-50.1948	1
32.5762	-86.6807	2
57.8106	28.3618	2
41.5829	2.0064	4
1.04857	104.418	4
40.9152	-90.64	1
35.7408	-109.07	5
35.9128	-95.5657	1
53.29	83.6478	2
-22.6446	-43.3052	14
36.8582	-92.737	1
28.2638	-80.7081	3
-3.83742	102.311	2
-27.1111	-52.6609	1
30.4223	-9.58203	1
44.6562	-63.5923	1
33.8365	-117.313	3
16.5944	120.319	1
35.212	-111.595	1
33.8098	-90.5322	1
41.9667	-83.6649	1
43.9065	-96.6665	1
-21.8793	-47.9053	13
-16.5552	-48.0222	4
19.2708	-99.6499	15
40.8518	-4.05472	2
37.2597	-77.2774	5
39.8575	-80.5563	1
34.8778	-92.3917	2
-24.6977	-53.7903	1
53.2204	-0.558267	3
42.2134	-85.8591	1
29.4104	-98.3359	10
-29.392	-50.9007	12
39.9347	-91.3754	1
41.5439	-72.6475	4
48.7791	9.17711	2
-10.0421	-56.3881	1
10.646	-61.366	2
32.5903	-97.2188	7
56.2847	43.851	1
-29.1921	-51.3739	1
33.9327	-83.3625	3
44.1436	-93.9874	1
40.7903	30.3779	1
38.579	-76.9096	9
34.5928	-83.3551	2
30.276	-86.0023	1
35.5944	-85.2005	2
30.587	-95.9518	1
45.5251	-122.915	5
8.93564	-79.7364	1
39.5071	-84.7452	1
51.5207	-0.142822	2901
36.799	127.107	1
-12.6735	-38.902	1
32.421	-81.7879	2
16.2549	103.237	2
-5.7915	-35.5497	1
-26.1206	-51.0906	10
33.5924	-86.2767	1
41.0282	-78.371	1
41.4736	-87.3168	5
38.0357	-97.9228	2
-22.2628	-45.9406	1
39.7632	-88.2792	1
-6.9958	110.428	53
36.4559	-94.1239	1
21.3841	-100.218	2
36.5563	-5.05519	1
31.5758	74.3517	2
31.0772	-89.3864	2
25.9411	-81.7043	2
50.652	-4.03372	1
35.2043	-118.83	2
49.5431	0.955027	1
-20.3371	-43.3298	4
29.9979	-97.812	1
38.5795	-121.29	5
52.202	-2.20987	2
56.4652	-2.96344	1
52.1983	18.6361	1
-27.0696	-70.8161	1
-25.4951	-49.2884	240
44.0796	-99.607	1
-2.2153	113.91	3
-23.5452	-46.4883	39
52.3731	0.469422	2
42.0977	-87.8619	6
40.0653	-80.8114	8
15.7913	99.9675	1
39.1494	-92.6843	1
13.788	121.074	1
40.2255	-8.45231	1
49.0025	8.33256	4
29.481	-98.4934	79
-8.68549	-35.8933	1
38.5305	-8.86894	5
-1.56358	-79.753	1
40.6497	-84.9566	1
-1.72501	-48.8812	2
-23.0595	-46.972	10
-29.8753	-50.4011	2
38.7913	0.0334633	2
50.5667	137.044	4
56.0925	44.352	1
41.9987	-93.6381	6
34.509	-98.7026	1
38.6088	-82.7057	1
-16.7271	-43.8685	1
41.0034	-73.6576	4
0.95859	124.815	1
52.7455	5.30913	1
39.4692	-87.4479	18
-21.0885	-41.658	1
-21.2133	-47.818	26
47.6728	-117.412	2
34.6138	-98.444	4
5.55652	117.855	1
38.9097	-92.3286	5
-2.53555	-49.0335	1
37.4191	-113.248	1
52.3678	105.021	1
34.6233	-85.8479	1
32.7763	-108.144	1
51.5406	0.735895	5
3.33108	99.1414	1
4.73156	118.1	1
25.9856	-80.1336	17
-7.4861	110.209	3
53.3978	-0.476326	1
39.9767	-77.229	1
23.4681	-106.272	15
1.86117	104.63	7
35.738	-111.474	1
-12.3487	-46.5503	3
-22.3083	-54.7785	1
-29.7416	-51.1405	10
-19.5521	-51.3994	2
-20.1139	-44.9368	7
5.5081	100.553	4
39.7187	-83.8777	2
46.0145	-92.9254	1
43.0694	-76.1598	2
27.1715	-80.2913	1
54.4526	-2.60632	1
47.8823	-122.259	5
38.967	-76.8477	58
41.206	-95.8969	1
52.3026	5.25039	4
-7.80284	110.375	153
36.982	-84.6388	1
-24.3788	-47.9318	8
-6.36333	-38.8318	26
55.7397	-97.863	2
49.4301	1.07755	16
37.7153	-89.2105	8
27.5719	-99.4307	3
43.6087	1.07924	1
19.7604	-155.571	2
43.1495	-80.2221	1
48.2445	2.69799	1
-16.0175	-48.0742	1
-22.4361	-45.3967	1
35.4618	139.627	2
35.0742	-106.523	43
-27.7689	-48.6676	2
51.3543	19.3626	1
18.6616	98.9109	1
39.0227	-79.9459	1
-6.8168	107.137	4
35.3811	-96.93	2
41.3916	-73.6206	1
51.2667	22.8865	3
3.16066	101.576	41
36.7812	-81.739	1
30.9749	-93.2735	1
46.6556	-52.6409	4
26.6822	-81.9922	1
41.3781	-83.645	3
-22.6804	-47.0163	4
49.4962	0.131479	8
54.5363	36.2486	5
19.0501	-70.1429	1
46.2712	6.39632	1
40.7809	-73.9771	113
33.9794	-118.019	47
-7.84359	112.032	8
-22.1148	-45.0354	2
40.3449	-84.7467	1
35.6595	-79.8702	1
-29.4497	-55.1328	1
53.2745	6.37179	6
32.445	-85.6888	1
13.9335	100.712	1
0.921252	104.517	3
52.7642	23.1903	1
31.8281	-81.6093	3
51.3927	6.14929	2
41.0578	-73.5262	6
25.7418	-80.4479	21
42.9572	-85.5676	4
37.2075	28.3658	1
59.091	8.98921	1
28.6905	-99.8323	11
27.0683	-82.4051	1
36.2168	36.1587	1
39.2294	-87.1167	1
40.1311	-86.2189	1
47.9944	-4.10848	1
38.9362	-77.0365	95
34.7453	-80.4456	1
36.5824	-83.679	1
0.91428	108.982	1
42.4547	-83.0285	41
39.382	-77.431	7
5.39716	100.315	69
41.6919	-93.0721	1
38.0651	-75.5556	1
-19.3663	-45.9816	1
37.9168	-1.11781	3
41.5007	-95.3336	1
21.668	39.1206	1
39.3917	2.76997	2
33.7554	-116.302	7
47.7225	-122.232	5
4.14784	-73.6098	2
-22.2407	-45.6868	1
35.3971	136.894	1
6.67796	-1.55511	13
-20.7898	-41.1967	6
10.9925	-63.8174	1
-10.1156	-48.1132	4
44.7085	-85.7327	1
39.4143	-107.225	1
12.6537	99.8643	1
53.8736	-0.476865	1
-1.27293	-48.4598	242
55.66	-4.94744	1
44.5415	-92.935	1
34.5137	-82.0276	1
14.6113	120.992	85
35.5514	-78.2156	2
51.7452	4.18774	1
13.5333	-88.2833	2
29.8817	-96.3625	1
5.00283	118.358	3
52.9573	4.74893	3
50.8588	16.491	1
10.6477	99.187	1
55.7969	9.74419	1
-15.7949	-47.9403	17
-21.5473	-47.7844	1
-20.4108	-48.0644	3
53.0269	-2.14874	1
36.9533	-121.733	1
45.0538	39.0332	1
28.4792	77.0593	1
38.9787	-75.8088	2
40.6353	-103.197	1
-20.9047	-47.0194	3
30.1634	-95.6351	7
40.5441	-89.0833	1
37.3411	-6.70383	1
-6.00147	-37.8323	2
-20.2351	-45.5266	1
4.7	-75.9167	1
51.1201	20.8765	2
54.1109	-7.58287	1
-6.71323	-35.7236	1
-30.0825	-51.4821	1
37.6673	-82.2774	1
40.8778	-75.7322	1
33.9498	-117.399	16
2.13286	102.784	1
53.5344	-1.3226	1
53.4301	14.6255	3
-30.7969	27.9638	2
35.1901	-87.0202	1
55.3388	37.53	1
32.7995	-97.2914	19
34.6544	136.539	1
54.3179	48.4689	1
39.3421	-82.9876	1
39.4224	-0.352546	20
43.5413	-84.37	1
-21.466	-55.3341	3
31.5655	-106.209	8
4.5119	103.443	2
1.45567	110.487	5
30.3722	-89.1292	1
53.4346	23.4208	1
38.6855	-87.5089	1
-39.8155	-73.2415	2
44.5759	-123.282	1
-24.5008	-48.2326	2
59.9103	30.4916	1
53.8222	-2.71083	3
37.5497	126.914	8
16.4518	102.721	1
41.1159	-83.1662	1
41.5008	-99.6809	2
-3.25448	116.208	2
49.2693	2.46084	10
40.073	-74.7243	15
-27.5656	153.273	1
41.1034	-74.0257	4
59.4835	18.3173	1
31.9817	-87.6735	1
45.4412	4.38464	1
32.5179	-96.9009	3
1.95405	103.138	3
-7.14948	-34.8822	118
18.8823	-96.9263	2
-7.02645	109.792	1
32.5049	-93.6674	10
45.3555	-73.708	2
41.4031	-92.9208	1
33.535	-89.1179	1
51.289	0.180869	1
39.3725	-79.1507	1
35.5367	-97.9817	2
-22.0585	-46.575	3
34.1172	-117.229	10
39.2267	-88.239	2
34.2775	-84.2457	1
32.2957	-96.4756	1
54.8763	-2.90908	1
47.9233	-97.0802	1
-31.2458	-54.066	6
36.6606	-80.9136	1
45.2482	-75.8001	2
61.5218	0.00022	4
35.1634	-115.9	1
42.6311	-71.3254	6
59.016	16.194	1
-23.0082	-43.4548	322
33.4334	-112.31	8
16.6134	101.926	1
-23.2011	-46.9084	30
-23.1297	-48.3074	1
-22.2332	-43.888	1
45.6913	-0.678221	1
-26.4191	-49.0704	3
-2.60601	32.9094	3
39.6372	-119.285	1
19.3701	-70.4184	3
14.5173	121.15	8
40.4287	-3.55309	6
37.991	-87.5438	7
37.3373	-120.575	2
-8.98489	-64.5216	5
35.1682	-2.93328	1
56.9678	23.1589	1
43.7812	4.59072	2
67.3201	63.9468	1
18.022	-92.9165	17
47.4446	-0.465791	5
51.8732	0.194562	1
34.6613	135.419	9
58.8224	125.53	1
54.7006	25.253	9
26.217	-97.68	7
-28.7263	-51.7604	2
44.0915	12.4075	1
6.46156	3.27466	13
19.6527	-101.276	3
44.9517	9.73882	5
39.5887	-91.4061	2
44.6443	10.9202	2
42.3787	-85.1392	1
37.9535	-122.203	4
59.7534	31.0484	1
39.1562	-100.87	1
25.9423	-97.4151	3
27.7478	-98.0719	1
-29.106	-51.5365	5
-29.8713	30.9753	2
52.9756	-0.0182783	1
1.13915	110.514	1
-4.53498	120.329	1
43.8082	131.958	1
35.8494	128.539	1
46.8284	-100.766	3
48.0707	-122.181	6
7.3858	3.95607	2
42.8877	-85.7595	6
35.1074	-80.6214	8
41.0618	-102.025	1
31.9488	34.8932	2
-12.1945	-76.9255	11
42.4879	-83.2488	37
40.0624	-8.59427	2
45.8123	15.9888	1
37.1951	-95.719	2
-1.75216	112.635	4
49.1048	6.19605	3
41.3987	-81.8174	7
-27.4315	-48.7294	2
13.5646	100.615	4
-23.5554	-49.9413	2
32.1719	-101.678	1
38.7963	-76.922	10
50.9138	-1.40057	6
38.2753	24.508	37
41.4429	-73.8161	1
37.4681	-122.237	7
35.0763	-106.705	6
42.3503	-83.4843	7
-33.9278	18.8874	1
-33.5932	-70.5603	8
-27.1211	-48.9046	3
21.0981	-101.601	6
44.7816	10.3292	1
53.401	-8.30764	1
50.7444	-1.83886	2
14.7073	-61.1828	2
-21.8705	-43.3047	3
-21.3928	-50.1297	5
45.1251	-87.6716	1
22.2267	-102.299	1
-23.621	-45.4901	2
44.8146	-108.767	1
36.6136	-82.5887	1
50.9589	5.51032	1
-22.5519	-43.0473	1
-19.9404	-44.2011	52
18.6471	-91.7867	1
53.3433	-9.1065	1
-8.28715	-46.3713	1
40.2828	-74.0014	4
47.7823	18.7442	1
35.0125	134.996	1
-22.7612	-49.5745	1
37.2214	-80.0014	3
5.58836	116.013	1
49.0791	7.38276	1
51.5641	6.617	1
50.8373	-0.21611	2
33.9179	-116.962	6
-22.3069	-42.4674	3
-7.14022	-35.4489	1
-7.66447	-36.9094	1
43.0841	-89.4064	5
-53.1542	-70.9087	1
42.9736	-87.886	33
56.0228	92.8967	8
35.5626	-5.89977	2
55.9099	36.8513	1
32.6428	-16.8293	1
38.5993	-78.522	1
-7.70741	110.743	4
-41.3435	-72.9411	1
48.2924	4.07631	1
39.8383	-88.9737	1
44.7498	44.9988	1
-22.3352	-47.3295	1
32.8131	-91.19	1
44.617	-76.6916	2
46.6439	-94.1241	2
20.7456	-100.278	1
-7.18992	107.864	4
29.672	-98.4306	1
-12.8753	-38.5026	81
5.53382	-73.3582	1
-26.3362	-53.5253	2
42.4594	-96.4128	8
51.4554	3.62988	2
-2.63027	-56.7415	5
41.9295	-95.4973	1
44.0371	10.0411	1
59.9608	10.9191	1
47.2044	2.07342	1
41.6732	-81.3301	6
42.0239	-87.6905	15
34.0818	-80.8897	1
44.4429	12.293	1
-29.7638	-55.8851	1
40.0011	-78.238	1
10.3452	123.913	5
17.035	104.293	1
-6.77035	-36.3964	1
64.5245	39.7407	8
37.6143	-76.5227	1
34.1209	-93.057	1
19.283	-70.2746	3
-33.3697	-70.5119	4
10.6017	-71.648	14
32.9699	-97.2655	2
53.3559	-6.25032	18
41.9013	-84.0366	2
39.7666	-86.4413	10
12.3645	-1.49778	1
40.1949	-85.3876	9
37.3271	-121.023	1
42.4274	-100.54	1
-23.3921	-46.4539	64
41.4352	-96.4733	1
44.9115	8.21525	1
-19.5537	-42.6053	14
53.7087	-0.875736	1
40.4537	-106.827	1
41.9912	-92.5835	5
-5.189	122.64	1
36.4253	136.463	1
27.9096	78.0839	1
38.4148	-82.3658	2
59.6493	16.6002	1
-25.4912	-50.8622	2
37.7703	-122.436	30
42.2769	-71.621	1
52.8718	6.03287	2
41.2959	-92.6416	1
47.0558	6.74292	1
48.8443	-67.1673	2
31.8111	-106.43	24
12.9713	77.6506	5
40.0691	45.0382	1
44.3676	5.01344	1
37.2687	-78.3921	1
20.5676	-100.484	2
22.3026	73.1518	1
16.4208	120.588	1
-6.27078	-36.0113	14
8.74792	-75.8875	4
33.9208	35.6496	3
38.3458	-0.49207	3
43.1672	11.4455	1
-3.14163	-58.4471	3
15.1106	103.609	1
2.71563	101.953	25
33.0002	-83.2762	2
-23.8891	30.3123	2
3.88874	11.5093	1
37.6633	-97.1649	16
53.7317	-1.54019	5
34.3985	-119.75	10
46.8725	-120.419	1
-3.29152	102.856	2
30.844	-83.285	3
43.2904	5.56359	2
3.29415	117.586	2
32.8201	-85.2046	1
35.5194	-109.863	1
-22.5927	-46.0515	1
-7.06041	-35.7608	1
35.5035	-119.538	1
38.4958	-76.5524	2
42.5234	-71.7501	2
30.5078	-81.6122	1
59.1567	15.4665	2
-6.3548	107.238	5
18.4656	-69.8985	33
50.5025	2.50719	1
32.2881	-95.3038	8
40.1783	-74.5486	2
49.1892	6.49969	1
36.9812	-120.635	1
-22.8211	-50.2294	1
18.3521	-64.9356	2
51.6017	-1.21387	5
-29.709	-52.7772	1
37.2745	-97.4055	2
51.4557	-2.13532	1
36.1446	-80.6556	1
33.3655	-111.967	14
36.626	-119.448	7
-32.2122	-52.378	16
51.4602	-0.302242	16
53.9632	-2.02695	1
-18.6049	-48.2585	1
42.9035	0.359219	1
41.5714	-71.9789	1
48.6906	2.61294	78
-21.677	-47.5085	1
40.9118	-4.19462	1
41.1621	-8.62191	1
41.4575	-84.1358	1
35.6385	129.36	1
34.1284	-117.561	27
51.8888	-8.50574	1
51.2162	-2.61529	1
51.4174	-0.941152	3
-5.1356	-38.0204	1
9.88288	-85.5257	1
35.6895	139.692	43
-23.8528	-46.8359	9
51.1595	4.82911	1
35.588	-106.464	5
-22.557	17.1098	2
-21.1427	-50.6213	3
46.8415	-71.3703	10
3.35359	101.253	19
28.5501	-81.243	4
40.7128	-99.1626	3
44.8278	-68.7561	2
37.9803	-100.882	1
-28.0381	-48.6607	1
55.9098	37.8667	3
21.4513	-158.188	2
25.0123	121.451	3
28.6193	-106.082	1
59.251	15.1732	1
36.0018	-78.9011	6
51.4766	3.95926	1
-38.1175	147.088	1
-22.7106	-47.7943	23
-6.24007	-36.4424	2
40.6155	-79.163	1
36.4486	-77.0942	4
-5.64167	-35.4361	31
30.1445	-91.9605	2
31.7084	-106.315	6
54.8902	23.9267	3
-34.1218	18.4889	5
34.4991	-93.0564	3
43.2607	-79.9135	3
36.4205	-121.315	3
50.964	-0.127424	1
40.5206	-80.6013	2
44.5307	-89.5521	1
40.3364	-83.1284	1
50.6598	4.56594	4
-22.4209	-43.917	11
52.4472	5.21763	2
14.0591	-87.1959	5
9.35633	-79.8374	1
26.5494	-77.0941	1
35.6347	-84.2507	1
50.8716	-1.57633	8
39.5922	-8.37445	1
44.8638	-0.586176	10
-7.57933	-37.5187	1
-25.4539	-54.4571	6
44.7362	37.7362	1
-6.56218	106.771	75
29.5214	-81.2233	1
32.2186	-101.498	1
35.9583	-78.5175	3
-22.1609	-54.8613	5
39.4789	140.465	1
45.1817	-89.7031	1
19.6952	-155.082	2
21.3095	-157.864	7
38.3744	-98.7861	1
47.5117	-52.8198	6
35.982	-86.5336	3
36.1946	137.841	1
32.0406	-101.988	1
59.9724	10.7215	2
38.7417	-90.4547	3
34.6996	-76.7493	2
67.4444	32.7364	2
37.4239	-81.0118	2
-6.46014	-35.4437	1
-4.60253	-38.9478	1
51.2661	3.05101	1
26.8916	-82.2529	3
44.2708	-87.7821	1
36.1409	-115.024	48
39.8635	-77.0543	1
-25.3706	-51.5523	2
35.4384	7.13712	1
58.9709	5.73972	2
5.62846	-73.5285	1
34.0722	35.6536	4
29.4589	-95.4186	3
10.4432	-66.8603	4
-5.79931	-35.2216	170
-7.32465	108.207	5
41.4251	-73.3748	5
43.5663	5.31779	4
-30.0355	-51.2854	9
10.3421	-84.4342	3
43.6906	-85.4887	5
51.7334	-3.50175	1
-3.83184	-49.6803	4
35.7968	-80.8683	2
36.7083	34.4707	2
-7.30713	110.124	10
0.0	0.0	122
-5.54556	120.208	1
-7.65265	112.717	1
-22.3287	-44.9117	1
23.2497	-106.435	5
19.1714	-100.113	1
50.8802	4.32419	32
36.1025	-110.218	2
19.9294	-96.8527	1
45.549	-94.3189	1
-6.03854	106.064	8
48.5501	5.81096	1
41.279	-8.27947	2
8.43242	-82.451	1
18.8519	-97.0921	4
50.721	3.15769	8
38.3678	-77.5331	4
31.5729	-84.1659	7
42.6777	-83.2597	8
37.8087	-97.4295	5
27.9433	-97.5781	3
-0.299282	36.1352	2
44.6109	-64.2734	1
-25.1476	-50.071	11
42.8429	-82.8908	1
-23.4194	-50.881	2
43.3002	-0.366946	3
55.7385	37.9929	5
52.0625	4.48642	13
47.9424	21.7009	3
-27.0077	-48.6232	10
-20.4619	-54.5891	6
-0.789275	113.921	5
41.578	-83.5266	4
39.9597	-82.7945	8
51.9099	-8.19713	1
39.2527	-84.7921	7
-25.0608	-53.398	9
-22.5778	-46.6744	2
10.2481	123.806	2
-33.8973	151.192	6
1.64526	103.594	4
50.7996	5.90146	4
40.1479	-76.9961	1
-3.03876	104.788	14
29.7208	-99.1287	1
-21.5453	-42.6605	7
-20.3304	-44.0083	1
19.0732	-98.3349	14
-7.54717	110.816	26
21.0487	-87.0318	6
-29.4471	-52.0231	1
45.6896	5.01628	3
2.93957	102.072	1
41.2671	-75.8804	1
35.846	-78.6572	17
39.4207	26.8072	200
39.2847	-76.6205	24
26.3114	50.1416	3
51.8426	5.83296	2
39.2057	-96.305	1
47.0026	-122.852	2
-6.45844	107.063	4
-0.428569	116.989	1
48.3144	-3.56533	1
42.0733	-75.6619	1
30.7019	-88.0889	2
-22.8735	-47.2267	20
33.9278	-91.4807	1
35.6152	138.689	1
42.3974	21.2004	1
43.5638	-5.91513	2
43.5987	-79.5061	3
52.573	-1.547	3
-3.92126	119.784	2
2.29916	102.912	6
3.61872	98.4804	2
42.9501	-81.3672	1
40.4522	-86.1473	4
45.4507	-94.442	1
14.6961	-17.4671	2
51.5178	0.590862	2
38.5944	-90.3988	2
38.3547	-81.6418	1
39.6346	-75.7372	19
-6.20782	106.483	12
40.3501	-94.8764	1
40.4641	-74.4456	6
3.3115	102.656	1
-22.1188	-42.6582	1
-6.70522	111.337	2
-20.6176	-54.5452	2
37.6215	-84.7684	1
-15.3231	-49.1073	4
35.0685	-78.9245	17
18.7657	-70.2437	1
32.7742	-96.5821	5
52.6017	-0.255211	2
53.3088	-4.62303	1
53.1652	16.7384	1
39.8505	-84.3307	1
29.3245	-98.5439	40
52.9975	6.55836	3
6.27533	0.0504039	1
18.1263	-65.8591	1
3.94649	113.811	5
39.3958	-84.5605	4
42.7466	-75.77	9
10.5322	7.4546	4
43.8341	-79.2928	5
38.5833	-80.8955	1
34.0326	-84.5835	13
39.3901	-93.1295	1
-22.2823	-41.9777	1
41.671	-87.6804	25
33.5914	-112.125	14
36.6866	-121.641	8
42.7203	-76.5443	1
42.1039	-72.0827	1
18.1456	-96.5099	1
30.2078	-95.473	2
64.5713	40.522	2
51.069	-114.07	6
29.9854	-95.3384	18
41.6349	-85.041	3
39.3259	-8.72121	1
37.0114	-76.3436	14
53.8096	87.2221	1
51.6754	39.2519	7
40.6533	-74.3463	14
34.1682	-111.931	2
56.3385	9.88076	1
33.496	-84.2483	1
36.5906	-119.645	2
36.767	-119.835	18
48.8519	-0.887084	1
37.3831	-5.92359	10
38.4311	-82.2048	1
-7.17889	110.417	1
40.3741	-104.728	2
21.3842	-158.011	2
36.5927	-79.4109	2
53.2791	34.3808	19
38.218	-75.6933	3
6.24497	-75.5967	7
38.7967	-89.9684	2
37.0467	35.301	1
27.7178	-82.6743	2
2.53692	102.828	7
38.5458	-77.8032	1
39.2923	-120.68	1
32.4623	-86.1016	2
41.0927	16.875	1
32.0833	-82.1218	1
19.8523	-90.4788	2
26.3589	-98.777	1
32.3761	-88.692	2
35.734	-120.287	1
44.7923	-93.126	1
37.9924	-121.702	1
39.4762	-119.796	6
38.2925	-84.9269	1
51.8039	55.1908	1
32.9057	-96.6514	3
41.872	-72.6567	6
20.7123	-103.326	12
29.6247	-95.3888	43
-0.072322	121.848	1
25.9652	127.132	1
55.7559	37.5483	147
-17.6863	-41.3566	3
-41.4637	147.157	4
36.4338	-119.689	1
14.1725	99.9292	1
45.0223	-93.4615	1
-8.1533	111.848	1
4.68405	103.22	1
3.75438	102.562	2
35.2098	-89.7469	2
20.3894	-99.9966	1
38.5059	27.068	2
50.73	2.46548	2
38.9637	35.2433	118
32.8246	-117.109	32
51.7206	9.04076	1
37.244	-77.4181	3
24.8835	67.0616	3
-20.8756	-54.2616	49
57.2263	-2.77727	3
28.6545	77.4478	2
4.9124	102.935	1
-20.8916	-42.0589	4
41.4986	-81.7058	25
18.8352	-95.8132	1
34.0242	-118.47	15
49.3715	6.14425	3
64.0638	24.6625	1
38.0211	13.6064	1
-22.8582	-51.0606	2
53.0773	4.8792	1
10.6338	-74.9184	1
42.3144	-70.9703	67
-33.9076	25.5553	2
-6.46158	-37.0474	2
49.5003	8.50216	1
30.3323	-95.6945	1
4.37782	101.227	8
37.7792	-122.29	11
-1.59153	103.616	10
33.2674	-96.7801	2
-23.4478	-70.4319	1
39.4331	-77.8011	1
48.1099	19.8245	1
35.684	-81.991	1
40.8604	-74.8366	1
38.3653	-78.6599	1
40.8776	29.2312	2
47.6116	7.56915	1
43.1147	-79.0348	10
43.4646	-3.82615	4
-6.10869	106.925	628
34.6779	-118.118	9
33.4414	-104.516	1
37.3541	-81.2479	2
-27.9931	-54.2949	3
45.4954	-92.9952	1
56.1464	13.7469	1
-7.5677	111.384	6
40.9361	-74.6721	1
43.2942	6.22771	2
45.5118	-73.5791	9
49.4521	7.6042	1
-39.9416	176.591	1
32.9657	-103.348	1
25.7664	-100.409	16
37.2937	-4.47979	1
-18.7868	-54.929	2
37.6434	-0.715796	2
51.9598	5.63604	2
36.5032	-80.7425	1
35.7313	-81.319	2
-8.2689	-36.4068	7
4.20492	100.651	2
-0.943711	-80.7265	8
20.6516	-101.17	2
53.2841	-6.43993	6
35.0774	135.93	2
-29.2451	-51.5858	5
27.4567	-80.3337	1
42.6213	-83.0031	8
39.3832	-94.3617	3
39.2472	-94.4587	1
51.6343	5.95179	3
33.8759	-78.6158	1
34.341	-79.1685	4
37.0544	-7.90713	1
46.3457	-1.4333	1
31.1689	-100.077	12
13.3403	-87.8472	1
-1.46455	125.22	2
-27.6099	-48.4789	8
32.6318	-117.025	8
48.5895	2.24626	14
41.6638	-70.9279	2
38.9293	-1.90194	5
51.0272	2.99937	1
-15.5901	-56.1183	4
37.5263	-94.8393	1
-22.0668	-42.9237	8
-1.15746	-50.5734	3
-6.75658	108.578	4
47.0692	-1.64417	1
15.4903	120.965	1
2.33042	99.0331	2
-23.5552	-46.972	92
-28.6768	-49.3509	4
54.4601	16.9941	1
44.1732	-122.811	1
43.5995	-84.7703	5
38.6371	-121.434	21
45.1396	-122.846	1
3.41824	-76.5168	2
-23.194	-49.3852	2
43.0558	-2.33565	2
35.5105	-98.9741	3
34.7229	-77.3938	4
4.17741	73.5091	2
39.4399	-8.14751	1
-0.921351	100.368	6
41.3941	2.1393	13
51.5882	-3.7691	3
39.7226	-75.88	2
47.4711	-94.9077	1
0.177371	-51.3389	7
3.55174	98.659	78
45.0359	7.63804	7
30.5846	-104.497	1
50.3312	3.40569	2
37.5276	-121.933	8
60.0809	30.0329	1
37.0287	-84.0639	1
39.3237	-78.0373	2
51.5051	4.2956	4
38.4605	-81.8652	3
49.2302	2.888	1
47.8281	1.57795	1
29.0293	-82.2246	1
39.1661	-108.139	1
51.0638	-1.3166	1
35.3391	136.363	1
30.1981	-85.8258	1
52.6088	38.5318	1
43.1752	-101.911	1
38.9343	-76.608	4
6.08382	116.165	8
38.1678	-87.4767	1
54.782	31.998	2
20.0212	-155.651	1
52.2603	-113.769	1
59.7527	30.568	1
48.6475	44.3981	18
53.1673	-2.36386	3
35.0663	-98.2474	1
33.9663	-6.83949	16
38.9574	-122.638	1
44.691	7.92066	1
42.849	-70.9129	1
24.9434	-98.6463	2
43.23	-79.7443	1
25.0343	-101.167	1
-7.18892	111.864	3
-6.29317	106.936	249
-26.8143	-49.2703	2
52.6521	-2.73423	1
33.6245	-80.9266	10
36.8443	-86.891	1
33.0199	-80.0297	1
54.8716	-1.45727	3
-33.4744	150.135	1
-26.6479	-48.7357	1
49.1333	2.36575	2
-22.5245	-44.0809	2
38.7024	-93.2674	1
29.7301	-96.3864	1
17.7177	-64.8147	2
30.0095	-90.2508	1
10.0582	-72.5528	1
32.9193	-84.9468	1
41.1901	-73.1785	8
34.9601	-120.432	2
-20.0232	-44.0694	3
-22.737	-42.5939	2
38.8579	-9.15825	18
-23.552	-46.6474	1231
-19.1468	-44.9291	1
-21.1875	-45.4382	21
37.622	-1.01559	5
19.5421	-96.8861	17
34.9299	-81.0656	3
26.3907	-81.7755	1
50.8925	0.060408	1
45.6768	13.7834	1
48.5565	3.14035	2
2.06667	45.3667	2
37.4567	-81.5301	1
39.1418	-77.5049	3
-21.6181	-48.4446	1
-29.7384	-51.8362	2
-25.6835	-49.3049	9
32.8283	-92.6584	1
18.9338	-99.2608	6
34.1702	-118.371	24
53.2129	50.2089	2
-8.43046	-36.7454	2
39.7139	-75.3569	8
10.4745	-73.2553	1
47.2401	-123.329	1
54.7305	56.0375	6
-5.11704	105.304	1
-24.1877	-48.5336	1
48.1966	6.42237	1
50.9083	-114.104	2
42.0046	21.4366	2
42.8091	-82.7515	1
19.4261	-98.1218	1
43.1169	-79.3299	2
33.6034	-117.914	3
48.8039	2.11933	14
2.48271	102.108	3
47.2321	-123.121	1
48.8085	1.96932	22
-29.8907	-50.9563	7
35.8731	-84.4685	1
41.5877	-78.6832	1
47.8748	-120.198	1
-7.62185	110.417	1
38.0809	-0.650563	3
-22.6171	-47.5297	1
52.2384	6.50071	2
-6.84497	107.485	2
38.9706	-94.7886	3
32.5453	-92.1534	5
34.5698	132.753	2
-23.2365	-51.7305	3
60.0272	17.6803	2
33.5096	-7.58561	23
27.987	-80.6491	5
45.5341	9.59091	1
49.8748	8.65491	1
5.69976	-0.236138	12
41.6195	-93.5469	7
25.2699	55.3205	3
26.0462	-98.3162	1
47.2766	7.35298	1
45.855	1.27254	6
41.4032	-71.4864	1
41.4087	-8.50005	3
52.4742	-1.73301	4
-6.82431	110.884	1
-8.74789	-63.8919	2
34.0252	-77.8955	1
35.7959	-78.4999	11
1.03821	120.818	1
20.6036	-100.346	1
35.5238	136.167	1
4.95558	100.617	1
40.3653	-82.6694	13
20.1831	-100.139	9
40.5724	-85.6664	12
53.9261	-1.8158	6
39.8721	-74.203	9
53.8609	10.7075	1
25.7927	-80.2362	44
56.0344	14.1613	1
-21.4822	-43.5053	2
-20.3975	-43.6687	1
28.0466	-82.4282	15
38.7252	-121.261	2
-24.655	-50.8491	3
39.1363	-84.5404	7
-25.2655	-54.0981	1
-21.143	-47.9862	1
-13.9363	33.7546	1
35.9541	-83.9351	7
-33.7036	151.088	1
42.3208	-75.9712	1
-16.0693	-48.2546	1
37.4339	-97.0064	1
16.663	-92.5344	1
1.1531	124.838	3
50.581	8.66011	1
32.5432	-82.9188	1
-3.30786	119.196	2
31.1017	-97.7895	2
-26.1568	-52.6728	2
30.5862	-98.3679	1
-1.90175	115.604	1
38.4458	-87.7703	1
50.9199	-2.26014	1
46.8804	-99.6313	1
20.3285	106.256	1
2.92422	112.608	2
35.8816	139.796	1
28.8233	-96.9206	1
3.04861	101.437	16
36.2412	-85.9491	1
45.012	-93.293	15
49.5571	2.93379	1
35.2122	-86.1387	1
36.1415	-86.6208	8
-23.6989	-46.6151	61
67.1987	19.4656	2
-0.94687	114.899	1
39.1012	-94.5898	25
39.4856	-74.481	3
-22.4652	-50.6364	1
-30.2041	-50.8677	2
53.4424	-2.23348	27
31.5497	-93.5156	1
42.6076	-73.6227	3
-1.46201	102.133	1
14.7071	101.417	3
8.95264	-75.4465	1
44.376	1.91882	1
43.4498	6.77239	2
41.8999	-83.386	2
28.0352	-82.1251	1
44.021	-78.0537	2
38.921	-94.3902	4
-7.71769	110.58	5
43.2141	-8.29132	1
42.1735	-72.6464	2
29.2264	-81.01	16
33.593	-83.9936	1
44.96	34.095	1
12.1011	-86.2628	17
-7.57307	112.178	6
-0.271349	100.372	1
36.8009	31.3675	1
3.73624	101.86	7
38.122	-84.3507	1
30.4454	-84.2453	13
38.429	-121.386	9
32.4006	-86.2394	3
48.2933	3.20544	2
-22.8215	-43.0007	34
4.19848	101.271	1
43.1534	-8.48066	2
-21.5404	-48.788	1
56.5103	9.3305	1
-7.32762	109.587	1
14.4181	120.978	23
25.7804	-100.174	2
32.9373	-96.3836	1
10.1605	-61.6801	2
13.8848	100.455	9
30.4764	-97.9325	3
48.7391	2.76042	1
33.2376	-97.1451	2
36.0469	140.168	1
5.36199	100.462	6
20.043	99.8866	1
-7.66605	110.281	2
41.752	-85.1423	1
36.6645	-82.0597	2
27.515	-82.6506	1
49.0655	2.82073	1
37.7012	-77.7522	1
-22.3971	-47.613	5
-0.0412146	-51.1724	65
-21.2002	-50.4509	1
0.856926	-51.1823	1
34.8829	-82.424	5
-23.8633	-46.2901	104
38.2382	-85.6821	20
45.913	6.14655	1
47.8861	1.88661	12
-3.39691	29.3536	1
39.8865	-76.6001	1
0.0717643	-51.0492	28
-4.83533	-38.1518	6
38.0875	-88.1685	1
42.9758	141.567	1
40.2958	-74.1634	1
-24.313	-46.9991	3
13.5292	99.8084	1
47.5931	-122.632	2
49.5427	5.68357	5
-7.20338	-38.5212	1
33.9127	-6.97141	1
-1.74911	102.839	19
52.495	-1.88127	9
1.15632	104.027	30
41.6045	-81.4599	5
26.0481	-97.6508	2
-27.2447	-48.6992	3
-6.08007	-37.476	1
-26.7662	-53.6593	1
3.23187	101.386	19
51.8553	-4.92485	1
-2.04716	-47.5622	1
54.9459	-1.59271	1
38.0537	-84.7418	1
40.5247	-3.81615	31
41.5576	-87.8269	1
41.5372	-72.8019	6
49.1846	-0.372109	6
-7.43698	109.265	9
43.457	-83.689	1
44.6298	4.24311	1
34.9501	-88.5423	1
39.0754	-108.496	1
-3.70096	-43.3738	1
43.0851	-77.6772	1
39.1851	-119.749	3
-19.6019	-40.7725	2
49.1994	-122.913	952
29.7959	-95.8299	2
51.2919	5.76096	4
33.9255	-102.328	1
10.3882	-75.4892	3
-3.32649	114.575	8
42.5654	20.9269	5
30.0836	-95.9871	3
-28.7303	-51.6044	3
9.00405	-71.912	1
41.2309	-81.9846	1
54.5421	-1.53955	1
42.3433	-7.90485	1
-27.3883	-70.294	1
40.6566	-4.63498	5
42.6835	-73.1183	1
13.9876	-89.5497	3
50.4585	7.68922	1
36.4248	10.6806	1
-23.0324	-44.3659	1
32.5367	-94.3762	1
-3.80025	119.655	1
43.1116	-77.5106	2
40.7994	-74.4787	2
0.12948	117.469	2
-7.60949	-43.03	1
33.8022	-93.3913	2
4.64713	101.203	17
39.1564	-75.5135	12
57.6508	39.8704	2
39.281	-88.0772	1
40.9725	-5.66082	7
60.9446	76.565	2
34.7019	-80.9	2
34.2027	-90.5955	1
35.4825	-97.4792	5
44.1264	4.80182	1
52.4455	37.6057	2
52.3367	0.993202	2
43.5504	10.3157	1
37.8356	-121.978	4
3.37303	101.612	4
1.47274	103.63	19
47.7938	3.58167	1
-23.6566	-49.7803	3
0.45996	9.40838	2
47.6446	3.90648	1
35.5382	-82.5655	2
-22.5307	-43.4717	1
36.1133	-5.48741	3
42.8904	-108.792	1
42.8797	-85.0612	2
-26.3612	28.1329	2
40.8218	-74.1569	11
33.9949	-81.0265	11
50.631	3.0472	19
40.4235	-82.8185	1
32.3039	-107.048	1
40.7124	14.9407	1
-27.4193	29.1642	1
22.1955	113.541	1
54.6669	-6.79809	1
30.8867	-102.894	2
43.0844	-92.7042	1
40.1761	-74.9166	1
21.4318	-157.747	1
27.6014	-81.5071	1
40.5727	-75.5474	3
34.494	-99.1387	2
-29.5474	-50.0235	1
52.5133	5.05456	2
-20.8252	-47.8509	1
43.6407	-72.8562	1
-18.9251	-48.2349	1
52.3613	4.90898	17
41.6586	-91.5132	1
51.116	23.47	1
53.4296	10.3873	1
26.2627	-80.1107	19
-3.98448	-38.826	2
40.4419	-85.3673	1
47.9593	-102.137	1
-23.3548	-46.8802	1
44.8337	-93.6282	2
39.6076	-105.977	3
29.9946	31.1933	3
41.0356	-75.3298	1
38.9297	-95.2667	8
-19.4465	-44.2944	7
-24.6146	-51.3215	6
45.4827	-75.6269	3
40.5263	-74.2713	4
-24.8891	-52.2477	12
9.87664	-83.9305	5
60.5966	24.8374	1
-19.8675	-44.5987	1
33.8021	-84.8838	5
38.3146	-85.8237	2
41.3118	-81.3451	1
20.5906	-100.185	1
42.7225	-90.4677	1
6.54688	3.39228	13
39.7299	-75.5295	13
-20.7841	-42.2826	1
2.95314	101.862	21
33.5825	-102.063	1
28.9802	-96.6453	1
2.41779	102.249	5
-2.73476	114.269	1
30.8143	-89.5147	1
43.4207	-80.485	4
-20.4274	-40.3758	26
35.4029	-80.847	2
-7.96457	110.323	1
17.1575	-96.2107	1
42.0369	-71.6835	1
38.2256	-121.426	3
-9.53333	-35.6873	30
32.8654	-91.39	1
43.2226	-77.6009	1
36.7967	-4.68937	1
53.1133	48.4677	1
37.7277	-122.141	12
48.1158	2.20301	1
45.6357	-72.9528	1
-6.07035	107.376	1
-5.1522	119.418	66
52.0769	4.3064	20
35.9668	-85.736	1
-3.07009	115.103	1
40.0697	-87.7051	2
39.5677	-105.099	12
36.8516	-76.2816	6
0.509849	101.434	25
-21.2296	-46.5145	1
41.7733	-72.3356	1
42.0712	-88.0456	4
10.6788	122.961	3
36.5591	-119.252	1
47.3774	8.53676	2
44.4727	9.93338	1
45.1453	1.51446	1
45.2163	-123.094	2
-6.52957	-35.7414	1
44.14	-103.297	4
30.8649	-86.2134	1
53.146	-1.0054	4
37.5215	126.728	1
37.1804	-3.59799	6
22.3973	-101.935	1
-21.8843	-52.1946	9
33.6885	-117.318	2
52.2948	4.57716	10
20.5365	-97.4475	3
10.4667	-68.0167	2
40.6252	-75.366	3
38.9059	-76.3648	1
39.3714	-76.4602	10
39.9229	-86.1877	6
50.6125	-3.65302	1
48.0147	6.59277	2
-14.8542	-40.8166	1
52.8591	-9.10999	3
38.5532	-122.811	1
36.8488	-79.0096	1
52.9675	5.78885	1
42.7316	-84.5221	19
55.9602	-3.20009	2
34.9667	-78.7415	3
40.7317	-73.6127	5
48.5262	35.0177	2
46.1711	9.87059	1
42.9891	-82.4326	1
31.332	-7.77327	1
56.1308	47.2532	1
37.3602	-121.89	28
31.7897	-115.229	1
1.33607	103.702	66
42.0651	-71.2501	1
43.4039	-79.799	1
58.2644	12.9546	1
45.5463	11.5504	1
37.3841	140.105	1
45.2443	-93.3254	1
4.93271	-1.74053	3
43.1984	-79.2122	1
34.9417	-81.928	3
54.4356	-2.95929	1
39.8261	-84.9093	1
31.1913	-97.31	1
35.8534	-86.4302	3
45.5926	9.27591	20
20.1641	-104.029	1
50.9225	3.20818	1
14.0092	-60.9879	1
46.0777	18.2504	1
55.8113	38.9851	1
1.02589	101.269	1
29.1738	-82.1567	3
48.9343	7.87812	1
29.578	-97.9537	5
-23.7363	-52.5974	1
33.893	-98.4649	1
-6.49044	-36.3411	3
52.3461	5.4624	2
55.7736	-3.95828	1
34.1091	-117.899	11
34.2256	-92.4059	1
-1.41023	36.7188	5
51.9251	0.659585	1
37.2668	-122.028	6
41.9006	-88.7277	2
-37.0273	174.866	5
42.3326	2.91272	1
42.1931	-84.6065	5
42.095	-71.0035	1
53.6063	-3.06743	1
51.4444	19.7212	1
45.1602	11.2106	1
-10.3355	-58.5891	1
-14.2393	-53.1848	26
-19.8158	-40.2083	6
-21.5722	-45.4008	2
-26.7642	-51.1084	1
39.0853	-95.0563	2
31.2338	29.9483	5
-20.2664	-50.9477	1
56.5222	84.982	4
40.8565	-91.4298	1
-29.2155	-51.9275	5
35.5226	-77.3915	3
-7.75375	113.174	1
48.7848	2.45243	69
55.5414	37.5122	1
1.50756	103.776	88
29.5753	-98.6223	7
-26.3075	27.9439	24
-6.62461	108.42	5
6.49331	124.842	1
44.4716	11.2647	1
-8.10567	111.998	1
33.8497	-87.2561	2
-18.1081	178.402	2
48.401	2.71176	4
2.48664	96.3877	1
47.9819	0.195548	1
33.8843	-5.53533	1
29.1616	48.1017	1
29.6315	-95.2399	51
22.1323	-100.965	1
-1.71186	113.698	6
50.0997	-5.2622	1
31.0596	-97.4666	4
-21.9575	-50.5321	2
55.3871	43.8457	4
38.6484	-77.3203	16
58.5905	49.6388	3
57.7003	11.9639	9
46.3911	6.5912	1
35.9119	-75.5989	1
33.1294	-117.056	2
44.4496	8.88085	4
34.3347	-83.7424	1
59.4067	56.8377	1
-7.70767	113.991	2
34.2249	-80.9672	8
38.9288	-119.978	2
51.169	23.7919	1
33.8238	-85.767	1
9.14794	7.32745	3
-23.3986	-45.0012	3
-17.4297	-39.8367	2
7.29257	5.15411	1
-26.9989	-51.7443	1
8.99032	7.42484	1
-5.569	-50.0651	4
42.2455	-84.4003	4
-29.516	-50.7723	5
32.409	-99.4794	1
-3.8834	-40.2452	1
32.6024	-83.6418	1
19.4735	-70.6672	10
41.3879	1.66883	4
-22.724	-47.2901	34
-21.2475	-43.7916	1
-2.42837	106.432	3
-25.4665	-49.0602	3
-15.4537	28.3222	1
43.2895	3.12544	3
51.4666	-3.20636	4
48.6423	1.5604	2
34.776	-89.4459	1
40.1761	29.062	1
41.4772	-74.3547	9
37.9423	-84.3817	2
34.8759	-80.796	1
-20.595	-47.3472	5
41.546	60.613	1
43.2528	141.892	1
39.8792	-75.3154	19
29.8504	-90.0742	3
5.3775	116.156	2
-7.44091	112.728	51
50.5289	3.14913	1
22.3111	-100.956	7
28.6818	-17.77	1
7.75828	-72.2226	1
55.7161	37.4006	4
30.5972	-86.4326	1
53.1958	45.0387	6
14.5151	-89.5051	1
-6.95817	110.252	1
-20.3075	-40.4704	24
45.7933	9.83285	3
42.885	-83.7567	5
-7.04882	107.129	2
33.4263	-85.5513	2
41.3669	-74.1839	1
35.125	-77.0944	1
32.1953	-90.3157	1
40.1196	-80.4157	1
-22.5778	-50.4376	2
38.4313	-78.8795	2
-6.2808	107.835	2
41.7474	-74.0794	2
-25.5213	-54.6385	3
43.3919	-80.3072	4
4.01781	9.70444	3
37.3734	126.966	1
40.886	-8.60967	1
31.0551	31.4021	1
35.78	-81.1619	1
-8.77019	115.115	16
-22.9104	-43.169	21
35.1401	-90.4375	1
33.5325	-115.934	1
53.423	59.0428	4
-7.35352	107.8	2
53.7495	-3.01271	1
22.8885	-109.935	1
39.4413	9.13418	1
-25.5982	-53.1241	1
53.0947	6.42258	1
14.7994	100.604	1
36.63	-88.3266	1
10.6678	122.318	1
33.3578	-93.2985	2
29.995	-95.1798	2
41.0843	-81.513	8
-6.8843	-35.6148	10
34.1009	-80.5328	1
35.313	-80.7258	11
32.4239	-87.0236	2
39.4715	-76.2383	3
39.8901	32.8716	1
37.3438	-95.3737	1
-8.9356	-36.4725	6
-6.74538	-38.2186	9
20.4095	-87.4848	2
41.5968	-93.751	7
35.9886	-77.8162	5
11.4008	99.5939	2
21.8081	-72.1578	2
-28.2499	-54.3217	1
-26.167	28.16	7
26.2198	50.5	3
37.8916	-4.79585	1
41.8775	-71.3783	17
37.9654	-76.5597	1
37.5884	-122.067	4
-22.5918	-47.3616	11
28.1369	-81.2919	1
5.97601	116.072	5
-20.7497	-45.2854	2
52.4046	-4.00698	1
-18.7329	-39.759	3
36.3465	-86.8741	1
3.71763	98.6583	22
34.0538	-117.69	5
38.9978	-74.8933	1
-20.2804	-40.2928	115
51.8628	5.26333	2
-19.3514	-42.2451	1
35.7741	-78.0039	1
43.6008	1.4329	10
33.7665	-116.976	2
-40.4604	175.824	1
49.787	-97.1463	4
-7.88293	-36.304	15
-37.8397	145.031	7
32.215	-98.2162	1
41.6936	-71.511	2
34.4734	-117.307	2
-3.13596	-60.0111	89
52.5699	6.53484	4
38.1436	-122.248	7
0.787286	127.389	1
38.2084	-84.553	2
-6.05999	-35.3093	1
-2.9167	104.714	8
6.37067	2.51954	3
-22.4339	-51.6517	1
51.2644	-0.429215	3
42.572	-83.3814	2
0.94143	-60.4363	1
-27.5825	-48.6727	2
41.0776	-123.684	5
10.622	-66.7156	1
13.69	-89.19	28
18.1355	-94.4325	3
42.707	-71.1631	35
42.4287	-71.0545	34
20.0595	-98.7528	4
46.6798	-110.045	1
56.252	-4.32615	1
33.9571	-118.326	107
20.1953	75.5508	1
-11.3034	-61.3982	1
35.4912	-78.8457	8
-7.35804	108.534	4
10.1963	-68.0145	4
51.9786	-1.26425	1
53.0565	8.15269	1
5.18629	100.488	6
3.01697	-60.6432	1
51.0019	5.77006	3
-7.29068	108.004	3
41.0484	-80.6621	10
-34.0563	150.709	1
37.6794	-121.786	4
40.0025	-75.118	73
32.717	-81.7014	1
50.5289	2.8929	1
35.2523	-89.9499	5
36.0835	-94.1752	6
-21.6056	-49.0765	4
29.0414	-95.4296	4
14.284	120.72	3
46.0702	14.521	1
38.3195	-90.1396	1
37.9204	-121.236	4
54.5375	18.4823	3
33.9462	130.967	1
24.8809	74.6376	1
42.4429	-76.4984	2
4.74277	114.656	1
5.83263	-73.0378	1
-30.0997	-51.1593	105
60.4797	25.1039	1
33.4912	-86.8576	7
55.7053	37.7665	16
30.6611	-96.4631	3
51.0768	13.7725	1
33.6919	-117.465	1
18.2819	-66.0144	12
37.7739	-121.536	1
37.7116	-91.1304	1
30.4797	-90.2385	1
17.4065	78.4087	2
38.9161	-81.9023	1
-21.2573	-48.5654	1
24.7701	-107.428	2
40.835	-83.285	1
-21.708	-43.4227	21
46.0215	4.09295	1
57.7466	-4.68754	1
-1.28824	36.8215	16
-6.94423	108.893	2
41.4832	-87.6307	5
40.5848	-73.9283	30
38.9895	-93.6333	1
52.6018	4.71134	2
53.6483	55.736	1
-17.8254	25.8561	1
-29.8121	-51.5148	1
35.5426	-97.6363	3
40.9117	14.3863	5
51.118	6.03723	5
53.4637	-113.447	1
53.5813	9.46936	1
33.1933	-86.0208	9
51.5077	7.47031	1
-2.9497	119.892	1
-20.8668	-51.308	1
34.9593	-85.7532	1
30.9873	-91.8332	1
44.1542	-88.5475	2
43.5462	-80.2473	1
39.309	-85.2931	2
34.6461	-86.775	7
54.3609	18.6908	2
44.0505	-77.5713	2
35.6447	139.906	1
36.1232	-97.0701	1
17.6112	121.722	4
-8.66924	115.224	61
-0.852927	119.895	10
30.2777	-97.6876	46
53.3933	-2.91859	18
42.2406	-82.1587	10
36.6789	126.708	1
32.807	-81.9528	2
-27.0529	-52.9701	4
53.4733	18.7869	1
40.9902	28.904	13
37.236	-80.4265	2
36.6503	-108.22	3
34.148	-118.799	5
43.7123	7.25512	9
19.3453	-98.8543	19
-7.72901	109.521	3
40.0595	-86.4857	1
60.3591	5.42346	1
-15.5459	-47.3335	2
47.9739	2.42381	1
-24.5609	25.9881	1
41.8984	-88.3317	2
39.4779	-88.18	1
30.1938	-81.3709	2
33.929	-85.6178	1
39.9088	-83.1128	5
27.9136	-97.2834	1
30.0813	-94.1291	3
45.3007	-93.5429	1
32.096	-84.535	1
59.296	18.2456	1
51.5125	5.31465	1
14.7356	121.128	2
13.7864	-87.8347	1
52.2349	-0.898842	3
18.0082	-66.3485	1
51.6442	-3.90239	1
53.2135	10.3758	6
52.7742	-1.95404	2
47.1913	-122.016	1
34.6579	135.892	2
52.1328	1.42229	2
-3.44342	114.852	14
41.4049	-80.3795	1
3.94543	109.455	1
52.0049	6.34014	1
30.2661	-96.9707	1
52.307	104.253	10
-23.086	-45.5067	8
38.7486	-77.0828	24
41.831	-79.1528	1
34.646	136.365	1
30.0608	140.596	11
1.35451	103.988	77
44.9008	-89.5695	4
32.2944	-85.0963	1
37.4687	-121.144	1
42.3871	13.4136	1
34.193	-117.425	4
38.3421	-75.0871	3
16.2572	-61.5079	5
38.7601	-84.1567	1
3.25802	101.738	93
12.9165	100.892	1
36.779	-114.105	1
45.552	-73.7359	9
40.1384	-75.5235	1
-0.461423	117.14	15
17.6237	-94.3846	1
19.2743	-99.1773	63
-40.8778	174.996	1
39.4153	-110.436	1
-20.0211	-46.3742	5
47.1168	17.6673	6
42.1161	-96.3668	2
47.273	-120.882	1
-0.587732	111.388	6
49.8988	2.28468	5
-20.8659	-47.5965	1
32.6377	-96.7114	1
8.58538	123.339	1
-35.1706	147.735	1
-12.4274	-38.7164	1
44.9654	-92.7304	1
12.6933	109.221	1
-22.9577	-46.5378	6
-5.50628	-47.4923	3
53.1597	-1.18425	2
-28.2759	-52.8612	1
22.3787	-100.78	1
-27.9149	25.0998	1
36.873	34.8017	1
-6.32444	-35.5184	1
50.2307	136.9	1
44.8726	-91.9281	1
47.1623	16.1592	1
18.9624	-99.596	1
13.7926	-89.3518	1
44.6654	-76.3263	4
26.6958	-80.6413	2
30.1571	31.3208	3
-26.54	27.8566	2
53.206	5.97229	4
47.4354	-122.311	5
-19.848	34.8676	1
-26.2617	-48.9665	17
38.2893	-0.686696	3
19.8024	-104.208	1
33.829	-116.493	2
40.4184	-3.71004	1
35.619	136.884	1
18.0035	-76.7427	4
-20.2648	-50.5578	3
-8.0436	-34.9394	183
42.5946	-82.8142	1
-28.4795	24.6701	6
42.2783	-84.9473	2
22.9916	113.319	1
4.86204	115.407	1
32.5711	-89.8764	1
52.8448	5.70121	1
43.3075	-3.0904	1
-36.7374	-71.0353	169
15.5131	104.725	1
36.3425	-79.6792	1
39.9062	116.245	2
-20.0759	-43.8929	1
-20.5187	-48.6196	44
38.8355	-9.36059	4
-21.1302	-48.955	4
46.8692	-96.8636	2
52.8828	-4.4141	1
22.6465	120.293	2
31.7445	-96.1758	1
41.026	-76.4412	1
56.9184	14.8549	2
-6.2096	107.197	18
39.6946	-4.01871	1
46.1691	10.0353	1
38.8262	-77.4378	19
34.6819	-82.8189	1
-15.4552	-55.8425	15
52.278	-0.714253	1
52.0079	4.70814	1
5.56349	5.73008	1
51.5541	0.127886	18
30.6256	-97.691	2
28.666	-81.3835	5
39.3796	-74.6056	1
38.0329	-84.5038	4
43.6544	-84.2629	1
34.5207	-87.7457	1
30.5928	31.4743	1
-19.3239	146.758	1
51.7783	-1.2373	2
-7.72071	109.818	1
50.3881	-4.11457	6
52.4378	-0.759605	4
-21.6714	-41.755	9
28.2478	-17.14	1
42.7955	-85.5262	1
41.7181	-8.76189	1
29.4937	-94.9408	2
25.2442	-103.233	1
49.0328	3.95366	1
19.546	-154.911	2
34.3742	-87.6913	1
48.4227	2.15247	8
2.8185	-60.7255	1
38.295	-122.281	2
-17.9789	-47.7188	1
-11.772	-55.4066	3
31.1083	-83.4241	2
35.2348	-78.6424	1
40.051	-79.9151	2
-8.14435	113.696	6
38.82	-77.2225	32
54.1225	-115.666	1
38.3823	27.1659	1
24.2031	55.7173	1
39.6793	-86.2866	4
43.7835	7.5166	2
36.4924	-6.27167	3
1.06644	104.228	3
30.2036	-85.6033	5
33.3019	-86.3369	3
53.1638	-2.73732	1
-8.1851	-36.0151	14
-22.7677	-41.8865	1
39.8459	-104.903	4
33.4875	-80.8655	2
41.7614	12.3075	4
52.4915	4.81555	4
34.2047	-82.1367	1
40.7638	-85.8159	1
-23.8963	-48.8749	1
-8.69009	-35.7298	1
30.809	-92.6583	1
34.5651	36.2825	1
39.9783	-75.821	2
-20.7279	-46.6212	4
48.4084	-4.49955	5
34.2621	-112.114	1
42.1971	-8.77156	1
1.00185	116.394	37
59.2268	39.8381	3
-7.2771	112.717	172
-11.0019	-37.1007	16
52.3713	6.91562	2
-7.82307	112.717	1
44.3978	-122.73	1
50.0619	1.61611	2
39.9585	32.7305	2
29.6736	-98.105	1
68.0027	34.9119	1
1.56806	110.038	1
-19.7278	-43.8514	8
29.9871	-95.4978	6
48.6989	-96.1836	1
40.2875	-76.969	1
30.9373	-91.4009	9
45.1581	7.3865	1
42.6849	13.9784	4
34.5793	-86.9978	1
35.7045	-97.4448	1
33.2064	-80.6003	1
42.2888	-86.2689	1
35.3737	-77.9714	1
45.6317	5.37363	1
50.6242	-2.44933	2
43.6073	4.86874	3
34.2171	-77.9448	3
-23.2839	-47.6766	2
42.0924	-76.8095	1
36.604	-4.5342	2
47.2611	39.628	10
44.6414	-0.0732022	1
54.6387	-3.55134	1
35.3105	-106.545	1
-21.0973	-49.7741	1
-19.8429	-43.1577	1
41.5932	2.28016	1
35.5611	-98.2242	1
52.1134	4.89851	2
33.0931	-96.9011	10
-7.96043	111.037	1
35.5074	139.762	1
26.6605	-81.7355	4
-7.53963	109.149	1
17.3917	-99.7242	2
25.1236	55.2376	1
48.0582	-0.76928	1
38.5344	-75.64	3
42.0296	-84.4201	1
39.7592	-94.7908	2
5.59039	100.859	2
-28.0542	-52.0158	1
20.959	105.806	4
-22.2336	-47.0166	1
33.9124	-84.7873	2
36.6357	-4.69309	3
41.1062	29.0207	3
18.8018	99.0155	1
-22.1231	-49.4052	1
44.2608	-76.4941	1
18.2762	-70.3339	1
29.3247	-82.2129	1
17.6611	-101.598	1
-2.31868	-80.5675	1
1.86442	102.889	2
41.7776	-2.3213	3
32.4268	-84.9161	7
-22.7939	-51.5643	2
-32.4029	-53.3233	1
14.8656	-91.5142	1
40.5357	-105.026	2
51.3962	0.0354159	13
51.2517	-0.198239	4
46.4419	-93.3613	1
51.3241	-1.92567	1
33.3477	-110.998	1
40.2913	-84.384	1
52.4281	4.65628	2
48.6221	22.2912	1
51.8272	-2.28764	1
18.1163	-66.1405	27
28.0791	-81.7898	3
42.9317	-84.7961	1
2.31742	102.392	5
38.3139	-104.773	3
43.2634	-93.6442	1
41.1774	-75.453	3
27.7	-97.3897	10
35.1705	-79.861	10
35.7682	-79.6567	1
36.8736	-94.8677	1
36.7767	-76.0472	4
43.9536	5.02944	2
32.6676	-97.3622	2
31.2434	-90.4729	2
35.8249	-88.9067	1
-15.7763	-47.7966	150
54.8609	53.0677	1
38.2312	-81.5397	2
38.2233	-77.4457	3
32.3089	-106.811	2
32.1568	-110.967	17
-12.036	-77.0412	31
19.5138	-90.7914	1
-22.9326	-42.8294	2
40.3002	-74.7132	12
36.7635	-77.5719	1
40.4654	-90.6873	1
-24.018	-46.5015	96
19.6014	-90.3361	5
-6.8651	109.144	1
20.0301	-102.265	1
39.2204	-84.1792	1
-18.6364	-46.4172	5
28.1172	-81.4581	2
-6.65183	106.906	1
41.696	-92.6464	1
51.4427	5.47854	2
51.5265	45.9785	5
-7.95737	112.622	20
37.546	-83.395	1
4.74795	-74.0673	6
43.5449	-83.9673	2
51.5034	-3.58911	1
56.3659	37.5327	1
19.3495	-99.0521	82
42.659	-73.779	3
36.2687	-78.3598	1
48.2503	7.45889	1
60.1595	25.0186	4
-19.9558	-44.3549	1
16.1234	-61.6027	1
47.5898	-121.98	3
-24.0958	-46.8159	8
42.9672	-85.8907	3
26.226	-98.2567	8
32.2685	-90.0809	1
50.6608	3.7814	1
39.2703	-120.087	1
5.05266	-75.4991	4
3.89035	100.877	2
19.3367	-103.586	1
27.6986	-83.8046	18
0.247298	-51.0637	224
40.0952	-75.286	4
33.0915	-84.9107	1
42.0993	-79.204	1
36.7783	-119.418	12
5.75809	0.0523741	1
-20.0545	-43.4527	5
32.603	-84.8267	2
43.1024	-93.599	1
39.4396	-76.609	4
40.1866	-77.2241	1
44.8554	-93.4414	1
9.02704	-79.4744	21
3.45494	102.396	2
-22.2973	-42.8797	1
43.5785	-72.161	1
-23.1753	-49.065	4
35.4035	139.217	1
37.2652	-76.7944	1
40.7791	-99.7319	1
33.5748	-81.7705	2
-25.1084	29.0463	1
-28.487	-49.0457	6
41.6003	-85.8414	2
38.6204	-9.19497	20
-6.54949	-36.0482	5
28.5309	-99.8664	1
-26.0981	27.9913	12
35.9256	-84.1015	1
-25.1839	-48.8404	2
51.529	0.438286	1
6.30224	99.7209	1
33.5769	-102.363	1
37.5331	15.1161	1
41.2787	-85.1573	1
35.6362	140.088	1
55.5403	37.0778	1
-0.0424867	109.328	14
29.3229	-94.7674	3
59.425	24.7382	1
32.4497	-99.7116	1
34.5847	-120.137	2
-3.13999	119.907	2
30.5008	-91.1334	18
52.2328	21.0607	59
47.0148	142.67	3
41.6642	-0.872198	1
33.6192	-84.3644	24
-23.239	-47.5175	1
-5.5699	-36.9088	7
50.4218	-104.528	1
-7.29169	-35.61	1
-29.3031	-53.3385	1
46.8221	5.58461	1
35.4062	127.375	2
51.5137	7.09224	2
35.9005	-78.2299	2
31.7117	-95.6008	4
37.9494	-87.9048	1
44.0841	-123.181	3
46.5533	-87.4104	1
29.3415	48.0473	2
-21.6468	-49.6923	4
32.6033	-85.4924	1
55.5323	28.6593	2
-20.0904	-41.1119	7
47.4029	-101.533	1
33.7914	-118.156	29
42.4282	-8.62728	3
39.3625	-76.767	7
47.3898	8.20214	2
-0.192361	-78.4874	9
-6.51369	105.981	3
-1.27549	126.132	1
50.8523	0.477392	1
39.5788	-84.4691	2
37.7421	-81.1406	1
50.4544	30.4857	5
36.4273	-81.4406	1
52.0819	15.6121	5
35.113	-85.1238	2
4.27046	117.904	2
45.184	5.71568	7
19.7496	-88.0135	1
2.28463	102.128	2
41.8761	-93.8225	1
33.9808	-5.01934	3
45.9677	5.83141	1
20.934	106.328	1
35.6123	-115.386	2
41.7625	-72.757	8
53.6499	-6.80205	1
47.7344	-3.23764	1
25.2823	55.4711	2
-25.333	-49.2551	2
-19.0377	-46.1544	1
43.7108	-79.4106	12
39.263	-86.5222	2
41.3296	-72.9542	8
29.7457	-94.9528	1
43.6293	-79.2725	28
36.955	-79.3699	1
35.5806	139.41	1
40.3336	-75.9456	5
49.8785	2.82796	1
43.3997	10.8917	1
46.5923	0.365745	3
-21.7174	-43.0593	2
18.7276	-99.4001	1
34.9569	-80.0722	1
61.2734	73.4332	3
-24.6496	25.8617	3
-29.9153	-51.1773	7
42.6652	21.1702	1
37.9368	23.6337	1
33.7116	-78.8785	2
45.1725	-91.139	1
34.2605	-6.59748	2
46.8533	6.88349	1
47.2858	-2.20608	1
-0.33084	-78.4221	1
18.2019	-67.1358	2
-6.20745	106.813	175
35.2134	-78.0599	1
-20.7065	-48.958	1
-22.8177	-51.9611	2
49.3294	8.43412	8
7.11622	-73.1235	1
36.6921	28.0868	1
1.22835	110.697	3
37.9997	-75.8467	2
4.8403	101.963	1
33.9212	-117.192	11
42.6594	-8.11152	2
33.8146	-117.889	15
40.0557	-85.614	3
34.8156	-86.5242	5
48.9174	11.408	3
51.9358	4.57833	4
48.8849	7.66598	2
40.1705	-80.2362	4
42.2726	-85.6337	7
38.9979	-105.554	2
49.1865	1.72669	1
18.7647	-69.2559	1
28.0259	-81.9377	3
52.1446	5.1628	5
38.7615	-93.7299	1
37.2628	-1.91462	1
36.0371	-84.2449	2
30.5964	-96.2957	10
36.3208	-87.7671	1
56.8155	60.6136	16
-2.54526	118.03	3
59.9394	30.0922	23
19.6797	-99.0116	11
33.3962	-84.3723	1
32.8482	-79.816	2
30.6637	-90.1897	1
42.3126	-71.23	5
39.1388	-76.5448	5
-6.92454	-38.5345	2
40.5409	-111.861	1
-2.88762	-78.989	2
25.6412	-100.294	25
-22.8876	-42.0457	2
55.8811	38.7853	1
43.1696	-88.1216	9
43.4714	39.8868	1
38.6464	-82.8734	1
4.6137	114.329	3
-6.92138	106.926	12
-9.99977	-68.2655	1
36.9326	-76.1255	1
36.2504	-83.2425	1
-18.9847	-49.5254	1
-6.44465	-38.1632	1
22.338	114.264	3
-6.98411	108.474	1
41.0562	-85.0032	11
41.3459	-86.3197	1
29.5765	-90.7016	1
42.1918	-83.3081	9
-15.7969	-48.1225	1
-6.91001	110.618	1
-28.299	31.422	1
39.826	-74.9849	4
39.1213	-122.849	2
42.73	-123.384	1
34.821	-82.2828	4
-24.1265	-52.366	4
41.6136	21.7433	3
52.2377	0.705383	1
29.8902	-97.9692	4
41.0406	-83.6371	4
0.830694	104.072	1
36.4147	-89.0793	1
28.7398	-13.8712	1
51.3545	-2.91882	3
43.6452	10.6388	1
47.3321	5.03236	5
-20.785	-49.3592	13
42.0115	-72.7621	2
42.7988	-87.7929	2
40.1168	-88.2089	4
33.7128	-84.6538	3
62.0846	129.292	9
53.5927	-0.575417	3
-3.86309	122.048	1
40.7626	-73.0056	1
17.9242	-77.6861	1
11.0191	-74.8026	34
13.3821	-89.0885	1
56.5675	-2.58447	1
44.7154	-77.6057	3
35.8939	-77.5501	3
2.97579	99.614	1
32.3111	-94.1629	1
49.44	11.1354	1
1.42922	110.333	19
36.1866	-86.7851	12
11.0991	-63.9438	1
-29.6662	30.323	1
48.9958	1.69169	10
41.9445	-87.8784	2
33.7591	-81.1156	1
59.0838	17.5272	3
46.4422	-120.416	4
39.6395	-79.9556	4
-8.73314	-36.3742	1
59.7239	30.4086	1
45.6703	-95.2894	2
38.163	-85.5407	2
12.0095	8.55161	1
51.7734	19.4806	2
33.9245	-93.5595	1
6.89258	79.9812	1
33.9299	-84.3794	9
34.9849	-101.915	2
-23.1418	-44.6958	2
44.9235	4.91598	1
-23.54	-46.3466	7
-2.57242	-59.9803	171
-10.7512	-77.7612	1
33.6595	-116.192	5
34.8768	-118.155	1
-21.491	-49.9037	1
-29.5985	-52.4412	3
-29.8756	-71.2448	2
40.0952	-74.0418	1
14.8236	120.731	3
35.0669	-89.9346	7
43.1619	-86.2632	9
37.3604	-77.8275	1
10.9534	108.216	1
43.1034	-83.6972	2
34.7768	-96.6579	1
51.3276	3.8318	2
51.9245	4.27161	12
-25.3312	31.0284	1
39.5166	-121.529	2
47.5308	21.6603	1
45.4524	10.3997	1
-9.77581	-36.117	1
36.8085	-84.2096	1
29.7725	-95.3036	12
34.5744	-118.695	1
42.7322	-83.3948	1
29.4365	-81.5187	1
39.2922	-84.3908	3
-18.3797	-49.4663	3
22.8206	108.288	2
33.3016	-82.0957	2
-7.23531	-39.471	2
28.2625	-81.4237	7
-7.54137	110.6	1
48.8292	44.7576	3
50.091	8.27677	1
-22.7442	-51.4132	4
-2.67843	118.881	1
3.87198	-76.997	12
8.26087	-62.766	5
55.9333	-3.47164	1
40.0217	-86.9043	1
36.3795	-86.5973	2
48.1039	-1.46906	1
-7.11628	112.519	4
-20.4049	-52.1809	2
51.0344	3.70776	1
36.0322	139.728	2
36.5586	-95.2192	1
34.2197	-85.5942	8
37.5054	14.8045	1
-23.2721	-46.5876	2
3.51237	101.91	1
23.5892	58.4071	1
39.1783	-85.575	1
-16.3051	-48.9725	3
37.947	27.3751	1
34.8424	-87.6361	2
49.7345	-123.138	3
5.02865	115.048	7
49.6235	6.11621	2
32.5139	-94.7581	1
34.2302	-83.4686	2
36.0681	-119.065	2
36.2407	-115.212	46
-9.48079	-40.3165	2
60.9716	25.689	6
33.9297	-80.0701	1
52.1976	0.126573	11
55.795	49.0696	13
58.0394	60.5549	3
34.7922	-106.696	1
15.6591	32.4865	1
23.1538	79.943	1
19.1378	-96.124	6
-12.2514	-38.9372	1
-6.32798	-37.7136	2
38.2672	15.6024	1
32.7578	-97.1145	4
34.0071	-118.761	2
40.7063	-73.7795	8
-22.5582	-55.7079	1
19.8038	-102.695	1
41.4989	27.1875	1
37.8863	-83.4893	1
25.5987	-103.484	1
25.5718	-80.3603	2
53.7424	-2.35175	2
7.92068	-80.3818	2
44.574	38.0395	1
29.0177	-80.9904	1
39.019	-122.055	5
35.7442	-84.3804	1
20.0607	-99.3363	6
44.8397	8.56054	1
68.3609	-133.725	1
56.944	24.2015	15
33.7857	-79.0062	2
33.1835	-117.301	7
3.48922	103.392	6
39.1088	-93.1984	1
19.6272	-70.2781	1
-27.5005	153.046	9
30.033	-89.8826	15
-25.7526	28.1841	9
34.7273	135.557	6
-29.1018	-54.7498	3
-21.9643	-51.3537	9
49.2644	-84.7477	4
10.361	-67.036	6
26.4647	127.916	1
57.1097	89.2744	1
33.855	-84.5158	38
-29.0227	-51.2341	1
19.6454	-99.2112	12
20.941	-89.6236	6
43.6344	51.1802	1
41.6693	-4.77951	2
33.2745	-86.8236	3
38.3047	-92.4371	1
-27.0252	-53.2728	1
46.2465	6.13303	13
28.7478	-81.5324	1
0.355362	-78.1258	1
-19.604	-43.2996	4
5.50936	95.3085	7
41.271	-73.7851	4
36.236	-119.348	2
50.0501	8.08072	1
13.3618	103.856	1
-23.5594	-46.1857	6
46.9393	2.52124	1
50.7242	-3.78381	1
6.23415	116.453	1
5.70126	100.442	9
6.11277	100.374	3
41.8076	-73.9024	1
9.92428	-68.3087	1
29.4513	-98.7045	17
15.1528	120.598	8
49.4252	7.74889	18
-20.8279	-46.3851	1
43.4584	11.8795	6
51.625	-0.374499	2
5.24968	101.069	1
33.1248	-89.0847	1
-19.8969	-43.511	1
-8.81967	13.2462	1
52.0828	-0.739571	4
39.1368	-77.6733	1
52.2947	-4.18585	1
45.7489	4.69442	5
42.111	-80.0018	5
35.7979	139.941	1
-23.5858	-50.1178	10
48.9509	3.12949	1
4.83031	115.259	1
-9.1262	-36.2005	1
30.3313	-97.9483	1
26.1645	-97.9495	5
30.7079	-96.8611	1
26.6063	-81.8662	4
48.341	39.9838	2
40.8162	-96.7106	5
41.2927	12.5735	3
53.5394	-2.01318	2
48.1895	-122.277	2
-23.6219	-46.0148	1
-22.2387	-49.1125	13
33.7087	-118.034	1
-4.96538	119.719	1
51.109	39.4311	1
51.5424	-2.5504	2
14.5749	-90.744	2
49.2187	-122.691	1
40.5582	-75.9769	1
39.2856	-2.79569	1
-20.6696	-43.8044	3
41.2463	-81.8228	1
41.7207	-85.5069	3
42.8361	-71.6638	3
53.8233	-1.42521	2
41.7705	-2.48672	1
-6.383	106.81	50
26.1848	-98.0968	1
49.8656	-97.2991	1
-22.8201	-43.4301	111
55.0811	36.6037	3
43.2813	2.09332	1
-34.5715	-58.4322	5
56.1459	-3.72793	1
38.9897	-97.0082	1
45.7771	3.10928	3
42.1063	-75.9452	1
39.0131	-95.7008	2
-21.9024	-42.5653	1
42.6217	-87.8793	2
51.0617	-4.1377	1
4.28709	-74.4512	1
50.7159	-3.48497	2
3.77159	103.27	14
43.8332	4.34263	2
-12.4223	-41.313	3
42.3478	-122.85	2
19.0322	-98.1543	42
-6.59948	110.796	1
-28.3065	-53.9244	1
11.5842	122.754	1
16.2517	-92.1432	1
40.9581	17.2895	1
39.8874	-80.7441	5
51.1107	-2.99973	2
43.5713	4.07163	1
29.882	-93.9773	2
38.9089	1.43238	2
41.4676	13.7343	2
37.6783	-77.5856	1
48.8368	-1.57037	1
51.852	4.43776	2
45.4434	8.61637	2
48.1301	-1.72852	2
34.4994	-77.4289	4
53.5402	-2.40177	2
39.6525	-77.8208	1
50.6374	5.43088	1
47.9868	-117.73	1
53.3539	-2.73929	1
-7.69677	109.024	4
0.876532	112.924	1
-36.7919	-73.0839	2
18.4182	-66.3252	1
31.9165	35.9356	2
40.6331	-89.3985	10
28.1031	-15.46	2
-26.8788	-53.1976	2
52.3103	-1.03522	2
51.84	-0.275106	22
37.284	-89.5813	1
49.3195	-124.338	1
53.0004	-3.04979	3
21.4742	39.2123	2
42.4737	8.78665	1
-30.5872	-52.6778	1
28.8863	-97.7131	1
39.3249	-97.6668	1
-20.7352	-48.5892	5
54.6824	25.4236	1
34.9797	-80.553	1
-31.9568	115.846	6
-23.0614	-45.9175	45
43.5627	1.28305	1
27.7544	-81.8012	1
1.36161	102.154	6
9.17309	-79.2541	1
37.728	-84.2905	5
45.919	9.28189	2
32.8189	-96.986	31
45.4668	8.87938	1
49.0605	142.061	2
-2.62921	-44.3026	40
46.8023	1.69045	1
36.189	-116.002	1
29.8239	-95.4622	76
48.8421	-1.33019	1
38.0402	-78.4849	1
5.38097	-3.9647	5
-1.20903	116.863	18
52.2318	10.9964	1
33.1135	-96.672	6
48.5376	2.62177	7
41.6884	-85.9767	10
20.6554	-156.418	1
51.7215	36.1846	1
-17.6495	-71.3458	1
52.9098	-1.53847	6
37.4009	-79.1785	2
43.2943	5.40513	25
35.2402	137.119	3
34.2117	-92.0337	2
-1.43199	-48.4896	26
40.8822	-73.4097	3
-19.6047	-47.9692	13
38.8851	-75.4693	2
40.7972	-3.62306	1
-20.6823	-51.0937	1
44.7663	11.817	2
35.2035	-80.836	14
43.943	4.7986	1
54.8494	38.1867	1
43.5448	-96.7388	1
68.954	33.1359	12
-23.1691	-52.6224	1
-23.6496	-46.8549	49
29.6299	-82.3817	3
-28.2628	-52.4442	3
41.5116	-82.9456	1
13.6954	100.413	10
40.0853	-104.804	1
35.2752	-79.0693	2
40.9904	39.7911	1
17.9663	-76.8845	4
34.7964	-78.9913	1
37.045	-95.6146	1
35.4399	-93.5798	1
3.56306	101.568	3
-12.5582	-41.3876	1
38.3742	-85.3983	1
29.9601	-92.1398	1
32.8327	-83.6442	2
5.53744	-0.234377	5
30.4906	-97.5985	8
39.466	-8.47764	1
36.1523	-95.9091	5
-23.7454	-45.6207	3
34.9515	135.752	25
28.4501	-81.5202	6
26.2668	-81.696	1
4.14261	102.077	1
39.014	-84.6292	4
-14.8227	-39.0314	2
43.7051	-70.308	1
36.8181	-119.692	1
6.80468	3.43391	1
22.3849	113.976	1
61.2599	-149.685	1
5.3952	102.0	1
60.9244	16.5423	1
38.9714	-94.958	2
0.54025	123.067	4
-26.0109	28.1991	2
50.2899	4.10235	1
18.6038	73.9335	3
55.2042	36.4171	1
43.1706	-87.9728	1
-22.8686	-42.3115	1
-7.42261	-38.7091	1
36.2881	-82.3802	4
43.7758	11.2524	5
35.6002	-84.4954	6
40.7062	-111.9	8
47.2248	-1.63039	11
32.3652	-94.5948	1
51.3364	0.808984	4
52.5378	103.869	1
35.2715	-120.67	1
-22.8952	-47.0303	56
41.8098	-70.5929	1
32.0389	-81.1685	3
30.3982	-86.4565	2
-22.9245	-45.4639	2
30.464	-90.9559	1
8.45053	4.52209	1
43.2873	-5.695	1
39.4846	-81.4427	1
47.9527	-124.386	2
51.427	7.66398	2
-27.6534	-51.0923	39
42.8204	-1.66857	4
41.2155	-86.6404	1
35.3159	-78.4378	2
52.078	21.01	9
-21.0028	-48.2787	2
53.1826	5.81839	4
1.51464	103.384	1
62.649	30.3449	1
53.7933	-1.76396	1
30.7058	-95.5353	3
45.2816	5.88515	1
14.6097	-61.0782	7
36.1007	-79.839	15
-6.78748	-37.0191	2
-7.18116	-39.2756	3
40.4214	-86.9091	3
-6.42955	-35.2065	2
42.5608	-89.0366	1
47.613	-122.342	12
-22.6677	-48.8123	1
46.1621	-1.17657	2
41.226	-80.5615	2
52.9868	6.8497	2
46.5379	6.60195	6
52.3834	13.1196	2324
41.4916	-89.4602	1
40.3199	-3.89323	10
28.7265	-81.9085	1
23.6914	-166.6	2
-23.7108	-46.4227	60
36.8048	-6.29987	1
61.6273	23.1618	1
4.90164	114.939	8
38.8752	-104.757	6
41.4751	-81.5504	17
33.5379	-84.492	2
40.2228	-75.6399	3
0.360553	32.6272	13
59.3942	18.6174	2
-22.8383	-48.5474	5
53.9657	-1.072	1
48.9875	1.91135	10
29.7936	-90.8234	2
-30.5529	-53.4955	2
40.788	-77.8526	2
32.387	-83.3439	1
41.2784	1.51108	1
22.7559	-102.501	2
31.8527	-106.584	5
-1.06825	36.7695	1
53.3596	89.9062	2
26.8782	-101.221	3
48.3241	-102.319	1
53.6586	-1.41183	2
56.8729	24.3542	1
44.9717	-122.988	2
8.50951	125.972	5
50.8614	6.03168	3
-42.9057	147.32	1
52.912	-2.24503	1
52.2694	6.24166	3
6.01225	116.396	22
6.58615	3.99788	1
40.854	14.2435	3
30.3887	-95.4854	1
40.8435	-81.7698	2
-8.45547	115.072	5
-25.9448	32.6121	2
40.8946	-124.083	1
2.04811	103.382	92
-11.3921	-41.1833	1
59.9341	30.3287	86
-21.0317	149.149	1
51.0849	1.13606	3
1.33406	103.847	96
14.8065	120.939	2
44.5913	-78.7891	1
43.496	-1.54445	4
48.9221	6.04701	1
35.9274	-94.9585	8
51.6773	-0.788739	1
13.7295	100.587	19
-23.7494	-49.6565	1
31.678	-106.109	1
39.2421	-119.581	1
-22.7782	-45.0475	4
56.5904	59.9662	2
-6.59088	-38.5661	6
43.0529	-78.845	1
-10.2485	-40.7399	1
29.5627	-95.8024	4
8.60798	-70.2318	1
33.7897	-83.7035	1
45.0306	11.5785	1
-3.27018	-79.966	2
39.9121	-83.4779	1
38.5972	-78.7952	1
-29.6601	-50.7807	1
15.5827	101.07	1
59.2147	14.8924	1
-26.3362	152.732	2
-32.036	-52.0841	1
29.5412	-97.553	1
38.503	-121.741	11
29.5733	-95.5639	6
51.1272	16.9913	2
6.43223	100.432	2
53.2975	-3.06869	4
26.7419	-80.1292	1
-33.9302	-70.7257	1
53.0252	7.22645	1
38.3042	-77.6627	1
33.9861	-96.5363	1
38.3036	14.9179	3
-33.0281	-71.5517	4
33.5245	-82.0236	6
-28.3896	-54.8743	1
39.4364	-84.2287	2
19.0142	72.8385	8
52.1638	5.39544	10
40.5257	-81.4915	1
39.7293	-121.854	1
60.2763	25.285	1
42.9091	-78.8755	1
33.4039	-117.573	1
-25.8935	32.3946	1
46.9459	18.9131	12
48.627	2.45552	43
12.6728	108.044	1
-23.1295	-46.5728	7
46.8921	142.745	1
11.2295	-74.2038	1
-3.78965	-38.5199	41
33.7534	-115.447	1
6.49548	3.58491	2
40.4669	-3.35785	3
52.5466	13.4056	9
-7.46378	110.945	2
0.38676	109.968	1
59.366	28.1107	1
33.6115	-114.593	7
-20.9392	-48.5262	2
46.9099	-98.0357	1
-23.2981	-47.2769	5
30.1828	-97.8551	3
5.38069	95.9564	1
35.2744	-109.298	1
49.4015	2.85486	5
34.2928	-81.1635	2
45.754	9.29007	1
43.1378	-1.29342	1
-24.2542	-50.5373	1
37.055	27.2354	1
32.1086	-81.3484	1
45.3794	6.00529	4
38.2705	-88.6987	1
5.08243	103.02	2
50.8683	4.4784	1
49.5081	6.01006	1
32.9399	-112.703	1
52.6658	6.75918	1
36.7749	14.6839	2
37.2449	-93.3441	1
49.1501	-123.187	1
18.6552	-95.9613	2
34.3215	-119.315	3
45.2393	-94.9493	1
51.9813	5.91777	2
35.5506	-106.778	2
35.24	-97.4017	1
-26.8274	-48.7225	4
35.4553	137.03	8
43.4216	5.03714	2
37.9228	-90.7297	1
32.6703	-97.0015	1
30.2788	-87.7124	1
37.5617	-85.7327	1
-22.6965	-43.5244	7
40.9515	-75.9712	3
35.7386	-83.417	1
42.5114	-92.4436	3
35.5025	-108.726	1
4.72424	103.416	4
-5.65214	-45.2755	1
31.6464	-8.01268	18
-37.068	-12.3113	3
-6.88927	109.675	1
48.2201	16.3799	4
9.97994	-84.0934	6
40.5938	-98.3807	1
47.0739	5.50228	4
36.3982	-78.9771	1
48.383	31.1814	113
-24.6742	-51.7844	25
-5.21541	-42.8028	17
55.0015	82.9557	7
26.1312	-80.1802	13
36.9868	-120.089	1
29.9808	-81.7129	1
1.57655	110.366	4
35.9196	126.622	1
-24.3401	-49.7209	7
51.3263	5.98798	3
9.01693	7.58439	1
47.0732	15.4419	2
37.3293	-79.542	1
29.7908	-95.11	1
16.2586	-92.301	35
31.3387	-89.3478	2
18.4784	-69.7531	2
-34.9841	-71.2532	1
35.2825	-94.4137	1
32.3576	-97.411	1
38.6825	-121.756	4
50.6829	2.76647	2
34.7318	-82.4423	1
-7.27568	-35.9777	45
52.3445	6.65941	2
4.47624	97.9593	1
-20.1445	-40.2436	1
39.867	-75.6653	1
-20.8972	-51.5955	1
38.1457	-85.8552	2
53.5974	-113.379	1
8.12923	-63.5409	9
-6.44832	-35.6154	1
13.6637	101.076	2
51.466	5.70591	12
49.6921	8.6284	1
52.7842	4.78773	6
43.5345	-5.64145	2
28.2073	-82.7483	1
33.8594	-117.568	2
-4.77289	137.78	1
51.7183	15.8063	1
34.1217	-81.2025	1
-28.7189	-53.5192	1
37.6459	-97.362	2
40.8993	-81.1189	1
39.3865	-97.1172	1
46.6327	142.784	1
33.3955	-111.738	9
33.359	-87.0083	1
-9.41061	-36.6482	1
-6.35789	106.495	9
53.7619	-0.331942	11
41.5676	-73.0425	15
40.7109	-82.5341	4
50.0223	8.77713	1
41.1463	-112.025	2
29.6907	-97.1021	1
33.0354	-116.87	1
15.4883	120.594	15
40.7415	-102.999	1
63.7341	-96.2958	3
46.9853	3.15922	1
35.7434	-96.7425	1
34.5871	-117.407	3
19.1003	-103.657	2
-4.84979	104.913	1
48.2028	-2.0351	1
14.074	121.151	1
53.0191	-7.34204	1
-20.942	-45.2514	1
27.8837	-110.722	1
52.9538	-1.1665	11
49.1761	6.92837	2
-5.33268	-49.087	3
-4.00372	-79.2086	2
14.8268	120.283	1
52.3044	4.76304	1
32.9189	-105.969	1
-23.6482	-52.8722	1
39.5686	-76.9945	5
8.45663	124.624	1
-18.1771	-70.6332	1
54.1152	-6.75275	1
47.2102	18.4355	1
21.1533	-86.8309	2
33.6009	-112.386	3
-41.1393	174.848	1
30.3345	-81.4089	3
36.2428	139.381	1
-8.82047	-68.2462	2
30.4142	-87.2383	6
38.3983	-75.5554	5
41.8549	12.5614	34
14.6574	-90.587	17
39.2204	9.09584	1
47.1054	-122.572	1
13.145	123.735	1
33.6052	-85.8321	1
34.8564	136.53	1
21.8495	-102.327	5
29.9399	-98.2617	1
-6.83381	108.22	1
35.2426	135.454	2
14.9205	-92.3094	1
53.7172	27.9867	56
48.6881	6.17345	5
2.85786	101.675	9
41.7252	-85.7689	4
40.0346	-82.9327	13
34.1877	135.188	2
25.1671	-99.7727	1
38.2914	140.279	1
35.9718	-115.114	5
36.7275	-4.4515	2
42.1719	-84.2434	2
2.46447	99.1466	1
44.1524	-87.5866	1
35.9272	-86.8342	4
55.3251	50.766	1
20.4247	-100.936	1
54.5479	-1.28815	1
61.5709	-149.376	1
-3.12394	-47.6536	21
55.6284	12.6483	2
-14.1749	-42.8259	8
52.1945	4.41987	1
32.7297	-94.3636	1
51.8911	-0.427445	3
31.4654	-97.1828	3
30.7171	-86.6081	1
53.4312	-1.22219	2
51.8349	4.70643	9
-20.5596	-46.935	1
49.2457	2.12963	3
1.07087	124.528	1
43.8802	-79.0554	1
-4.58466	-81.2595	1
-18.7954	-41.9396	9
55.1739	10.3605	1
-23.0846	-48.925	1
52.6363	-1.13109	3
44.2005	43.1291	1
26.6513	-77.9553	1
51.737	0.490645	2
19.1955	72.8347	4
48.7476	1.3576	1
32.3273	-80.6994	2
45.4927	10.8657	1
53.644	55.9553	1
41.3068	-94.4653	1
35.0734	136.177	4
48.4719	2.32855	1
-6.15933	-37.8425	1
-5.04263	-37.0174	3
53.3941	-114.226	1
5.66931	116.364	2
43.1285	131.914	3
39.7725	-89.6023	1
38.6318	-75.8613	3
2.77823	101.816	1
34.7318	10.7669	1
-25.6436	-48.4686	67
52.8504	0.50124	1
32.8336	-96.8419	32
31.6149	65.587	1
-3.0098	-55.1949	1
40.1869	31.3515	1
39.6078	-86.0771	2
-2.60646	140.67	4
34.1916	-119.228	10
42.2595	-87.9854	3
40.7823	-81.0216	1
-24.0954	-46.6253	1
-0.854813	-48.141	1
54.0	-6.41291	1
35.8213	-84.6438	1
-13.2567	-43.4163	1
18.8283	-71.9372	1
38.6531	-90.2435	16
-30.4636	-51.6415	1
19.2127	-70.5105	1
-33.3105	26.5323	2
-26.9752	-52.5357	2
37.1524	13.7893	1
32.2813	-104.098	1
39.4012	-6.44088	1
34.1883	-79.6496	1
36.988	-85.9222	2
36.1025	-115.245	9
-23.0537	-47.7053	2
-2.73872	115.283	1
-18.4532	-50.5312	2
38.8584	-8.98005	1
-23.513	-51.0998	37
-21.2385	-44.2815	7
-21.1213	-42.9369	1
-29.081	-49.6543	2
3.61944	102.777	1
-7.69712	110.001	1
25.4418	-100.991	1
50.9751	-113.687	1
-20.3498	-41.9347	2
-21.4064	-45.4872	19
-5.18745	-37.3473	27
34.775	135.307	2
2.86648	-75.2148	2
38.4877	-77.3888	1
38.7705	-84.0096	1
37.393	-85.2596	2
34.0625	-84.0782	13
35.8064	-83.5778	2
-37.7862	175.278	1
42.333	-81.9972	1
10.3084	-68.7851	6
8.502	8.51826	2
14.2098	101.216	1
4.24264	103.412	2
15.4594	-87.9509	1
34.3448	-117.446	1
6.06062	-0.255915	1
30.2219	-97.5239	3
44.5078	4.77308	1
39.4771	-87.295	2
30.4683	-97.7892	2
1.54019	124.807	39
49.2518	4.03298	7
43.0331	-88.0478	3
-7.21582	-36.8458	1
41.6883	13.419	1
-12.611	-76.6837	1
42.8232	-72.1869	1
14.4789	-90.633	2
16.7419	-93.1397	21
27.3126	-82.4745	1
-9.76844	-35.8489	1
38.2922	-80.9881	7
-21.5492	-51.1723	1
52.5142	6.10694	7
41.2919	-96.0407	9
-21.7554	-48.172	13
40.0293	-105.24	4
36.7962	-90.3961	1
3.5128	101.099	3
41.0044	-76.6174	1
35.6305	-88.8045	2
-25.6313	-49.4623	2
-6.51051	107.423	5
-24.4953	-47.8448	3
19.2982	97.9661	6
49.0805	2.67	1
33.2419	-8.52535	1
33.553	-117.142	1
1.20942	-77.2914	1
-23.9278	-52.3169	2
46.2801	6.96445	1
-24.1018	-49.3205	1
1.7299	103.9	1
41.5693	-72.1422	1
34.1167	-84.3401	4
41.7581	2.06928	8
53.3647	-7.02844	1
36.0642	-76.6103	1
36.7105	36.2076	2
30.2051	-81.5533	3
51.0862	-0.744902	1
30.8057	-94.8737	1
20.5971	-102.559	2
-6.70631	111.037	1
38.159	-80.9285	1
47.7525	7.32554	2
48.3683	25.6673	3
31.6768	47.428	1
43.8157	-91.2358	1
45.6637	0.170306	1
46.1033	12.0861	1
48.4713	1.46792	1
13.934	-90.7822	1
34.979	-3.39566	1
35.7268	-94.9055	1
53.7001	17.5625	1
36.1905	-119.824	1
39.4876	-75.0095	1
51.0125	2.30395	1
34.3775	-118.566	7
53.6424	-1.79009	2
41.9899	9.3613	1
-22.5593	-47.9314	4
-29.0686	-51.0353	13
5.32964	103.141	13
36.523	-120.318	2
51.6499	-9.88142	1
-6.28788	-35.2169	3
42.308	-83.1165	22
39.8769	-7.1126	1
70.1992	29.7694	1
5.79986	6.10179	1
19.4417	-99.1942	45
52.5629	0.0192425	1
41.8339	-87.7319	68
1.4026	124.865	19
44.2151	20.9238	12
39.5708	16.6569	1
-38.7373	-72.5903	1
40.7224	30.0353	1
58.9194	23.6352	1
-6.76609	-35.0177	2
48.8841	2.8497	12
40.2599	-3.38473	1
40.9485	-74.2424	6
44.6385	-112.591	2
53.2122	6.56537	6
34.2019	-80.3617	1
36.6907	-5.88062	1
38.8792	-82.3801	2
-7.77115	112.197	2
46.5886	-81.3301	1
26.5369	-80.1057	4
36.8687	-2.37369	2
39.1286	-121.625	5
42.374	-85.3425	1
-33.5554	-70.7917	5
56.6287	47.8988	2
28.8857	-99.086	1
51.1752	4.45831	3
60.2317	24.03	1
52.4013	-1.49185	1
39.1802	-96.6106	6
39.5229	-75.6322	1
-23.0082	-51.256	1
61.0395	24.5126	1
30.1151	-93.7255	1
53.8169	27.4561	1
55.8554	-4.23242	5
54.9737	73.3821	1
-17.7775	-71.1843	3
37.8354	-92.1184	5
-9.03506	-40.589	1
57.1506	65.5568	2
47.1828	-122.281	3
43.397	-95.1256	1
34.7801	-97.2285	1
-22.207	-49.6646	2
-33.4354	-70.6522	21
53.3194	-3.83174	1
35.0306	-85.3214	1
34.0865	-118.212	35
18.4379	-65.9997	7
34.2087	-118.602	4
39.7226	-84.0244	1
-26.3061	-50.5016	1
35.1396	-79.4353	2
40.3447	-76.4261	1
-23.1117	-47.1947	10
39.6196	-84.2748	1
33.4595	-88.831	2
40.3338	-78.9102	3
-27.6618	152.923	1
-2.41928	115.256	1
13.4894	101.152	1
51.6468	-0.0324084	2
-18.4462	-70.2956	7
40.3372	-79.7259	6
52.9917	5.56099	6
1.47185	109.223	1
-24.2935	-53.8154	1
45.5432	-122.655	23
39.6803	-75.1312	1
37.5086	127.053	3
28.55	-81.7459	1
49.6901	5.80289	2
42.0216	-88.1992	2
54.6851	-1.79769	1
32.9904	-97.0026	2
-23.1018	-54.0488	1
-5.15527	-44.1652	19
42.5228	-83.7091	1
47.1369	-53.4918	1
48.1663	0.735681	1
18.3797	-66.1596	5
-6.39173	-41.7799	3
-21.65	-41.4319	2
21.162	72.7758	2
34.7189	-85.9645	1
56.8438	53.2401	2
49.6185	3.21897	1
47.9727	-99.0214	2
-3.1107	-41.4845	45
25.3149	-100.797	1
58.0225	56.1443	9
-5.88379	-40.2877	1
20.6732	-87.8148	1
44.7803	-69.1306	1
-3.90011	-38.6804	2
36.1327	-83.4975	2
32.3329	-116.929	2
46.8471	-119.939	1
38.0643	-1.51597	1
33.7347	-90.712	1
27.5027	-97.8618	1
49.0185	1.15039	4
30.1191	-90.6369	1
-22.803	-47.4357	24
35.9265	-79.0393	3
-2.78878	-56.9094	1
39.9306	-74.6452	2
31.1926	-111.001	1
40.9698	29.0777	1
35.7141	-6.91635	4
32.6832	-96.8487	7
38.9711	-77.3894	2
51.761	-1.60114	1
45.5034	-123.163	3
-4.42638	105.261	1
44.5047	-73.1372	1
-22.1994	-55.544	1
39.1859	-77.2717	9
18.1998	-66.5836	2
5.17205	103.166	2
34.5308	134.954	1
-21.3973	-48.2252	1
42.1942	-122.634	1
52.1794	5.90278	12
20.9977	75.5561	1
46.9783	28.8474	2
43.2496	76.956	1
39.7668	-86.1597	12
48.8097	3.09159	3
39.1205	-88.567	1
45.4025	9.12875	17
40.4266	-88.8932	1
33.8937	-84.1415	16
40.9476	-81.4764	1
-22.4698	-68.9362	1
23.764	90.3665	4
-16.4795	-54.623	2
26.0269	-80.3279	6
39.1937	-76.87	11
39.6531	-104.81	49
41.282	-72.7962	1
52.6401	1.27308	1
30.1558	-97.3142	1
32.461	-93.8138	11
32.2756	-107.644	2
36.8591	10.2513	1
41.2512	-85.8368	1
-17.5739	-52.5392	1
-23.2966	-46.2331	4
-23.6351	-48.1082	1
33.8934	-93.1371	1
35.0017	-110.604	1
-7.64058	111.528	4
4.62073	-74.1739	14
-22.985	-47.5033	2
35.7004	-80.4316	1
53.4603	9.69064	2
29.3904	-81.1497	1
71.2999	-156.725	1
-19.7776	-44.0706	1
-13.8343	-171.795	1
38.8822	-78.5188	3
-21.2642	-45.0228	1
47.5434	-117.583	2
41.151	-81.3402	4
41.7364	-71.1614	3
46.8213	-119.168	1
7.52285	4.55938	3
46.7293	-71.2818	1
33.7125	-84.1057	7
5.80805	-55.1897	1
45.6964	9.67452	1
48.0663	-2.96974	2
42.0609	-7.73116	1
-22.3872	-43.1873	6
51.6264	4.742	9
2.20133	102.248	32
6.11885	99.9883	2
49.1512	9.17327	1
32.0324	35.7224	1
39.7393	-89.2665	7
-23.1036	-45.7178	1
-23.8836	-46.4545	7
36.3596	-94.232	2
-33.1582	27.5522	1
35.6542	-78.4687	1
-9.75808	-36.6473	9
37.8611	-85.951	1
37.4738	-77.6172	56
-5.62853	-35.2267	1
-6.22844	106.129	1
41.0778	-73.8506	4
41.3865	-89.7793	1
17.0915	-96.725	7
3.09379	98.4777	1
-7.56195	111.734	1
-27.2304	153.019	1
18.1884	-99.572	1
42.6329	-70.6627	1
37.1356	-76.5328	7
34.5508	-6.20329	1
49.5731	2.74001	1
38.5269	-94.204	2
6.67058	3.27243	2
48.3202	2.56944	1
56.8546	35.8997	5
41.3653	-82.9463	2
18.5291	-72.2888	2
14.0395	100.608	1
27.9848	-82.5668	1
59.4743	32.0514	2
50.0648	9.22963	1
39.5109	15.9422	1
40.3855	-85.4983	3
-39.559	-72.9511	1
40.7588	-86.0701	1
37.8257	-93.9901	5
38.2186	-122.125	1
37.4133	-122.081	2
32.9482	-80.6827	1
-6.89869	112.064	1
48.056	-119.898	3
34.7315	-79.3213	1
38.4981	-98.3201	3
38.0357	-78.9374	1
35.3336	-81.8442	1
-19.0045	-48.3585	33
55.8718	37.6835	2
62.1271	25.6449	2
-23.2184	-54.9524	1
10.3137	-67.6428	1
-34.5761	-58.73	3
37.2742	-119.533	2
35.4303	-94.333	1
-22.5461	-48.6355	21
51.6073	18.9153	2
33.7723	-84.297	9
13.0225	80.0196	1
36.245	-95.6882	1
35.9268	-89.8944	2
18.5147	73.8161	1
41.3286	-81.0331	1
39.857	-84.1133	12
-12.6142	-38.2701	1
-29.8022	-56.7397	2
19.7779	-70.6566	1
48.9128	2.38875	54
51.4731	3.81444	2
24.0506	-104.603	1
51.336	-0.661848	4
40.628	-8.63966	2
-21.4492	-47.0113	1
30.2773	-96.48	1
51.055	2.45068	2
36.1274	-111.233	1
49.0852	1.48735	1
-7.59013	111.912	1
57.1838	24.9366	1
-27.5868	-54.3008	4
35.9523	-78.0173	1
49.0374	2.04592	22
50.8033	5.60063	2
-23.47	-47.4366	20
48.4179	0.0931158	1
41.1179	-77.6047	4
47.1388	21.7029	1
6.18373	102.261	8
41.4936	-90.5646	1
33.5603	-116.076	4
29.4933	-95.1128	2
42.8664	-96.9835	2
35.7593	-5.86816	2
-20.0822	-42.8242	1
29.488	-95.9274	1
36.3832	-94.8813	1
1.53189	103.932	1
-23.0625	-54.2003	1
-23.932	-48.0101	1
38.0427	-87.3674	2
40.3632	-80.15	1
-21.7896	-48.8606	2
42.3626	-88.0889	2
48.6189	2.97564	2
48.7202	6.02848	1
34.9843	-93.5154	1
57.9232	59.9781	1
30.2283	-92.0979	2
34.145	-84.9256	1
8.0	-2.0	1
37.9277	-90.5517	1
46.2243	-119.101	3
-8.27649	-35.0925	1
-6.18622	106.637	69
55.5287	-2.78637	1
41.8741	-70.7551	2
48.5776	7.75119	10
50.1548	4.62511	2
46.0031	-122.831	1
40.1553	-80.6104	1
54.7419	20.5125	6
39.8481	-104.679	2
69.1422	18.6055	1
37.4201	-94.7048	1
43.1159	12.3833	3
52.3872	5.79577	1
-30.3331	-54.374	7
53.4039	-1.5631	11
-16.0861	-42.1338	1
36.134	-85.831	1
50.4134	8.03747	1
48.2843	6.94457	2
52.5933	-2.13664	3
29.8995	-81.4064	1
33.93	-83.9198	5
39.4401	-78.9772	1
-7.01191	109.391	1
44.9569	-93.8283	1
37.0923	-95.9415	1
59.3336	17.98	3
53.9996	-6.14703	1
37.0435	-86.1719	1
7.92395	125.094	1
48.1271	-96.2143	1
