Latitude 	 Longitude 	 Weight
35.0371	-80.6017	1
33.8337	-118.351	5
-29.4982	31.2444	1
-19.9187	-43.9598	47
40.5755	-8.50895	2
19.4805	-70.7274	1
30.4527	-97.599	2
38.1377	13.3472	2
43.9291	2.13251	1
3.10113	103.088	1
38.5615	-121.461	3
39.8775	41.2398	1
34.6809	135.163	3
37.7547	-100.043	1
-22.6622	-45.0031	1
17.7272	83.3034	2
42.4079	-71.162	4
-23.2765	-46.7111	2
34.4258	-119.718	2
34.1524	-118.431	14
5.40243	100.695	2
56.6901	23.7787	1
42.6866	-8.98969	5
34.7195	-114.491	1
-6.60056	106.815	37
10.3119	-85.8209	1
-7.28581	108.209	7
-41.4595	-72.9031	2
35.1191	33.3827	1
50.795	-2.61142	7
40.4668	-81.4078	1
50.1212	8.63661	2
-9.95786	-67.8066	1
40.0495	18.0566	3
39.8668	-75.0347	2
-7.08701	110.763	1
35.6331	140.062	1
4.46395	114.041	2
52.0938	6.16122	1
43.536	5.38792	1
51.807	5.71386	1
3.4625	101.657	6
43.6814	-79.7831	5
50.7853	-2.24756	2
-26.4195	-51.8397	1
37.9947	23.753	1
32.3329	-116.929	2
13.7201	-88.8707	1
53.2733	-3.22186	5
41.0712	14.658	5
36.6888	139.889	1
48.0795	-4.32464	9
5.05512	-75.4841	7
43.4835	13.4489	2
14.6246	-90.6159	3
53.3934	-2.91859	17
38.7913	0.0334633	2
30.5215	-87.0126	2
38.9308	-76.4978	1
-19.4731	-40.6271	1
29.2775	-98.6717	1
33.233	-86.806	1
58.6482	31.415	1
37.3944	-121.99	3
46.0532	8.9861	2
2.83864	101.752	32
37.9176	-76.8671	2
55.5965	36.8846	1
61.2465	46.8807	1
36.8406	-76.2676	4
52.6003	39.6002	4
39.7189	-84.1764	1
45.5322	8.88755	6
35.0122	-90.7854	1
41.6999	-88.3145	2
-23.6839	-46.9469	8
51.6653	5.61256	1
52.2858	5.65324	4
49.2887	-123.091	2
36.3468	-82.4071	3
-7.45259	109.243	6
-29.9153	-51.1771	10
37.5992	-122.406	3
16.959	-99.7356	2
3.04231	101.447	68
50.8387	4.36307	2
51.9141	6.56715	3
-6.37905	106.833	127
6.11277	100.374	6
-38.265	142.866	1
37.8223	-85.7682	1
-7.87435	110.423	29
4.02948	9.69485	2
51.7432	-0.980592	2
12.9087	77.6279	6
-5.94912	-35.4266	1
6.25384	-75.5968	1
38.0197	12.5266	1
-21.5723	-45.4008	2
-28.739	-49.3605	69
18.5305	-72.342	1
5.65801	-0.00969	1
52.899	6.885	1
42.5756	1.7843	1
45.094	11.654	1
53.8872	27.4374	3
-4.56236	136.875	1
35.894	139.951	4
42.3049	-71.4369	2
-33.4426	-70.648	18
37.0719	-8.77555	7
43.8096	-89.1172	1
44.0149	-92.4318	1
42.5092	-7.58527	1
4.06907	98.1222	1
23.2438	87.0624	2
43.6469	7.09828	7
-23.534	-45.2259	1
39.9436	-0.0907974	1
51.62	19.3657	1
49.1697	2.23616	1
10.9516	-74.7783	5
-23.4052	-51.9367	2
48.6927	5.33116	1
28.9699	-111.498	2
48.3946	7.44362	1
-29.3289	-49.8051	1
-7.42692	108.164	3
19.8872	-100.914	1
52.8471	-2.29813	4
-4.91685	-38.9252	2
-1.45502	-48.5024	5
38.5029	-0.255463	1
-19.6263	-43.8892	1
53.5947	-2.31195	9
43.4526	-80.4673	1
41.7167	-71.4652	4
39.9107	116.386	1
-29.1822	26.2293	1
-26.4233	-49.1569	1
42.8879	47.6334	1
36.3087	-119.29	3
51.6524	39.2406	8
45.3914	11.7935	31
2.95458	99.0491	1
39.1232	-94.7484	1
33.6625	73.0762	2
23.8661	90.3989	1
52.7008	1.62898	1
52.0983	-0.476927	2
3.81677	103.293	5
52.7898	4.79728	2
42.0579	-71.0743	1
37.9733	-122.056	1
39.774	-75.7293	1
50.827	-1.35515	3
49.3598	1.79644	2
30.4639	-90.9718	1
53.5577	-2.04767	44
0.503619	108.909	1
52.6184	-1.68823	1
38.6761	-90.1707	3
53.3215	50.0679	8
34.8421	138.135	1
-22.6456	14.5256	1
71.9769	102.492	1
22.4926	88.3625	2
13.7832	100.546	3
36.3361	127.449	1
45.2697	19.8443	1
35.1465	-85.7742	1
43.7383	7.42429	1
33.2056	-87.5286	1
51.2799	1.09365	1
-7.08728	107.562	6
30.3568	76.3692	1
43.4648	-5.79136	1
51.7604	-2.47829	1
42.8962	-78.876	3
-16.6428	-49.2612	3
43.821	142.441	1
52.0231	5.55162	5
3.00612	101.608	73
33.9373	-117.969	15
9.06239	-79.4638	14
-0.774199	100.592	3
53.6799	9.37268	7
-7.45116	112.696	10
37.6433	135.464	1
47.0732	15.4419	37
39.6477	-104.997	6
42.1725	-83.2186	2
25.9422	-97.4151	1
41.7547	-70.6849	1
46.2557	9.4199	1
12.1155	-86.2704	6
45.7578	4.8351	12
52.0828	-0.739571	2
38.3575	-0.473441	6
12.9687	79.1546	1
-29.7338	-51.0571	2
-22.959	-49.8674	2
-15.8324	-48.0026	4
35.4471	-79.3127	1
30.7924	31.0081	3
54.7042	20.472	2
-33.5561	-70.7975	3
34.7014	-86.6686	1
30.0616	-95.1662	2
-31.5614	-52.3342	2
51.6282	-0.267468	10
41.3662	-83.6507	1
-30.004	-51.0215	4
47.2031	-1.59761	1
-12.0077	-77.0567	15
-37.6677	-72.0189	2
38.7317	35.4443	1
55.1254	73.3788	9
37.3053	-6.11304	2
37.1375	27.3433	1
-7.69867	109.02	1
56.1385	40.4177	5
8.59178	-70.1751	1
-37.7554	145.062	3
-26.8728	-49.1096	3
42.2888	-83.7506	1
53.316	-2.65377	4
53.3549	-6.2474	13
34.9596	135.407	1
41.7364	12.6618	4
-25.7758	-48.5577	2
49.3525	2.54855	2
42.606	-5.59668	1
10.6621	-63.287	1
-15.7182	-43.4193	1
51.585	5.06361	3
49.8513	20.2544	1
-13.3341	-43.2735	3
43.9915	-84.7795	1
4.80132	101.057	6
48.4176	1.80782	1
50.4309	-3.58806	1
34.9424	-86.5925	1
39.9558	-75.2413	12
37.8429	27.2423	1
37.7981	-100.469	1
50.5104	30.4145	3
37.7914	-3.74254	1
-21.2061	-47.82	19
38.8778	-99.3181	3
32.6782	-83.1783	5
31.5213	-106.148	3
47.232	39.7725	2
5.95387	104.191	1
-22.9891	-43.221	7
-6.8201	107.143	3
33.7978	-84.2766	1
51.2962	-0.82964	3
10.1599	-66.891	2
33.7839	-117.184	4
55.3259	11.3906	1
5.35612	100.54	5
-19.3197	146.724	1
-6.13005	106.664	55
37.7811	139.124	1
-35.8591	-71.5938	1
50.8146	8.36254	1
47.451	7.64336	1
-6.4371	106.972	2
51.2677	-1.08452	1
44.9295	4.90578	2
-23.6892	-46.7648	13
37.2692	-119.307	8
40.8267	29.321	1
34.928	136.441	1
-24.2813	-51.6175	1
42.4508	-73.2604	1
-22.1868	-49.9589	2
53.4084	-1.28614	1
45.7358	11.8618	2
40.2915	-3.44419	1
50.2899	4.10235	5
36.8652	-79.7743	1
-22.6446	-43.3052	3
-27.1111	-52.6609	3
50.9082	-0.715389	8
53.5335	-1.10698	4
42.8985	-85.8582	1
40.654	17.7668	1
-6.30368	106.665	17
-21.8793	-47.9053	3
8.92714	-79.5401	5
6.49941	3.61984	1
-28.7189	-53.5192	1
19.2708	-99.6499	11
54.2103	-1.1906	1
-25.4221	-52.2358	1
53.2204	-0.558267	2
19.2792	-99.1658	28
-6.94041	107.716	57
51.3996	16.1939	1
-37.7965	144.868	2
-6.26333	107.239	16
37.8921	-81.5316	1
59.2933	17.823	1
-7.65408	111.35	5
44.4582	7.56125	1
44.3683	9.31229	3
56.2847	43.851	3
-29.1921	-51.3739	2
33.9327	-83.3625	1
30.4397	-91.1352	2
41.6636	-87.982	1
24.0729	91.1155	1
49.1451	6.81109	1
54.4843	-5.52886	1
51.5207	-0.142822	1701
53.6424	-1.79009	8
43.3056	13.457	1
-26.1206	-51.0906	1
26.1404	-80.1456	12
36.2329	-115.238	8
37.6524	-3.93864	2
-2.63627	-80.3782	2
47.0625	142.054	1
25.9411	-81.7043	1
43.5378	3.4597	3
51.1963	0.742771	1
-22.8736	-47.2262	5
52.3671	4.88943	11
-25.4951	-49.2884	44
37.942	15.3643	4
39.801	-8.79559	2
14.4783	-90.6345	3
41.9133	-88.3126	2
-1.37924	116.634	1
52.3798	9.76148	1
38.5305	-8.86894	3
33.8113	-84.5636	2
39.0094	-77.4645	8
-34.6885	-58.7068	1
56.9893	41.0229	1
40.5146	-74.404	1
45.5357	-73.7855	6
35.9923	-94.1738	2
35.7593	-5.86816	1
44.9093	10.6649	1
51.1814	-0.627932	2
19.2995	-98.453	2
54.7447	-6.24591	1
43.5528	10.3378	2
39.9986	-75.5784	2
20.1932	-100.149	4
-15.992	-47.9864	2
52.6373	4.75451	3
42.7205	10.9827	1
26.741	-77.3819	1
1.86117	104.63	3
41.8522	12.515	36
41.6709	-0.874265	5
0.360921	32.6289	1
-23.1209	-55.2182	1
-24.4958	-47.8554	4
40.8007	-81.8611	1
51.5301	-3.67502	1
51.9501	7.62409	2
44.0358	-78.8645	1
45.4463	-122.796	1
10.4872	78.4675	1
41.4689	13.3168	1
32.2187	-101.498	2
18.4985	73.8187	8
57.1558	-2.20286	4
37.2039	-1.8106	1
61.5054	23.7625	1
-33.8892	151.186	3
-21.2546	-48.3412	1
39.7562	-80.7168	2
52.4128	22.234	1
51.2667	22.8865	2
25.9936	-80.307	3
4.17448	100.669	2
-23.0595	-46.972	1
34.1827	-119.225	2
54.8891	-1.44754	4
28.6139	-13.9376	1
41.2822	36.3418	1
53.0399	5.64375	1
26.8418	-80.1632	1
36.3844	-119.443	1
-29.4497	-55.1328	1
54.1937	37.6289	9
55.9712	47.3613	1
50.0337	21.9887	1
55.6866	37.8569	5
43.1862	-77.6164	2
51.3927	6.14929	2
53.0957	5.82788	7
1.65929	125.108	1
50.2076	15.8197	1
47.1013	-119.995	1
5.39716	100.315	16
19.0948	-96.1532	1
41.5171	-81.4534	2
61.524	10.143	1
39.3917	2.76997	1
59.7449	30.5627	1
33.8903	-117.473	2
53.459	6.62288	1
-10.1156	-48.1132	2
53.4039	-1.5631	13
-1.27293	-48.4598	13
21.4098	39.5107	1
-29.9006	30.9726	2
28.4737	-16.2902	3
51.7312	-0.455338	4
44.3854	12.3146	1
40.4035	-86.8679	1
-7.75355	113.213	1
29.1089	-110.999	1
59.8759	31.2086	1
51.6473	-0.773261	1
-25.553	-48.4967	3
1.68026	103.151	1
36.1358	-111.239	1
18.4419	-97.4084	1
-6.71323	-35.7236	1
-22.5918	-47.3616	3
-12.124	-60.2921	1
43.3636	-1.76273	1
32.7995	-97.2914	4
35.1761	138.669	2
41.8082	-83.5799	1
-22.2895	-48.8787	2
48.8836	6.04402	1
-6.74965	108.556	7
22.3053	114.187	1
45.0728	7.67575	2
41.717	14.7697	1
46.057	9.25658	3
51.4665	-3.20636	2
-3.67054	128.178	1
36.2917	137.964	1
40.8028	-73.3371	3
40.073	-74.7243	4
1.91295	103.015	7
35.1295	-90.0268	2
51.3597	42.1119	1
-7.14948	-34.8822	25
25.2737	-99.4088	1
53.8228	-1.42539	6
38.6627	-9.10513	6
36.6668	140.136	1
39.3725	-79.1507	1
-7.62603	111.516	1
14.0819	121.145	1
51.1635	10.4541	1
43.5306	4.14819	1
-31.2458	-54.066	1
45.2482	-75.8001	3
61.5218	0.00022	6
35.1634	-115.9	3
-26.1339	28.0994	3
46.2724	-78.9278	1
51.4202	5.49615	1
40.5846	-73.6842	1
-23.2011	-46.9084	5
13.9874	-89.5923	2
37.5091	127.005	4
-7.84375	112.032	4
39.5472	-119.747	1
29.6923	-95.5158	6
28.2543	-81.6202	1
-6.31379	107.077	28
50.2133	19.007	3
18.022	-92.9165	6
1.13217	104.044	7
34.6613	135.419	5
-33.3581	-70.4995	10
19.6527	-101.276	1
34.4056	-117.433	3
44.0388	43.0507	1
44.6443	10.9202	2
-1.58622	122.252	1
42.8621	-2.67102	4
-1.24509	-78.6263	1
35.619	136.884	1
60.1833	24.675	1
42.5237	-83.5123	3
39.4764	-88.1769	1
5.19934	96.7024	1
-8.7058	116.267	2
55.8195	38.1676	1
-19.8844	-43.7975	1
49.0922	1.48259	2
1.45011	110.449	6
-4.08207	122.845	1
52.7324	41.4335	1
52.94	4.75441	1
35.4056	136.314	1
45.0593	42.0608	1
-9.64388	-35.7006	2
-1.75216	112.635	4
39.3295	-76.4351	1
33.6672	-112.365	1
52.9098	-1.53832	3
33.2818	44.8206	1
38.5889	-90.5508	1
49.3523	20.0057	3
39.983	-82.9772	4
-5.14383	119.426	29
39.0947	-9.04127	4
28.0599	-82.4129	10
43.8552	144.464	4
11.6087	125.433	1
-23.5372	-46.6161	10
38.2753	24.508	73
-26.9671	-48.7712	1
43.7176	-95.8728	1
42.7955	-85.5262	2
47.3228	5.04534	2
-11.8413	34.1689	1
-27.1211	-48.9046	2
21.0981	-101.601	1
10.4291	-75.5455	1
42.1255	-96.3883	2
-21.3928	-50.1297	1
-23.621	-45.4901	3
51.7803	-1.27373	1
-19.3852	-40.0687	1
31.6468	-106.246	1
44.5213	-94.7209	1
45.4423	9.30439	2
52.7479	-0.533957	1
39.8979	-83.6244	1
-21.645	-49.7904	1
35.0125	134.996	4
47.4279	14.0112	1
43.0841	-89.4064	1
41.4988	-81.7058	2
54.0237	9.37541	1
35.5626	-5.89977	1
43.5138	6.94378	1
-22.6133	-43.7186	5
-6.88289	109.67	1
-7.18992	107.864	1
-13.5216	-56.0852	1
13.688	101.071	1
52.477	1.74721	2
51.8922	-8.50389	9
42.8752	-5.63796	1
33.0075	-117.257	2
35.3992	-119.092	3
-20.1841	-42.0865	1
45.6372	5.09239	1
-2.62929	-44.3026	14
-7.45212	111.001	1
-24.1821	-46.7865	1
59.3806	28.166	2
64.5245	39.7407	1
36.0809	-119.563	1
1.60032	-52.378	1
35.9189	-84.3725	1
41.3258	-82.5973	1
36.7862	34.6145	4
53.8896	27.6147	2
28.531	-99.8665	2
32.801	-115.569	1
51.9529	6.26781	1
34.5854	-118.101	1
43.6328	3.86241	3
18.6512	-91.79	1
-23.3921	-46.4539	9
-19.5537	-42.6053	5
-28.3067	-53.9244	1
-5.189	122.64	1
33.9073	-84.1752	5
4.71415	103.407	2
-21.1874	-45.4382	1
-22.4873	-44.1755	1
-25.4912	-50.8622	5
37.7703	-122.436	26
34.1844	-118.132	7
52.307	104.253	3
40.0691	45.0382	2
38.8442	-0.106558	1
-7.59444	112.237	1
52.5068	13.4246	3
36.8087	127.113	1
27.7876	-82.3418	1
40.7629	29.9736	1
47.1383	-122.264	1
34.9698	-89.8491	2
-6.79347	106.78	3
48.2156	16.4711	2
43.4997	13.6039	1
33.3078	44.3742	2
38.2684	15.6099	2
42.1971	-8.77156	5
51.5775	0.593568	1
3.72311	103.082	6
51.7792	55.15	2
42.436	-8.65289	3
32.3425	-111.094	1
60.0784	30.2658	5
34.7511	135.601	3
39.9766	32.6289	3
40.1535	-86.5378	1
-32.2122	-52.378	1
-26.4146	30.0082	1
56.0219	92.8227	3
41.5279	-85.0716	1
41.1621	-8.62191	14
-23.6828	-46.5955	309
-27.3132	-55.8822	1
-8.14429	113.696	1
40.0985	-85.6724	1
48.1159	-1.68833	4
-14.5043	-56.8506	19
21.6117	39.1318	3
43.3997	10.8917	1
46.8415	-71.3703	1
51.1937	9.47321	1
3.35359	101.253	11
1.22835	110.697	5
-28.0381	-48.6607	1
51.56	0.236186	4
29.581	-98.2345	1
46.2285	7.34689	1
0.830694	104.072	3
-22.7106	-47.7943	4
49.2535	4.05493	1
36.1484	-95.9482	1
13.6908	-89.2297	10
54.129	-3.22461	1
-23.5339	-47.0999	1
38.7814	-90.3377	2
6.89258	79.9812	12
45.3441	28.8079	1
53.4596	-113.46	1
43.2607	-79.9135	1
28.1133	-80.6475	4
20.1056	-98.7758	3
42.2494	-87.9926	2
-7.12066	111.577	1
33.45	-111.963	8
44.8638	-0.586176	11
41.8064	-77.0745	1
33.216	-97.757	1
47.2201	14.8675	1
-25.4539	-54.4571	1
38.8616	-77.364	7
53.8612	-2.56481	2
46.5287	6.6419	7
2.55991	102.436	1
-22.1609	-54.8613	6
32.3559	-86.0822	1
52.4205	6.7129	1
-4.61816	105.224	1
3.60384	98.628	41
50.9415	5.80865	4
33.2533	-8.51763	4
38.9332	-8.99323	1
27.945	-82.5262	1
-16.6161	-43.9388	1
-10.1936	-48.314	2
49.3305	8.52991	1
3.89572	103.077	3
42.6396	-8.5571	2
39.4651	-87.3758	2
42.7489	-84.4805	2
10.3421	-84.4342	1
9.43365	-64.4526	1
40.0031	-74.3628	1
36.1909	36.1493	1
45.011	-0.608399	1
35.3087	139.484	3
0.0	0.0	50
38.0829	-0.951599	3
39.0878	-83.131	2
23.2497	-106.435	3
42.3835	12.0632	1
33.7857	-78.8793	1
45.3953	11.2837	1
28.6905	-99.8318	2
18.3276	-67.2507	1
51.2226	58.4789	1
51.2345	7.08124	1
51.4803	-0.688326	3
40.1326	-80.7135	1
51.4858	3.89044	4
30.7617	-88.0733	1
50.2478	3.92045	4
41.1458	-81.5107	5
-23.4194	-50.881	2
52.9916	36.1149	3
-27.0077	-48.6232	3
19.7783	-99.0834	4
-0.789275	113.921	1
39.9597	-82.7945	8
52.7648	-0.888733	1
51.8218	-0.67158	5
42.0388	-87.6994	4
1.64526	103.594	13
50.7701	25.3022	6
21.4424	-157.75	3
49.8538	-97.2044	2
40.8456	17.2978	15
-7.54717	110.816	16
21.0487	-87.0318	3
-1.18577	116.882	5
5.59389	-0.180581	7
39.4207	26.8072	210
20.5824	-101.187	1
56.8105	24.6057	1
36.7418	-119.76	4
34.7682	137.85	2
41.4728	12.896	13
-3.11112	-40.8263	1
10.6718	-71.609	5
41.9526	12.7202	2
42.427	-82.9043	2
36.0716	-79.8037	1
3.77962	100.991	3
55.9848	37.1613	1
48.9635	2.6705	8
38.6647	-94.8422	1
-8.70594	115.226	27
51.6173	-1.23566	12
45.5419	-122.277	1
41.1708	29.6028	1
7.78945	-63.0406	1
43.6535	-79.3839	32
52.6017	-0.255211	3
46.1935	6.19855	8
-38.1386	145.863	2
42.3491	-83.1578	7
36.0093	-78.8563	1
3.94649	113.811	1
42.7466	-75.77	2
-20.4858	-54.6525	4
42.7139	-78.9275	2
42.4971	-92.3807	3
-18.9662	-49.4773	1
-22.2823	-41.9777	2
36.6866	-121.641	2
38.3239	-122.307	1
64.5713	40.522	1
55.9355	37.8427	2
56.4994	-3.52222	1
39.8865	32.8762	9
-2.50005	-44.2412	2
26.8424	75.5645	1
37.3831	-5.92359	8
42.0677	12.6213	1
25.0343	-101.167	1
53.2791	34.3808	1
37.4359	-4.19524	3
43.3027	132.061	1
19.4325	-99.1534	124
42.3634	-83.299	8
25.7787	-100.168	3
43.018	-7.55976	2
30.622	-88.1595	2
5.36567	116.172	1
55.7559	37.5483	97
-23.7976	-46.0155	1
-26.1021	27.7268	1
34.0209	-118.211	49
39.4012	-6.44088	1
-20.8756	-54.2616	5
57.2263	-2.77727	5
44.0358	42.8779	1
39.3285	-82.1017	1
30.4652	-84.3286	3
29.5988	-95.6228	1
54.4987	-115.001	2
42.3739	-73.8355	1
39.7643	-104.855	7
40.9544	-5.67915	1
36.1042	-83.4754	1
11.3944	-69.6685	1
-6.7345	108.001	8
35.0086	-80.9206	2
-19.4679	-44.2477	1
41.7969	-71.9201	1
52.094	5.11756	5
40.8604	-74.8366	1
46.0748	7.06842	1
33.8101	-117.824	4
52.2945	5.25305	1
-23.9555	-46.5075	22
43.7739	10.3897	1
-27.9931	-54.2949	2
34.8862	137.095	1
14.6491	-90.4732	1
43.276	-8.2247	1
2.79902	101.494	1
-23.5334	-46.7845	33
2.72813	101.928	22
35.0826	-106.678	19
1.54746	103.794	52
29.3075	47.9347	5
-8.09948	111.915	3
3.89007	100.878	1
44.9803	-93.2346	3
-7.24614	112.602	65
31.1689	-100.077	4
32.6318	-117.025	7
59.7439	60.2407	2
-22.0668	-42.9237	4
37.6215	-81.7621	2
39.4231	29.9958	1
-29.9595	-51.7079	1
48.8515	2.76032	3
48.9676	2.11325	10
42.6215	-82.9119	1
52.0482	4.47765	8
41.1024	-8.47795	3
50.4943	4.24271	2
8.13435	-71.9888	1
40.3242	-3.88526	6
40.7405	14.5641	22
0.177371	-51.3389	2
8.76782	-75.8658	1
10.3733	-66.9743	5
51.5051	4.2956	2
30.027	31.2164	19
42.2449	-71.1812	1
42.0555	-87.8571	1
-22.7855	-43.3698	5
33.6017	-7.60975	10
-25.3706	-51.5523	10
-4.11952	120.027	1
34.2585	-6.58228	7
48.6475	44.3981	4
53.1673	-2.36386	1
50.7751	3.13012	6
38.9285	-77.0054	15
5.50937	95.3082	15
-6.07925	-35.3013	1
38.3105	-77.5024	2
33.6245	-80.9266	2
8.60704	-71.6566	1
36.1707	44.0042	2
53.5497	8.00846	1
41.6454	13.3623	2
47.7382	7.42087	2
-7.9073	110.266	8
30.0095	-90.2508	1
-22.737	-42.5939	1
60.7218	28.7527	1
32.3761	-88.692	1
32.5368	35.8491	1
50.6903	-4.17288	1
19.5421	-96.8861	6
52.0046	4.21273	14
2.06667	45.3667	8
-22.5833	-47.1577	1
-21.6181	-48.4446	2
18.9338	-99.2608	13
19.2158	72.9595	6
-8.43046	-36.7454	1
9.62555	-71.2941	1
57.6016	-4.87113	1
-5.34548	-49.0943	1
-8.54675	115.282	2
19.4261	-98.1218	1
33.6034	-117.914	5
53.5703	-3.01747	2
30.4226	-9.58203	1
38.9736	-95.2556	4
51.1026	0.398353	1
47.4743	-3.12078	1
-33.0324	-71.4087	5
22.6332	88.4155	3
38.461	27.2198	1
-23.0756	-47.3702	2
35.7495	139.587	15
45.0403	38.9732	7
26.1573	50.5371	2
38.7971	-75.5844	1
40.9975	28.7021	15
42.7528	-72.0101	1
49.8748	8.65491	1
50.9188	-4.20762	2
48.0732	-122.127	2
5.32975	103.149	8
52.469	-1.48589	6
51.9487	6.05715	1
40.3653	-82.6694	8
54.5363	36.2486	1
38.9411	-94.8292	1
-29.9291	-71.2735	2
60.1365	24.5106	1
-23.2365	-51.7305	1
39.1363	-84.5404	4
40.9442	-73.8643	9
19.1586	-98.4063	7
29.7858	-95.7188	2
0.38145	109.951	1
-0.87115	119.891	1
13.0712	80.198	1
52.2233	6.86858	1
5.85561	118.109	3
42.1142	140.549	1
38.5041	-1.70574	1
49.0286	2.32441	11
57.6359	-3.31703	1
49.2248	1.2098	1
51.6214	5.84831	1
35.7642	139.736	18
52.1105	23.6831	2
53.5375	-1.38465	5
-2.90827	-78.9912	2
50.3887	36.9056	1
-30.2041	-50.8677	2
53.4424	-2.23348	14
-30.0332	-50.2337	1
40.5669	-84.1902	2
37.3828	127.132	1
-21.3328	-42.6531	1
43.0327	-75.9978	1
46.8032	7.15967	1
0.91757	104.505	2
40.1088	-84.2412	1
-20.5867	-41.9435	2
43.0919	-79.5461	1
-17.7193	-51.0442	1
39.1355	-77.2116	4
41.6545	-91.5753	1
37.2968	-121.817	3
48.1174	-96.1884	2
36.7405	-108.323	2
4.06836	101.801	1
52.7529	6.95947	3
47.273	-120.882	2
-22.073	-46.5727	2
35.5889	139.728	41
-6.92249	110.649	2
61.0527	28.3162	1
-22.3971	-47.613	5
10.4779	-73.2572	1
40.0962	-122.643	1
38.6879	-87.0183	1
30.2347	31.453	1
53.7142	48.024	2
36.1908	-86.2843	1
37.8755	15.0401	1
-8.49226	117.421	1
60.6683	17.1485	1
55.6069	13.0216	1
41.9029	-88.0813	4
-3.80569	114.755	1
-1.74911	102.839	5
52.495	-1.88127	11
51.3241	-1.92567	1
0.0812308	-51.0616	20
50.8242	-1.56019	7
47.2371	38.8775	9
39.6687	-75.5939	3
3.23187	101.386	7
-27.3972	-51.5977	1
48.2901	17.7314	1
53.1743	44.0301	1
40.4779	-3.58303	22
49.1846	-0.372109	1
-20.217	-70.152	5
40.8259	-74.1636	5
40.8232	17.1086	2
42.0162	-82.9908	1
31.6552	-94.646	1
49.1994	-122.913	1249
53.3792	-3.11753	1
-22.916	-43.4474	93
42.5654	20.9269	3
2.45336	101.857	3
44.0384	10.0443	1
38.9202	-80.1817	2
57.2016	52.7806	2
41.1004	16.8897	9
42.3433	-7.90485	1
-36.8577	174.766	1
34.2223	-119.051	1
36.035	-86.812	2
-5.50628	-47.4923	2
4.64713	101.203	14
61.5218	-75.0065	1
48.0724	-122.287	2
45.5249	11.6327	5
43.3589	-8.40874	4
25.6325	-107.957	1
35.4825	-97.4792	2
5.63362	-73.526	2
49.2492	5.90404	2
28.6595	-106.11	1
52.5909	-2.12746	12
13.824	100.723	1
29.8239	-95.4621	7
38.9943	-94.5599	3
38.4255	-82.4286	1
50.631	3.0472	9
49.5054	-1.47242	1
50.0225	20.5449	2
-29.3292	-51.5004	2
54.1777	18.681	1
-3.3671	-39.5891	1
-7.39669	109.687	2
46.5847	0.371571	2
-0.269385	102.594	1
41.471	-72.8345	21
35.4109	-101.524	1
-29.6926	-51.2449	5
51.4736	5.6531	7
44.5429	-93.5624	1
-23.3548	-46.8802	3
49.6726	-124.981	1
41.0356	-75.3298	17
42.6529	-73.7828	2
38.7225	-9.39724	4
-32.9717	27.9007	1
43.7953	-79.3497	4
-33.5859	-70.5605	1
51.9037	-9.03369	1
35.2127	-81.0953	1
10.0562	-69.3816	1
-26.8622	26.6639	1
54.5985	-1.08022	18
20.6767	-103.337	11
48.8128	1.94829	6
26.2991	-80.0823	1
36.7967	-4.68937	1
53.1133	48.4677	1
3.64042	98.7687	1
43.7807	11.2448	4
42.0003	-71.4979	2
52.958	-6.39532	1
49.5003	8.50214	1
52.7146	39.7829	1
18.0199	-66.8709	1
21.8495	-102.327	4
45.2568	4.78355	1
56.073	-3.44458	3
52.0182	4.7085	1
36.1323	-5.66883	2
41.2332	-96.0472	5
37.6978	-97.4362	4
-23.513	-51.0998	4
45.0146	41.9138	6
52.9499	7.11599	1
37.7527	-92.102	2
33.8209	-6.07625	1
33.9677	-117.333	3
39.6426	-77.572	1
26.3549	127.796	2
55.617	-4.47635	1
-12.8753	-38.5026	16
52.9539	-1.16654	10
19.626	-99.0903	40
43.1393	12.3687	2
31.7897	-115.229	2
43.1168	-79.3299	2
43.1371	-75.2766	1
39.0744	-84.3384	1
56.0348	-3.81585	2
34.9417	-81.928	2
41.7787	-93.7135	1
54.6851	-1.79769	4
34.3311	-118.504	2
45.5926	9.27591	2
51.524	5.97527	1
43.8802	10.8092	5
39.4733	-82.7392	3
54.2563	85.8743	2
51.4837	3.55778	2
37.8476	-4.67425	3
40.386	-75.1513	1
21.4878	39.2596	1
59.9397	30.4892	8
42.5206	-83.3402	10
25.6747	-80.4375	1
42.4804	-83.0872	2
40.04	-76.3004	1
-14.2393	-53.1848	13
53.2424	-0.89037	1
-6.8011	107.647	6
56.5222	84.982	3
45.0442	-79.3301	1
42.0267	-93.6507	3
-29.2155	-51.9275	1
5.80618	102.226	2
33.9115	-6.97032	12
38.4034	-75.5704	1
44.9393	-92.8872	1
40.3888	49.871	1
-1.71186	113.698	3
23.6254	-102.558	6
38.8794	-6.96841	1
8.89929	-79.7763	1
35.4136	-119.501	1
15.2249	145.736	1
58.5905	49.6388	2
18.0901	-94.1714	1
38.1541	-101.652	1
53.7766	20.4672	1
-4.19475	121.599	1
19.4685	-98.7874	7
53.2218	6.56477	9
53.1076	49.9533	1
49.4448	7.60418	1
-5.569	-50.0651	8
51.7452	4.18774	1
35.0507	-85.1257	5
51.6405	-3.80913	1
0.152958	117.48	3
35.2117	-97.4436	2
23.5552	-110.192	2
19.1052	-99.5929	1
33.7764	-117.993	4
-3.84497	102.321	3
-6.46769	108.103	2
-22.724	-47.2901	5
43.703	7.25302	2
-2.42837	106.432	1
41.7318	-78.3862	1
-7.75949	112.239	2
35.2386	-94.601	1
43.451	6.79082	1
22.7392	-102.589	2
55.599	37.5062	12
24.896	67.0789	2
-7.02659	109.691	1
52.5032	5.48243	1
-24.7746	-48.0692	1
37.8218	-25.7208	1
44.3743	9.86947	1
22.3111	-100.956	5
14.3398	121.061	6
-21.112	-42.9762	1
10.5973	-66.9538	4
58.5534	31.2773	2
25.7111	-103.504	1
-7.04882	107.129	2
35.7545	-78.0248	1
-9.65491	-36.6949	1
46.603	7.10058	1
38.8698	-82.8356	1
-22.5778	-50.4376	4
50.3649	3.51474	11
19.1943	72.8163	12
33.586	-84.0883	1
38.6637	-78.4605	5
41.4188	-87.3448	2
52.105	6.64044	1
35.7125	139.441	2
47.6816	-122.026	1
38.5451	-121.729	2
4.54311	-75.6576	1
-5.43588	105.291	2
-22.6804	-47.0163	3
-8.9356	-36.4725	3
-6.74538	-38.2186	2
38.069	-78.8725	1
39.9586	-75.9209	2
-20.1646	-43.9547	2
43.1009	131.926	3
-26.1714	-58.1773	1
51.4546	46.1045	1
-6.93177	107.569	71
60.9424	76.6078	1
52.4046	-4.00698	1
19.8902	-100.43	2
50.0463	20.0057	1
29.8748	-97.9194	2
-20.2804	-40.2928	6
43.6008	1.4329	6
44.105	-79.4658	1
28.3856	-81.5118	3
52.5699	6.53484	1
42.2075	-71.0013	6
53.9966	-6.39768	2
17.534	-101.27	1
-33.1205	151.474	1
33.6156	-112.102	2
17.7227	-92.8102	1
-29.5606	-53.7644	1
52.0608	-1.95727	1
45.6391	-122.619	5
48.0358	37.7801	1
18.1355	-94.4325	2
26.0602	-98.3171	2
42.1245	-72.6573	3
54.8885	38.0837	7
19.0322	-98.1543	42
53.7962	-3.00862	2
55.8505	37.3643	2
50.7674	2.26487	1
48.7491	2.61651	2
-6.51897	110.775	4
48.7685	2.4662	23
-7.29068	108.004	3
56.5498	9.01498	1
5.94302	116.052	5
50.5289	2.8929	2
31.4829	74.3324	2
7.25343	5.16884	1
42.7043	-89.0067	1
38.8361	-75.4431	1
37.4227	-81.0158	1
7.4116	-73.5131	1
50.8774	5.96095	9
39.8973	-79.7243	3
-30.0997	-51.1593	30
32.2352	-110.956	3
60.4797	25.1039	1
-2.0746	29.6172	1
59.6659	10.796	1
43.5962	-70.3333	1
41.4177	-75.6063	1
40.4714	-80.9218	1
-13.2574	-43.4132	10
41.1252	1.26876	4
-21.2573	-48.5654	1
-3.10641	-60.0264	20
39.7989	-89.6165	4
55.8867	-3.60894	1
38.0072	-121.289	1
-32.7675	151.6	1
-7.31284	108.356	1
42.3399	-82.0876	5
24.9353	55.122	1
40.1275	25.9459	1
19.9355	-96.8531	1
43.3531	-5.88123	5
45.5811	-94.3939	1
9.84855	-84.3256	3
-6.43778	105.939	2
51.773	0.201674	1
41.8402	-94.095	1
51.3263	5.98799	3
-8.15643	112.085	1
30.165	-95.5103	3
2.44017	99.156	1
41.4819	-74.3821	1
22.2424	-97.8382	2
37.6119	-77.4779	4
5.47168	100.457	1
62.0391	129.73	3
45.3893	141.692	1
51.69	5.2947	3
38.9961	-5.72451	1
51.1961	-1.49107	2
38.6484	-8.51835	1
10.9685	-63.8354	1
-25.5199	-54.6334	2
37.4461	138.662	1
42.1369	-75.9597	1
-28.4896	-54.2782	4
-23.8633	-46.2901	19
51.4387	-2.85306	5
40.5247	-3.81615	13
48.8588	2.34693	43
44.4377	4.71533	1
59.9389	10.7212	1
-29.7528	-53.8242	4
35.0331	135.792	4
-35.4305	-71.6276	2
30.0608	140.596	3
44.9008	-89.5695	1
52.1332	1.41997	5
58.0022	55.9599	6
45.5092	6.66818	1
40.3365	-75.8808	1
43.8174	-79.5962	3
14.7744	121.022	3
52.5307	5.69003	2
56.4042	39.0419	1
46.7323	-117.178	1
43.4108	1.71116	1
43.9581	7.81506	2
57.6485	-7.39845	1
17.6237	-94.3846	1
41.0586	28.9766	10
50.6125	-3.65302	6
41.8588	-90.9234	2
-0.587732	111.388	8
52.6355	5.05665	1
34.2668	-5.92018	4
55.3916	36.7322	1
43.4481	-7.35045	1
-0.128405	109.409	4
38.9103	1.42366	1
54.572	-5.97474	5
52.3851	-2.27787	2
35.202	-101.798	1
52.2126	5.4999	2
54.749	55.996	3
40.6884	-74.8604	1
44.5469	10.7681	1
29.8037	-90.4269	1
53.1582	-2.90236	1
28.2478	-17.14	1
19.0398	72.862	4
-8.0436	-34.9394	24
53.4578	-2.62177	7
-28.4795	24.6701	2
-7.62547	109.494	7
55.6232	34.9597	1
-36.7374	-71.0353	152
-20.5187	-48.6196	2
25.8364	-98.3625	1
41.7052	-72.879	1
57.6834	-2.02078	1
-27.6544	-48.5156	6
-15.4552	-55.8425	3
47.097	5.5248	1
36.4199	-82.0676	1
34.1296	35.6587	9
42.2369	-84.3957	2
38.2811	-76.4298	3
50.3881	-4.11457	3
29.7207	-95.2954	13
-26.2617	-48.9665	7
-7.05268	110.44	29
51.8873	5.39853	1
33.113	-96.9058	2
25.2442	-103.233	2
41.5297	2.2139	1
4.19755	103.437	4
43.0765	-70.7678	2
20.7498	-102.313	1
35.2928	-2.94677	3
50.8182	-1.09673	3
38.4137	-75.0558	1
48.4084	-4.49955	2
52.4733	-1.6677	1
32.7673	-117.146	5
30.2036	-85.6033	1
26.2167	-97.7014	2
29.4821	-95.0978	2
40.6235	-4.94821	1
53.1638	-2.73732	1
-8.1851	-36.0151	2
43.2182	76.8669	3
50.977	11.3189	1
39.4225	-0.352546	7
-22.9195	-43.0731	14
37.3248	-6.53229	1
41.4599	-87.7567	1
34.0388	-5.00876	4
40.3543	-79.8955	5
-28.487	-49.0457	2
38.67	-77.3808	1
51.593	0.08764	2
44.8237	34.3318	1
-34.9075	-57.9544	1
59.0018	61.7094	2
59.2268	39.8381	2
-11.0019	-37.1007	7
-3.44988	114.81	3
52.605	-1.97522	1
37.9834	-1.12989	4
38.8253	-97.6317	1
25.535	-80.3961	1
38.7521	-104.748	2
-6.21099	106.963	107
48.9863	1.69118	2
29.3789	-94.9923	1
5.77627	102.585	2
30.9373	-91.4009	2
27.86	-82.708	1
40.8759	-75.7298	1
48.4561	135.099	1
48.0885	9.78887	1
43.6073	4.86874	1
10.4924	-66.8317	5
43.8438	142.717	1
47.2611	39.628	7
33.7678	-84.4181	2
28.5563	-82.114	2
51.569	5.47186	2
-6.89947	112.072	2
-8.58322	116.11	2
-0.178896	-78.4779	4
-0.854744	-52.5393	1
3.22815	101.569	13
52.8488	6.61248	1
44.6562	-63.5925	2
34.4508	135.573	1
-25.0606	-53.398	4
55.9507	12.4472	1
17.3917	-99.7242	1
6.41816	100.257	12
48.0582	-0.76928	1
45.8586	1.23198	1
5.6574	100.524	11
34.6245	138.198	1
45.4434	8.61637	1
51.2164	4.42011	1
39.4334	-76.2691	1
41.3948	-73.4721	3
55.608	-4.68096	1
40.4172	30.0369	1
-22.8211	-50.2294	2
-1.60277	103.607	4
27.29	-80.3374	1
41.5698	-87.3948	1
2.8888	102.401	2
-22.8214	-43.2286	4
10.3203	123.902	2
3.14845	101.705	259
41.6993	-8.47961	1
-22.803	-47.4357	21
19.0707	-155.757	3
4.38697	100.965	2
49.2711	-0.254713	1
-35.5174	-71.5119	1
52.128	-0.983495	2
-15.7763	-47.7966	40
54.3783	18.5969	5
41.2837	-84.3153	1
45.0395	7.35586	1
51.5599	4.76485	8
19.6014	-90.3361	2
1.47326	124.871	3
39.6176	-104.732	1
49.2436	6.98279	1
13.0391	77.5635	2
51.5265	45.9785	12
13.0518	77.1503	1
40.1868	-75.2284	4
37.2345	-77.3023	1
39.1719	-76.8033	5
53.5203	49.4315	3
60.1595	25.0186	12
49.4117	1.04164	3
0.512307	101.461	12
-21.1949	-41.9026	1
1.72724	98.7998	1
35.247	135.868	1
41.9845	2.8404	2
-6.16896	106.827	231
0.247298	-51.0637	10
55.6359	38.0636	1
54.3207	-2.75552	1
32.8253	-109.716	1
62.0549	29.9463	1
51.6316	-3.32915	5
41.6912	-87.7373	2
1.55791	110.337	5
51.9346	4.37942	1
39.8769	-7.1126	1
2.28465	102.563	7
16.7943	-96.6724	1
51.6933	4.8782	2
28.4962	77.0935	2
30.3077	-81.6976	3
32.6578	-97.0025	2
2.85746	103.448	1
44.3788	4.99734	1
13.7349	-89.0577	1
54.1125	-126.558	1
34.8902	-82.4059	1
59.425	24.7382	1
42.0851	-83.6809	1
52.2328	21.0607	9
52.8021	-2.11921	1
32.3753	-86.3555	1
57.8106	28.3618	1
34.1662	-106.026	1
26.3357	50.1806	1
-3.1107	-41.4845	4
39.6061	2.6777	3
-0.98054	100.38	21
-32.7495	-71.4816	1
32.7821	-96.8056	5
4.80373	-74.1048	3
33.0361	-95.4303	1
40.2875	-85.8332	1
36.5582	-4.62817	1
37.0129	127.27	1
1.00185	116.394	4
55.5255	37.3086	1
56.1598	50.5986	1
35.7102	140.231	1
29.362	-90.703	1
55.6908	13.1985	1
45.4967	-73.6182	5
45.184	5.71568	5
43.8626	7.18718	1
46.3946	6.54024	2
49.4652	5.9486	1
37.2401	-93.2732	1
50.823	12.8918	1
40.307	-99.3492	1
47.8526	1.92738	2
51.0637	-1.31657	4
41.0518	-80.5876	1
51.8533	4.53698	1
9.929	-84.0668	35
-7.16422	113.449	1
40.4331	-104.754	1
61.2734	73.4332	2
24.6625	-107.342	1
40.1697	-8.80449	1
47.7935	3.58772	1
59.2939	10.4414	1
38.0949	-85.6508	1
18.2019	-67.1358	1
35.9026	-86.3682	3
19.2672	-103.697	1
-22.442	-44.5232	1
40.7656	8.67982	1
-34.0193	18.4837	4
8.97724	38.7694	1
50.5873	19.3395	1
41.3942	2.1393	12
48.9174	11.408	2
50.8252	-0.145944	1
39.1885	-96.5499	1
10.6936	122.96	4
49.1845	-2.10606	2
-2.43203	-54.7273	2
41.5499	2.45131	1
25.81	-80.1401	6
52.3871	13.1165	152
45.5193	10.0764	2
23.9542	-104.838	1
23.1549	79.9436	1
43.028	44.6734	1
56.8155	60.6136	47
44.8104	20.4739	1
4.63585	-74.1617	19
59.9394	30.0922	15
32.8482	-79.816	1
3.86965	11.4471	1
35.5718	-5.40734	2
44.0472	1.43725	1
48.2499	6.4202	1
52.6361	-1.13109	13
34.774	-92.3612	2
34.0735	-117.622	3
44.8592	1.70575	1
50.652	-4.03372	6
-2.17518	-79.9058	18
43.9712	10.1818	1
50.5014	30.5974	4
50.63	36.5735	2
0.34466	-78.1225	1
-24.1265	-52.366	1
30.0455	31.3572	2
52.1989	0.0765783	2
30.2351	-96.0474	1
38.97	-0.180183	1
-20.785	-49.3592	5
52.5303	6.1197	4
40.3759	-3.71675	1
62.0846	129.292	2
-2.45181	111.991	2
42.9069	-8.51115	1
31.4014	73.1137	4
40.9699	-76.8922	1
50.0089	8.25739	2
48.5806	45.7477	1
33.9246	-93.5598	1
45.868	-120.288	2
53.4346	23.4208	1
49.44	11.1354	4
38.1026	-1.86774	1
33.5094	-117.113	2
47.6728	-117.412	1
51.8446	16.5755	1
59.0838	17.5272	5
0.909713	109.01	2
55.2444	38.7661	1
-4.95739	105.215	1
50.7731	0.274658	2
51.7734	19.4806	5
-23.54	-46.3466	1
51.8972	-0.171506	3
-2.57242	-59.9803	74
39.8413	-86.0412	3
-29.5985	-52.4412	1
33.2692	-85.8352	1
56.9715	24.1287	5
33.5724	-81.5234	1
43.1619	-86.2632	1
20.0567	-99.3846	1
51.054	-1.8008	4
35.1038	-110.997	1
40.2204	-111.67	1
47.68	2.62924	1
45.8101	15.9025	1
24.4942	54.384	7
41.9872	-91.6474	1
40.6745	-74.1991	7
18.5491	-70.0637	2
55.0193	-1.65244	5
4.4774	97.9701	1
40.9937	29.1288	7
-7.11628	112.519	4
28.9878	-95.9463	1
42.0359	11.8417	1
46.745	-2.00918	1
54.765	-1.32106	1
46.3631	-94.2459	1
53.2205	5.66547	1
50.9984	2.09405	1
52.3995	16.9063	5
3.38583	101.41	1
31.0505	-81.4185	1
32.3047	-95.2702	1
38.2604	-8.57582	1
37.3213	-79.875	1
57.11	24.971	1
19.2959	-99.0225	2
60.9716	25.689	1
40.7315	-90.6147	1
-6.32962	106.086	1
36.995	127.102	1
40.7594	8.38725	2
20.5227	-100.772	2
33.226	-117.318	2
43.2548	-4.07205	1
45.8902	6.12665	8
34.0071	-118.761	1
-34.9744	-71.2202	8
50.9842	-2.709	1
-6.85027	-35.4943	1
38.0633	-120.985	2
53.7001	17.5625	3
39.4051	-76.602	4
54.782	31.998	2
33.0304	-97.0537	1
28.9419	-106.163	1
57.4874	-1.98847	1
51.8077	107.667	1
-21.9643	-51.3537	1
8.59814	-82.8975	3
10.1969	-64.6769	1
20.941	-89.6236	19
39.5969	-86.1138	1
41.6745	26.5926	1
45.6862	13.7462	1
47.9294	20.3914	1
47.3728	8.53489	3
50.716	-3.48514	5
34.1817	-118.61	1
42.8158	-1.6496	17
17.3421	-99.364	1
50.0501	8.08072	1
45.3209	8.41906	1
-23.5594	-46.1857	3
47.4481	40.0944	2
41.0525	0.906135	1
7.72226	8.58209	1
39.769	-105.11	3
49.4173	2.07638	1
-2.20449	-80.9759	2
37.5717	-4.63799	2
25.6603	-100.352	34
-3.0098	-55.195	6
45.9952	-1.32	1
10.3088	-68.784	1
-29.656	-50.8626	12
-10.4339	-62.4738	1
1.39106	103.859	67
48.2632	2.71856	1
45.7869	3.11269	1
51.9847	5.90099	6
48.341	39.9838	2
53.146	-1.0054	13
41.2927	12.5735	1
37.8484	27.8301	1
38.7228	-75.1415	1
49.4751	-2.57923	4
-22.2387	-49.1125	2
40.341	-74.2941	1
-22.5568	17.1098	1
42.296	-83.9558	1
34.5512	-85.6252	1
33.8842	-118.152	9
8.58895	-71.1649	6
38.0034	-79.4209	1
39.0841	-94.435	1
24.3906	54.4964	1
25.5448	-103.423	1
35.4442	137.038	1
55.9334	-3.47158	1
-22.985	-47.5033	1
52.3431	0.327263	1
18.3478	-66.1426	3
55.0811	36.6037	1
51.4778	-0.865953	90
-4.40388	-39.4102	1
55.6856	37.6873	10
48.907	2.50564	9
32.6574	-114.485	1
-21.3471	16.6511	1
-25.3335	-53.898	1
61.7464	50.8191	3
41.5066	-73.1425	1
37.5622	-81.6319	1
20.6024	-100.406	11
38.3628	-82.2775	1
42.3202	12.6269	1
14.5793	121.084	17
58.0602	38.811	3
35.1812	-111.608	1
34.0596	-118.062	33
50.6374	5.43088	5
40.4723	-86.1388	1
51.416	0.568141	2
46.7944	-92.1749	2
32.5711	-89.8764	2
28.1031	-15.46	1
36.0	-80.0178	1
38.2514	-85.802	3
51.2244	-2.91548	2
32.9506	-94.9538	1
43.8566	-79.0311	1
2.03761	102.603	1
-20.7352	-48.5892	9
-23.0614	-45.9175	5
45.4533	4.7654	3
-27.6442	-48.6774	13
-7.97656	112.628	43
55.9032	-4.36338	10
51.9136	-4.45509	1
49.0605	142.061	4
-23.1633	-47.7432	1
44.1411	-84.7992	1
43.4802	13.2037	1
-34.1941	-70.6488	2
52.6708	-0.736485	6
52.3838	4.64301	7
-33.3962	-70.7944	8
2.79372	102.222	3
51.7215	36.1846	2
39.4579	-76.8074	2
48.6223	2.45333	4
1.34928	103.695	51
43.2943	5.40513	4
51.3672	0.0412655	4
42.6459	-83.2241	4
42.8629	-83.7574	2
44.7663	11.817	3
49.1602	1.33586	1
35.2035	-80.836	3
68.954	33.1359	12
43.0579	-87.9671	6
41.4888	-74.0231	1
10.0927	-69.1694	1
-7.31545	112.747	103
-26.3075	27.9439	2
32.8692	-96.9409	5
41.8824	-79.1489	4
-22.3871	-43.1873	2
-6.79336	110.849	4
13.7241	-89.7287	1
3.69072	101.524	2
51.8714	0.862885	1
37.1817	-7.45004	1
40.5347	-85.626	2
-23.7454	-45.6207	1
38.3584	15.849	1
33.924	35.6198	18
43.6438	5.04615	3
33.7423	-79.0158	1
20.2948	-98.893	1
-0.0215958	109.309	4
40.9816	28.8472	1
41.6693	-4.77951	2
-19.604	-43.2996	4
37.7434	-121.127	2
41.1503	-78.866	1
40.4277	-80.1026	2
40.7062	-111.9	10
14.8572	-91.5402	1
51.3364	0.808984	20
39.0516	-77.078	6
35.3579	139.307	1
38.221	-121.275	1
-22.8952	-47.0303	9
59.8803	29.9093	2
47.5686	-101.26	1
-7.27359	110.458	2
50.8317	40.5415	1
2.36574	102.18	2
47.9527	-124.386	7
-27.6534	-51.0923	17
4.52048	101.015	6
-23.0144	-46.7992	1
32.3337	-90.3546	1
35.1313	136.095	3
49.2604	1.55041	1
-15.4838	-44.3805	2
-5.79931	-35.2213	22
-2.97932	104.738	16
37.0241	138.661	1
54.6129	-1.2998	11
38.9035	16.5967	3
33.9057	-84.3772	2
40.2659	-7.5764	9
47.613	-122.342	7
46.1621	-1.17657	2
41.3063	-81.831	3
37.7681	-81.159	1
-3.27014	-79.9657	2
53.1185	-0.815171	1
-23.7108	-46.4227	6
43.2519	-2.93316	5
33.606	35.3958	3
61.6273	23.1618	4
-24.8055	-49.8727	11
59.3942	18.6174	1
37.609	127.134	1
48.9875	1.91135	2
19.4742	-99.3104	20
-22.4704	-41.9413	1
52.3168	-0.709522	1
21.2978	-98.3734	2
53.8437	-1.85083	6
40.2255	-8.45231	1
3.09846	98.496	1
4.1742	73.5109	8
6.01225	116.396	7
40.854	14.2435	2
-8.45547	115.072	2
2.04811	103.382	28
-7.59741	109.254	1
-18.0654	178.513	1
59.9341	30.3287	48
-38.2072	146.162	1
38.8083	-9.18704	4
45.8314	8.80651	1
-7.99504	110.585	2
59.2716	15.2176	2
22.4648	71.2644	1
55.8829	-3.95286	1
20.3891	-99.959	1
32.5846	-95.8673	1
-2.62864	-56.7288	2
38.346	-85.6056	1
42.3549	-88.0945	2
38.8385	-77.21	3
53.5846	-2.48296	1
53.1818	45.0066	6
42.3154	43.3569	3
20.0301	-102.265	1
39.8342	-86.2319	6
44.0021	3.5508	1
33.9519	-83.9983	1
33.3507	-110.469	1
37.088	137.958	2
35.6581	139.296	1
31.9977	35.8948	1
39.4007	-9.10914	1
-3.78965	-38.5199	24
51.6664	-0.0844418	11
34.2744	135.44	1
34.0203	-6.83744	15
-20.9392	-48.5262	1
48.7044	2.08172	4
32.6909	-81.9224	2
48.7342	2.27328	1
32.8353	-96.1439	1
-31.9768	115.829	3
54.6393	39.6533	4
60.3358	-1.33	3
55.8646	37.6693	7
-24.2542	-50.5373	4
55.7126	52.4007	1
56.1801	46.5714	1
39.5471	-107.325	1
18.4842	-69.9196	6
35.0658	-78.8987	6
37.6378	15.1765	1
39.0353	-104.458	1
38.6682	29.3954	1
-26.8274	-48.7225	1
58.4493	5.97669	1
41.917	-83.4093	1
-23.2549	-45.9424	1
-22.6965	-43.5244	3
51.4865	-0.303166	8
37.9177	16.001	1
38.5731	-82.7057	2
-8.65715	116.565	3
51.4963	-2.58003	4
31.2076	29.9627	12
-5.65214	-45.2755	1
35.2892	-78.9453	1
31.6464	-8.01268	17
-8.10214	114.41	4
19.7387	-98.3166	1
14.6241	-61.0927	1
48.383	31.1814	111
-5.21541	-42.8028	3
55.0015	82.9557	23
34.4001	132.475	1
-6.87928	109.275	1
-19.9422	-44.1928	3
48.5262	35.018	5
53.029	-1.45874	2
36.2604	-115.085	1
51.0284	2.31735	6
40.6788	-4.09946	1
16.2586	-92.301	7
32.7312	-17.1783	1
36.6496	138.304	3
40.3228	-78.9229	2
-7.27568	-35.9777	9
-12.6667	-38.2047	1
51.4473	7.19803	1
36.0929	-115.175	4
32.7573	-96.6045	4
1.21374	-77.2922	1
35.4779	139.458	2
51.654	7.06471	2
-0.0190944	-51.1697	1
8.12923	-63.5409	10
-7.65283	112.717	2
-4.77289	137.78	1
20.7887	-103.444	2
-29.8024	-56.7397	1
47.3501	-1.5236	4
51.2202	-0.307649	1
38.6178	27.0636	1
20.1805	-98.0456	3
53.7619	-0.331942	3
-7.51277	110.245	5
-1.94472	30.09	1
-6.88923	106.942	18
56.1576	10.1989	1
55.9104	-123.87	6
46.9853	3.15922	1
53.6796	30.1826	1
44.6786	4.25996	1
1.60343	104.15	3
37.6589	-122.105	1
6.30221	99.721	5
52.7915	5.02195	1
51.8195	0.0310209	1
51.508	0.38046	4
30.2978	-97.7533	2
37.508	-122.264	3
39.2204	9.09584	1
51.5584	-1.78204	1
42.3466	-8.84242	1
-25.4529	-49.5697	1
33.9006	35.4768	1
7.91471	-72.5037	1
31.7909	-106.393	1
54.924	83.0754	1
30.4476	-87.1929	3
53.7172	27.9867	39
48.3043	20.745	1
30.0255	-97.8381	2
-7.61955	111.0	3
4.43232	101.218	2
51.7543	11.4629	1
38.277	-122.044	4
35.5746	-97.6748	3
47.4824	19.1295	3
51.9479	5.13465	1
43.0129	141.432	1
44.4155	8.86291	1
40.0478	-75.1053	3
-1.67314	105.505	1
51.8911	-0.427445	1
-34.9481	138.572	1
41.9984	-72.5859	3
31.9962	-106.586	1
41.6097	-72.0597	4
18.1357	-66.0446	4
-18.7954	-41.9396	2
2.58123	102.106	1
-6.23796	106.524	20
3.5538	103.431	5
51.3207	5.36275	1
53.5657	49.0177	1
52.0787	4.86192	1
44.9301	34.0604	2
37.7541	-122.282	2
37.5853	36.8655	1
41.7656	-72.6803	4
53.7741	-2.22729	12
60.3591	5.42348	1
42.4712	-88.304	1
50.6288	6.22731	3
54.9826	-2.83287	1
-25.1476	-50.071	13
-3.14166	-58.4471	2
32.9688	-80.0088	1
36.9799	137.644	1
53.5456	-1.52693	1
39.2527	-84.7921	2
-30.2911	-56.1623	2
4.92959	100.726	1
47.2153	7.8091	1
48.7566	4.01765	1
36.3403	-88.8553	3
29.4494	-98.4536	10
50.9528	1.86886	1
35.9555	-86.5006	1
43.0997	-79.0086	1
9.74512	-63.1327	1
37.1524	13.7893	1
38.9637	35.2433	84
-31.8027	-51.6369	1
-20.0545	-43.4527	1
33.4642	-81.9947	1
20.5365	-97.4475	2
-21.2385	-44.2815	5
-29.081	-49.6543	2
14.0848	-87.1639	1
48.6226	22.2974	1
-5.18745	-37.3473	6
52.6088	38.5318	3
52.4059	30.9423	1
-2.54526	118.03	2
11.4132	76.7074	1
39.4674	-80.1554	1
34.057	-117.473	7
55.1609	61.3729	3
45.3553	35.9969	1
56.1478	10.0038	2
41.6675	13.194	33
10.1916	-67.4592	2
49.982	8.45307	1
-5.77547	-37.5882	2
59.7548	17.7782	2
42.57	-83.7829	1
45.4613	9.15934	8
16.7419	-93.1397	43
37.9903	-84.5133	5
39.7185	140.136	2
48.152	11.6161	1
2.16266	102.439	5
30.2052	-81.553	6
51.9375	15.5098	1
39.9259	-104.957	2
39.0932	-108.572	1
27.6815	-82.6782	1
43.1962	2.93114	1
35.7855	-78.6897	2
2.95124	102.067	2
53.1866	6.16609	1
30.033	-89.8826	1
43.3186	-2.67962	1
56.8585	53.2113	1
-28.0015	-50.3477	1
52.2238	4.6635	1
37.9006	-0.836256	2
41.7581	2.06928	6
53.0927	6.90837	1
51.0963	4.22837	1
20.5971	-102.559	3
9.65728	6.52659	1
36.7616	-2.61168	8
4.50402	103.438	1
36.1905	-119.824	1
31.471	-95.4677	1
40.3174	28.9373	1
55.9488	-4.76273	1
45.3961	6.06901	1
-3.81391	-45.4521	2
39.3259	-8.72129	3
-29.0686	-51.0353	3
19.2569	-96.2716	1
42.7368	2.52309	1
52.5473	5.9207	1
45.1448	-89.1495	1
-20.595	-47.3472	2
-37.2083	-73.2155	1
40.7043	14.9623	1
32.4414	-87.0356	10
41.8339	-87.7319	15
33.549	-112.254	1
43.6859	-85.4813	1
44.2151	20.9238	1
26.6876	-78.9669	1
46.34	10.3707	1
39.8905	-83.4345	12
38.3967	27.0909	13
56.1185	47.1934	3
-6.95341	108.47	1
-37.8922	144.68	3
54.6287	-1.65195	3
38.8524	-76.8736	10
33.3521	-112.419	1
56.2577	-120.831	9
-1.22343	36.8884	1
36.5075	-4.87291	1
35.1688	136.949	9
-27.0529	-52.9701	1
5.999	116.58	2
-33.0286	-71.648	1
-25.8771	28.1404	1
15.3553	-92.5883	1
50.3207	3.36741	1
-9.03506	-40.589	1
57.1506	65.5568	6
33.8723	-85.8764	1
43.2521	-79.0759	1
-8.1309	113.222	7
10.1615	-61.4412	1
21.0407	-86.8731	2
-7.68931	110.379	39
10.4655	-66.571	1
41.7239	-85.8426	2
29.4202	-98.6601	8
-23.1117	-47.1947	1
2.50099	102.993	1
37.1803	-3.59799	5
6.09099	102.239	5
40.5215	-89.0012	1
37.9002	28.2647	1
45.4921	-122.55	1
-7.70751	113.987	1
41.4477	1.9151	1
50.5265	9.00444	2
7.05321	125.574	1
10.2641	-68.0153	2
-23.4254	-46.0575	3
16.8634	-99.9278	1
53.1122	-6.06153	1
33.5867	-84.3739	1
-5.15527	-44.1652	11
53.0706	-2.17035	7
-29.4661	-51.7702	1
41.6038	12.8407	23
44.6008	34.3735	1
-34.6074	-58.4074	2
21.6267	-104.873	1
44.2406	0.193597	3
58.0225	56.1443	11
-36.8235	-73.0602	2
41.8401	-0.894539	1
42.2013	-85.5883	1
50.9923	-2.95919	4
25.1047	55.1682	2
-6.87798	109.095	1
30.0951	-95.9869	1
25.7558	-80.2957	5
-0.417549	116.985	1
43.8489	-69.8147	1
50.3315	30.289	1
-18.4437	-70.2934	2
35.7141	-6.91635	1
-23.6857	-70.4157	9
-29.8636	-50.5628	1
52.228	0.674616	1
18.1998	-66.5836	1
41.2274	-81.2338	2
3.75399	102.541	1
52.1794	5.90278	1
-7.678	-79.3247	1
52.21	4.41833	1
-16.3051	-48.9725	2
41.1848	-73.199	1
-7.28369	-37.7386	1
6.34649	5.60011	1
38.1624	-84.9085	1
43.1614	10.6173	1
41.583	2.00636	1
32.461	-93.8138	1
51.4749	-1.0362	3
52.2947	-4.18585	1
40.9628	-8.50091	4
35.8033	51.4316	1
37.3251	138.454	1
19.1285	-104.363	1
21.2067	72.8406	1
39.3006	16.2518	1
46.0777	18.2504	1
37.0272	-76.3836	1
-25.4516	-50.0507	1
36.222	-88.9388	2
41.5895	-93.6593	1
44.1252	4.09055	1
11.099	-63.944	1
37.7788	-75.6078	1
2.20133	102.248	11
43.1552	-80.2775	1
39.7393	-89.2665	3
44.3311	-94.4758	1
52.9562	5.91079	6
54.9873	73.4329	1
37.2739	-107.881	1
-0.471118	117.134	14
41.8698	-89.1667	1
42.0135	12.3806	1
17.0915	-96.725	1
31.2965	-110.946	1
54.3314	-5.79557	1
20.9021	-100.732	1
53.9657	-1.07169	1
60.6712	25.2853	1
43.4095	5.04057	2
-0.805328	117.24	1
35.3759	139.621	1
-31.9046	-71.4969	1
56.8546	35.8997	2
-6.58397	107.431	1
50.7568	-3.23612	1
50.7297	-1.94091	7
36.1755	-86.7234	2
47.3942	0.695126	1
29.9545	-95.5465	1
40.651	-73.8712	23
34.0024	-5.5429	14
34.1227	-114.303	1
41.1448	-81.3585	2
37.6735	-121.912	1
48.8724	5.1711	7
38.9484	-84.5424	1
3.01037	101.791	10
-22.5461	-48.6355	6
21.4457	39.8609	1
-30.4164	-53.6701	1
6.82484	-58.1429	1
51.8707	71.0103	1
-8.06176	111.695	1
-27.5538	152.937	1
30.4569	-97.3958	1
54.5415	-6.70056	1
53.2114	50.2181	1
53.0098	6.07365	1
51.336	-0.661848	1
4.02193	101.022	1
-7.71586	110.608	2
30.1082	-81.9118	1
4.49348	101.389	1
39.9575	-74.9161	2
43.6082	13.3226	5
18.8111	-99.1823	3
-23.47	-47.4366	5
-25.6313	-49.4623	2
41.1179	-77.6047	1
53.7639	-2.70805	3
55.7948	49.0696	5
-22.5593	-47.9314	1
39.4704	-0.487839	5
40.7695	-73.9676	15
43.4376	142.851	1
53.2729	16.4496	6
55.3362	12.8965	1
40.8659	-82.3043	1
34.8478	-82.2272	3
38.1219	-122.251	4
41.3031	-8.57058	3
45.4443	11.0005	5
48.1736	16.3269	1
2.48502	102.731	4
40.7582	29.7876	3
3.75431	101.949	4
40.6855	-112.448	1
41.0717	-73.5648	4
31.5729	-84.1658	3
55.4665	-4.64049	1
40.2557	-74.0858	1
-30.3331	-54.374	4
32.9078	-96.606	1
4.4457	-75.2294	5
41.2579	-72.891	1
19.6563	-99.2336	88
-26.9981	-49.2271	2
38.8687	-94.0632	1
13.498	-89.0279	1
8.14635	123.841	1
-7.16903	113.217	1
37.4898	138.875	2
59.3336	17.98	4
51.4727	-0.455629	1
33.1956	-97.1394	2
53.9138	-2.18547	2
41.1155	-74.1597	1
