Latitude 	 Longitude 	 Weight
43.8127	7.76592	1
50.0645	5.76072	1
45.0478	35.3753	1
37.2376	-6.9188	2
2.82097	101.443	3
38.1377	13.3472	11
43.9291	2.13251	1
-22.8437	-47.2618	14
39.5785	-80.136	1
47.888	-3.91904	1
34.4495	-88.6634	1
18.2735	-78.3406	2
52.078	21.0101	15
51.2689	0.509831	3
0.132077	110.547	1
45.3487	-75.666	1
42.6093	0.528115	1
34.6927	-77.5023	1
41.3432	-81.1865	4
-0.238819	-50.7698	1
16.959	-99.7356	14
0.536591	123.066	1
-23.2765	-46.7111	9
53.2109	5.67335	4
41.9196	-91.6524	1
48.1086	-96.5876	1
39.8117	-76.9816	1
42.8926	-88.1985	1
42.5105	-7.49825	14
5.40243	100.695	2
12.8399	77.6588	1
47.4987	8.73303	1
18.3568	-93.251	2
32.4977	-111.264	1
-29.6239	-50.9986	47
40.8481	-8.46797	2
-22.0779	-48.7323	2
44.0541	3.9765	1
56.7431	12.7834	1
29.1978	-81.9201	1
27.8155	77.3373	1
50.795	-2.61142	2
14.7015	121.021	65
52.573	-1.547	3
33.8232	-84.3679	17
50.1212	8.63661	39
32.2953	-85.5405	1
47.2516	-122.316	8
-6.99464	-36.7142	1
47.7114	-3.35196	2
-31.7484	-52.3994	1
-28.6758	-52.1656	2
-37.4731	-73.3523	1
42.4172	14.1835	1
42.7118	-80.0441	1
42.0341	11.839	10
51.9187	19.1348	3
19.2295	-98.8538	1
35.8305	-85.9786	2
39.0711	-108.47	1
9.84043	-84.3272	1
32.3329	-116.929	2
43.2446	1.36499	1
31.8876	-89.7297	1
4.4856	97.9506	1
-20.6364	-44.2754	1
-20.1651	-47.4249	1
-32.1947	-52.8591	1
41.5342	-8.62018	2
46.0232	-1.38466	1
-7.89481	112.507	30
48.0795	-4.32464	3
26.2992	-80.0823	3
-6.38408	-47.0995	1
43.4835	13.4489	2
21.2503	-102.329	1
53.3934	-2.91859	41
-3.95811	120.172	1
36.8464	-80.7117	1
43.8576	7.22183	3
38.3934	-120.679	1
5.55652	117.855	1
30.5215	-87.0126	9
36.9488	140.911	2
-19.4731	-40.6271	1
35.4524	-98.3594	1
39.7919	-75.1496	1
55.4359	65.2991	1
35.7932	135.645	2
34.057	-117.319	23
43.1489	-88.2428	1
-27.7689	-48.6676	2
-7.93645	110.6	1
39.4523	-84.1888	1
22.3711	113.995	2
-31.5614	-52.3341	14
46.5913	-64.9941	2
61.2465	46.8807	1
-21.109	-42.956	2
52.6003	39.6002	12
-1.90527	116.199	1
45.6216	5.20918	4
34.3085	-88.7017	1
-23.6839	-46.9469	22
34.4375	35.8334	12
41.4661	-73.5033	2
53.3438	-2.12035	2
-6.90558	107.626	494
56.025	-3.45267	3
29.1987	-96.27	1
35.0934	136.925	3
43.556	6.79649	5
10.0655	-69.3398	9
40.7188	-76.1898	1
-29.9153	-51.1771	45
52.6738	6.74201	1
48.1261	1.52292	1
39.8744	32.7371	11
38.9395	141.105	2
37.1204	-8.54475	5
45.1889	0.712975	2
-7.75668	110.226	22
6.11277	100.374	7
-33.4131	149.182	1
37.8223	-85.7682	4
44.2887	11.8835	1
26.5432	-81.8442	3
29.5403	-95.0262	4
43.2711	3.30084	1
34.7829	134.849	2
55.9183	-3.26502	9
35.2911	-80.9655	5
37.103	-80.4639	1
-5.94912	-35.4266	1
38.8788	-77.407	6
46.508	0.355262	3
49.8572	3.30689	1
-36.8283	-73.0112	2
45.0011	-86.2707	3
-5.43678	119.441	1
52.3943	6.26724	5
41.2228	-111.973	2
37.981	-84.5311	5
41.285	-73.8904	1
-28.739	-49.3605	6
52.899	6.885	1
50.4426	-4.95555	4
-4.56236	136.875	1
39.198	-75.5623	1
50.0443	22.7159	4
43.3955	6.29457	2
42.3049	-71.4369	1
37.9777	-87.4585	6
3.88144	100.831	7
38.9734	-119.889	1
-21.5588	-51.596	1
50.861	5.81868	5
-1.26855	116.855	26
41.8426	-79.3203	1
34.7064	135.581	1
42.8905	-70.8734	2
56.0229	92.8964	4
30.8529	-88.0574	2
18.4901	-66.8568	1
5.02861	118.292	1
-0.869174	100.434	28
28.0328	-97.5071	3
44.8451	-93.4596	1
-20.0806	-44.5819	1
-22.5107	-44.0691	1
24.6625	-107.342	2
29.6101	-98.4742	8
41.6108	0.617812	1
44.7833	4.83324	1
-22.7467	-47.1389	1
41.9383	-93.3898	3
37.8072	-25.4945	1
-20.3359	-48.3961	1
4.68252	12.3614	1
47.0895	-122.426	4
56.8105	24.6057	2
0.52698	117.527	2
53.1302	18.0379	1
39.4752	-8.20275	1
28.9699	-111.498	4
62.649	30.3449	1
35.0861	-80.6972	1
53.62	7.55719	2
48.3946	7.44362	5
40.7796	14.7032	1
53.9829	-1.06869	2
47.8566	1.9147	4
10.3662	-67.0863	3
44.0595	-123.123	1
4.3985	113.986	4
40.9879	-80.387	3
41.3458	-84.3618	3
-7.42692	108.164	1
47.4815	-0.563019	3
28.1858	-81.3023	1
44.0358	42.8779	2
40.4696	-90.6888	1
46.2748	11.4245	1
46.2109	6.99973	1
37.2357	-76.515	4
48.383	31.1814	231
60.1975	24.652	1
49.0555	-1.44499	2
32.4149	-104.25	1
-22.3532	-46.9543	4
-22.1148	-45.0354	2
-1.58622	122.252	1
42.2868	-71.7138	5
28.9702	-95.9452	1
53.8923	27.422	8
36.5223	-82.7331	1
37.5864	-82.3983	1
-7.81954	109.996	3
-26.4233	-49.1569	7
-2.02356	105.24	2
43.6905	-85.4889	2
36.0138	-114.949	5
45.3914	11.7935	55
46.0421	13.2441	1
48.5165	2.6342	15
36.5125	-86.0749	1
50.9907	3.56911	1
-30.9286	-51.8289	1
24.4913	39.618	8
41.1214	-73.3524	3
56.1459	8.81087	4
45.0183	8.63075	2
-6.32811	108.315	2
49.0714	2.10159	22
38.533	-121.977	1
37.9159	139.05	24
27.2421	-80.7899	1
5.54366	95.3432	11
-22.3011	-48.5366	2
-19.9225	-50.4065	1
41.1929	-96.1267	2
39.956	-75.2413	29
-29.6334	-50.7686	8
31.11	-83.4242	2
50.7128	3.21647	6
34.0127	-118.495	8
39.7413	-0.232179	28
-6.19885	106.846	1094
-23.1177	-46.8642	16
-23.4057	-51.9683	7
39.4622	-77.9679	5
-1.64914	103.617	35
42.3192	-96.0975	1
39.9313	-86.1973	2
40.707	-80.3725	1
-7.28581	108.209	4
20.1323	-98.3604	1
37.1439	14.4092	1
58.2821	12.3315	1
55.7935	12.1521	1
42.4308	-122.881	2
-33.05	-71.6139	1
53.3215	50.0679	10
-23.2969	-45.9737	26
49.0805	2.67006	15
-29.6877	-49.9908	4
-33.6063	-70.8959	3
51.3587	5.56415	4
45.8528	15.9926	1
54.1937	49.5073	2
51.046	2.84731	1
52.4178	6.74076	5
4.30028	103.476	4
22.3024	114.175	3
-21.3646	-46.0058	1
33.8095	-117.208	6
40.7955	-74.4318	5
58.1267	56.3424	1
-30.5943	-51.7499	4
52.1938	5.432	10
-6.28588	107.363	36
-2.42837	106.432	11
-0.168886	-78.4688	5
50.7274	-3.52343	4
45.4191	-93.2654	1
51.2799	1.09365	5
-8.05312	111.903	3
2.45396	102.174	3
-2.19034	-79.8896	34
54.111	-7.58311	1
-1.95034	-80.0124	1
39.6716	-104.783	1
2.80985	-60.6805	3
13.1522	123.755	1
-16.6428	-49.2612	13
52.0231	5.55162	16
38.5508	-121.399	20
-1.41548	-48.4933	12
-23.3552	-47.9037	3
41.2369	16.5004	2
38.1501	-90.554	1
53.6799	9.37268	16
14.0627	-87.1859	10
-28.3656	-50.9336	1
40.1929	-75.2153	5
47.6965	13.3458	1
38.9736	-95.2556	8
41.7228	-72.2371	4
42.6096	-88.6088	1
38.0402	-78.4849	4
30.3449	-81.6832	6
22.2906	73.203	1
35.9861	139.577	1
33.4434	-112.258	5
34.088	-84.205	2
-10.8797	-37.1759	3
6.67239	-1.57598	1
47.8805	-122.253	7
43.1368	5.93347	2
52.6688	5.62099	1
-8.90076	116.753	2
29.954	-90.0771	4
10.2585	-68.0205	3
33.6742	-111.858	2
-22.7106	-47.7944	12
50.4595	30.4059	4
41.2898	-8.38473	5
5.64269	102.508	8
-22.959	-49.8674	3
40.959	-78.1239	1
55.9834	37.2087	3
-23.6456	-47.5761	5
37.4983	-113.216	1
52.7215	-2.48979	2
52.1233	5.18567	16
34.7156	-82.2814	2
50.6564	11.9741	1
0.37586	117.511	1
38.5654	-90.246	4
40.4664	-80.0284	15
45.037	6.82802	1
25.559	-97.5474	3
41.7636	-72.5075	4
40.4385	-99.3754	1
52.4091	-1.44352	3
37.6746	-122.1	17
35.4733	-94.2596	1
4.29285	117.889	5
48.9453	2.61216	39
43.856	10.2697	2
41.5217	-5.39254	1
14.8524	-91.5221	1
53.7969	-2.71378	13
-4.12598	104.17	1
44.7553	10.7705	2
44.6996	8.03533	1
57.8651	14.1586	2
52.7775	13.2808	2
44.9177	8.20244	1
-30.2906	-51.9004	1
54.319	13.0283	1
38.6532	0.0390267	1
38.1755	15.55	1
34.5543	-118.056	4
48.4561	135.099	2
48.5617	38.6577	2
44.464	11.8073	1
59.5959	13.7021	2
38.5357	-76.9658	5
-7.27568	-35.9777	16
50.6729	4.57014	2
51.8142	-1.43194	3
37.2886	-5.79664	4
55.3589	86.0515	7
-31.3141	24.1216	1
-8.12305	111.024	1
42.7343	-71.1455	2
43.388	-1.68407	1
-19.6897	-42.1507	1
56.1385	40.4177	3
-0.59305	117.038	1
-27.6364	-52.2459	1
3.61944	102.777	1
56.4649	84.9419	14
33.588	-79.0377	4
28.4976	-81.3309	8
47.6317	-122.154	1
1.35021	103.695	92
-7.83398	112.02	7
33.5701	-7.63608	8
-2.2252	-80.9284	1
40.4035	-86.8679	1
23.5316	89.1725	1
48.9864	2.36797	10
-7.0949	110.925	1
-1.09774	37.0139	2
45.7469	4.68005	3
51.3525	-2.97132	2
33.9481	-84.5422	3
49.8513	20.2544	6
41.2014	-76.5213	1
59.8115	30.563	4
35.0494	136.146	3
35.6123	-115.386	1
4.80132	101.057	3
32.7275	-103.163	1
43.8483	-79.0423	4
33.7532	-112.317	4
35.4484	-97.6017	2
31.8247	-106.588	2
32.3037	-90.2241	1
41.9389	8.75064	1
36.4488	-6.20538	2
47.187	7.39473	1
-7.69158	108.655	3
3.03296	101.654	662
36.7448	-3.52001	2
37.7914	-3.74254	4
41.3649	-74.0283	3
38.8778	-99.3181	3
37.4045	-79.8957	2
32.6782	-83.1783	1
46.2171	-1.0127	2
41.9167	-88.7743	1
32.5406	-85.8235	1
-20.4049	-52.1809	1
39.3808	-91.2118	1
38.8661	-6.96815	1
51.5975	-0.263999	35
33.3528	-84.1212	1
-29.4585	-51.2683	1
32.799	-116.954	3
-7.6736	110.623	18
-6.70495	110.85	10
53.8169	10.3664	1
1.59759	103.805	69
41.6516	-82.8188	1
5.10158	115.579	1
36.2901	-80.3553	1
-36.8522	174.763	3
38.5458	-77.8033	3
34.0929	-83.7619	5
41.9545	-70.6846	1
39.1109	-80.4091	2
61.4892	23.8252	2
54.5977	-5.92651	7
56.2332	43.4697	1
38.6264	-90.5931	1
43.4637	-85.9515	1
-37.814	144.973	9
5.35612	100.54	28
29.9459	-81.5015	1
34.7571	-86.6314	1
37.8635	32.457	1
37.1051	-89.9077	2
52.026	4.18245	21
38.9568	-3.88315	2
-26.7242	-53.4817	1
52.0625	-2.6987	2
40.628	-8.63966	3
6.46389	100.287	12
35.2515	-81.6614	1
51.4587	-0.971138	20
-22.5778	-50.4376	2
34.8969	-118.241	1
37.2692	-119.307	72
53.7502	-3.02444	1
32.8207	-96.7315	12
51.4436	4.10752	1
38.1828	-86.1459	2
14.5532	121.067	29
41.3861	-81.9822	2
54.0018	-6.37182	1
-22.1868	-49.9589	2
56.4676	-3.04246	3
-5.39307	102.237	1
53.4084	-1.28614	4
32.5762	-86.6807	1
45.7358	11.8618	2
34.1757	-83.4618	1
1.04857	104.418	1
58.5764	16.2055	1
29.6648	-82.4234	5
43.8331	11.6911	1
-13.312	-39.6877	1
43.3919	-80.3072	2
43.7672	-79.1975	1
53.207	6.69752	9
-6.09954	106.121	17
49.8621	10.8501	1
19.3343	-97.9228	1
43.1262	-78.8342	4
43.1534	-8.48066	1
38.2527	-121.3	2
-21.8793	-47.9053	15
-28.7189	-53.5192	2
-21.2741	-50.7091	1
19.2708	-99.6499	11
50.7241	-1.2664	3
47.4455	-122.304	1
33.9542	-118.346	109
39.7626	-85.9734	1
39.6226	-75.7677	5
21.1534	-86.8673	7
33.6366	-84.4578	5
53.2204	-0.558267	9
51.3996	16.1939	1
0.975987	124.799	1
49.3422	12.1524	1
-29.392	-50.9007	4
48.2201	16.3799	6
27.1654	-80.2779	1
44.3683	9.31229	3
51.1587	-0.631092	1
24.8123	67.0144	1
56.2847	43.851	15
29.1063	-81.0284	4
35.2124	136.609	2
35.5974	-82.3932	1
32.6027	-85.4504	1
44.669	8.48652	2
41.7597	-88.3011	7
48.9751	1.71	5
-34.5263	-58.7765	1
51.5207	-0.142822	2919
5.98828	116.163	22
36.0922	-29.9585	3
41.542	-88.1411	4
-26.1206	-51.0906	8
37.9423	15.3645	2
40.6892	-7.92529	3
41.4383	-87.7586	2
41.8367	-85.6606	1
36.2329	-115.238	51
-22.2628	-45.9406	1
40.9985	-75.1715	1
32.5569	-94.8115	1
-22.8589	-43.7678	1
18.7969	-97.1651	2
-6.35318	-39.2652	1
53.0402	6.61003	3
51.1963	0.742771	2
37.6535	-122.346	14
40.7419	-84.1162	1
-25.4951	-49.2884	228
36.2904	139.099	1
32.3477	-89.9423	1
40.4148	-75.6111	2
41.5601	-74.1875	1
33.0502	-96.5398	1
45.0374	41.966	3
53.5784	-6.12108	1
41.6849	-70.8998	1
-7.61237	112.687	6
38.5305	-8.86894	3
51.7536	-1.22452	1
52.8828	-9.40411	2
-27.4489	-48.4397	2
35.9286	-94.9509	1
-1.08184	116.939	1
48.8938	2.48007	241
35.006	135.741	17
43.6707	7.15032	12
-34.6885	-58.7068	3
-23.5781	-51.4234	2
37.1183	-92.6837	2
52.7455	5.30913	1
43.6373	-79.6187	3
35.7135	140.218	3
52.478	17.2571	1
-21.2133	-47.818	27
40.6623	-73.51	5
47.6728	-117.412	1
-29.641	30.3723	1
41.4045	-75.6619	2
-29.0982	26.1891	1
-33.9058	151.025	1
41.2926	-7.72652	3
40.4182	-76.4716	2
47.0317	21.1828	6
42.6526	-78.7555	1
34.775	135.307	3
55.0767	61.5533	1
35.7031	139.403	5
-4.12497	120.029	1
28.1718	-81.4928	1
-4.45834	-49.1146	1
40.8751	-74.0303	60
23.4681	-106.272	2
1.86117	104.63	15
-12.3487	-46.5503	1
-29.7416	-51.1405	35
-20.1139	-44.9368	4
52.2141	-0.877348	1
27.5458	-99.5723	4
40.9438	-75.9535	1
36.5773	-79.4131	2
34.9837	-80.531	3
52.9402	8.18981	1
19.2134	-99.1287	28
-24.4958	-47.8554	4
45.0403	7.65917	6
51.9501	7.62409	3
39.0801	-94.6008	5
45.5185	8.24045	1
44.0358	-78.8645	2
50.9361	1.88713	1
4.53189	-75.6402	1
29.7059	-95.4187	17
53.6796	30.1826	1
42.6658	-88.9834	3
12.6206	-87.1266	2
-7.67701	109.628	1
43.8456	11.2321	3
-22.4361	-45.3967	6
55.9752	37.4974	9
4.34365	100.904	6
48.9941	12.0752	1
32.6613	-117.091	23
-5.36346	104.785	2
2.09064	99.8416	1
39.3988	-76.5656	22
-11.5707	-37.9162	1
52.4128	22.234	1
51.2667	22.8865	5
40.4778	-3.70352	114
25.5196	-103.422	1
51.6821	39.2584	43
49.4982	0.0956691	1
36.1779	-81.1307	1
51.0183	2.34338	1
43.2227	-79.7592	2
38.9042	-79.8418	1
-4.36208	-38.0899	1
38.7035	-84.9097	1
54.747	56.029	25
36.5678	-119.605	2
44.467	11.1997	14
36.7957	-76.0126	2
-29.4497	-55.1328	1
54.1937	37.6289	14
28.41	-97.7513	1
41.2316	-80.6106	8
31.8992	35.0085	1
42.7347	-84.4817	14
38.1456	-87.7971	1
16.0626	-61.5694	1
-23.5195	-46.5305	80
49.0929	0.6046	1
45.6628	9.72953	14
50.026	20.9759	1
40.5952	-73.6611	2
7.10643	125.623	2
51.1201	20.8765	1
5.39716	100.315	58
42.5207	27.4587	1
25.049	121.513	1
40.8632	-74.7517	2
-7.11022	111.571	1
46.7222	7.06125	1
39.3917	2.76997	12
33.7554	-116.302	4
40.7002	-99.0933	1
1.72752	98.7992	5
-2.61228	140.668	1
5.8108	100.383	7
38.2763	140.324	1
1.25545	103.823	118
54.0351	-7.41033	1
-10.1156	-48.1132	1
64.1353	-21.8952	1
-1.27293	-48.4598	39
29.8139	-98.001	2
27.9411	-101.135	1
-29.9006	30.9726	14
31.1088	-97.3857	1
37.4429	-77.5853	7
-6.92641	106.923	8
4.87181	-52.3279	2
-25.4221	-52.2358	1
49.9707	9.15916	1
34.8139	-86.9125	1
45.0538	39.0332	9
51.2227	58.4788	1
-25.553	-48.4967	26
-20.9047	-47.0194	3
39.2003	-0.30489	3
43.2156	2.34993	1
47.3209	5.03982	3
40.7607	-73.1929	2
47.2063	-1.50244	1
-3.28051	-79.9397	2
18.0828	-67.0463	1
30.8399	-90.9974	1
-4.98931	105.499	2
42.0179	-93.6243	1
48.5455	7.49881	2
-8.05548	112.809	1
-30.7969	27.9638	1
-12.124	-60.2921	3
32.7995	-97.2914	3
26.8418	-80.1632	1
-22.2895	-48.8787	1
54.3179	48.4689	2
39.4224	-0.352546	46
38.9274	-78.1821	2
34.6233	-85.8479	1
30.8499	131.995	1
34.0423	-94.3453	1
-20.2601	-43.7964	3
-5.25892	119.856	1
34.9843	33.9549	1
-29.4693	-54.6294	1
35.201	-90.2264	1
35.5074	139.762	10
36.8743	-121.752	1
52.193	4.63206	9
40.9494	-5.66814	1
52.6092	-1.18329	15
44.5102	-73.1861	3
40.073	-74.7243	14
43.8804	10.8097	4
7.78537	-72.2193	2
-8.28728	114.229	2
41.7183	-91.6143	4
19.4495	-155.004	1
35.1295	-90.0268	2
43.3499	-8.40827	8
49.9655	8.24295	1
53.4346	23.4208	1
32.9818	-111.529	2
36.6668	140.136	6
41.5405	-8.41098	3
60.9469	76.5621	1
38.7781	-77.277	14
39.9385	-75.6022	2
51.1635	10.4541	4
-8.36213	114.641	1
49.3305	8.52991	7
-2.2212	113.909	2
41.5008	-99.6809	1
-31.2458	-54.066	4
36.6606	-80.9136	1
45.2482	-75.8001	3
61.5218	0.00022	7
35.1634	-115.9	11
24.4964	54.3805	3
45.1678	5.91741	1
34.5486	-78.9058	1
32.3925	-80.6838	2
42.2742	-85.5972	1
13.0518	77.5968	2
30.8394	-89.532	1
55.656	37.7517	11
42.6645	-3.49115	1
2.39449	111.874	1
43.8274	-83.2575	2
34.7544	-77.334	3
-0.869133	121.58	2
34.0037	-117.065	1
-8.98489	-64.5216	3
50.2133	19.007	11
39.64	-4.45989	1
50.4755	4.34585	2
-1.86468	106.12	1
51.2216	22.5635	1
14.3135	121.098	7
45.5311	8.89318	5
34.6613	135.419	3
40.8454	-124.053	1
-12.1108	-77.0259	23
53.2977	-3.06855	11
-30.3045	-52.3667	1
-0.15995	100.661	2
-12.4922	130.979	1
54.0765	-1.58976	1
35.1406	-76.8454	1
35.2426	135.454	2
35.5447	-119.194	1
50.7782	5.97428	24
48.4987	3.4944	1
48.2328	-4.26413	1
42.4406	-79.3316	1
31.5213	-85.6612	1
50.8187	-0.390522	1
4.23955	103.192	1
26.5167	-78.7235	1
53.044	5.78068	4
49.2882	-123.073	15
33.8825	35.516	9
-0.41713	116.993	4
44.6087	-75.7139	1
40.2175	-75.3965	2
38.4011	27.1238	9
-21.2874	55.4413	1
-4.08207	122.845	1
-22.7604	-43.3144	36
36.7847	-4.11594	1
54.9306	23.6601	2
26.6294	-80.212	1
46.3425	8.01131	1
28.6838	-99.8351	1
3.1644	99.4144	1
33.0232	-80.1643	1
25.0756	-77.4226	1
-21.4064	-45.4872	3
-11.3136	-38.222	1
42.3527	-83.0992	25
46.371	13.3094	1
-1.75216	112.635	11
35.1693	139.643	2
54.1933	-8.64507	2
-2.72818	107.631	2
0.898579	-52.0027	1
-27.4315	-48.7294	1
49.3523	20.0057	3
39.983	-82.9772	7
-5.14383	119.426	126
39.0947	-9.04127	1
57.7194	12.968	1
18.1251	-66.4993	3
51.9285	8.8763	2
38.2753	24.508	207
19.4299	-99.2116	61
19.3287	-99.4658	1
-23.1595	-45.7999	3
50.9419	0.206954	1
32.3614	-90.4998	1
43.5604	-73.6381	1
36.8687	-2.3737	10
20.4199	-97.3112	1
42.0147	-92.9098	2
40.8124	-73.5775	1
48.6584	2.37403	68
60.9715	25.6661	1
-27.1211	-48.9046	2
21.0981	-101.601	6
2.30121	102.912	1
53.401	-8.30764	1
-25.1767	-49.3132	1
-25.6576	28.0885	2
52.656	-8.6042	2
42.1255	-80.0785	1
15.6827	119.937	1
36.7248	-76.3137	4
-27.3517	152.938	2
-21.3928	-50.1297	1
-21.2051	-41.8908	2
34.4759	135.389	1
48.3421	-122.671	1
40.1427	-87.5562	1
52.4165	-0.718361	3
55.7766	37.4716	223
-3.00327	104.817	34
-34.4104	-70.8502	2
65.5374	72.553	5
53.3433	-9.1065	1
30.5892	31.4801	1
51.4223	12.2359	1
3.46838	102.328	3
40.9531	29.3925	1
33.5508	-116.129	1
46.5287	6.65208	12
57.2578	24.415	3
35.0125	134.996	3
-7.68214	110.843	35
1.27756	101.851	3
33.8431	-112.102	2
16.3179	-61.485	4
49.9179	8.61057	1
41.2823	-8.05516	2
-22.3069	-42.4674	1
43.0841	-89.4064	3
37.0092	-121.581	1
53.7313	0.033938	1
39.2263	-94.9099	1
42.7449	-73.6779	1
50.5977	36.5848	1
-22.6133	-43.7186	19
-22.3352	-47.3295	1
-18.4056	-49.2144	1
33.1343	-117.071	2
45.4507	7.01073	1
34.5242	-77.3479	1
-6.88289	109.67	7
44.9868	-73.4405	6
-12.8753	-38.5026	72
41.9589	12.7562	2
51.7614	5.78157	5
51.4914	-2.76028	7
-6.34316	106.218	3
39.2612	-84.4166	3
5.52689	102.957	4
47.5308	21.6602	1
42.9906	-7.57063	9
41.8819	-87.6287	80
3.88653	11.5042	1
29.2252	-98.802	1
33.4337	-117.62	3
36.5111	-4.87442	1
52.1331	1.42032	1
52.7142	-1.37135	2
37.9944	-122.532	2
35.231	136.962	1
64.5245	39.7407	3
-7.76213	113.437	1
31.7538	-93.115	3
36.0809	-119.563	1
-12.8687	-38.3019	1
38.9629	-76.9224	83
49.7987	7.56698	1
48.9389	2.21579	73
37.6202	-99.1038	1
-35.4319	-71.6374	1
39.4381	-76.8194	3
39.7666	-86.4413	4
-27.5839	-48.5419	12
37.7094	-97.344	9
21.4387	-157.751	4
40.7456	13.9312	1
32.3311	-106.811	2
60.149	30.2106	2
-19.5537	-42.6053	7
0.348253	-78.1306	1
41.9912	-92.5835	2
44.8484	4.34446	1
39.5357	-74.644	1
-5.189	122.64	3
51.48	46.1262	2
31.6511	-94.6686	2
43.4106	5.01718	2
28.8517	-82.275	1
44.7494	44.9954	2
43.3531	-5.88123	10
-25.4912	-50.8622	6
35.3343	-81.8737	1
37.7703	-122.436	80
40.3442	-75.8734	7
38.2631	-77.5619	1
40.5665	-74.5944	6
35.66	139.701	45
42.2733	-83.7377	3
31.8111	-106.43	8
6.40447	5.63178	1
52.307	104.253	2
45.4042	12.3817	1
52.8294	1.39688	1
30.7603	-94.9261	1
-7.00899	-35.8802	2
41.8381	12.2676	2
41.6915	-0.927332	5
2.15758	100.81	1
30.1914	31.4681	4
2.71563	101.953	61
36.4751	-95.0172	2
44.5872	132.812	1
6.44064	100.427	3
3.63298	114.533	2
56.8949	23.8435	2
20.0115	-99.5117	1
48.0809	-3.07886	1
43.119	131.887	4
24.9517	67.0464	1
32.9666	-96.7654	2
50.2157	21.4842	1
16.9457	121.772	1
36.9759	-122.036	2
51.1944	-2.18635	2
41.0091	-76.4477	1
34.4706	-79.3426	1
42.1971	-8.77156	9
17.8006	-101.457	1
1.74794	101.469	3
27.7247	-97.4127	9
39.5387	-104.976	2
-7.19354	111.402	1
33.4874	-86.904	1
-16.4298	-49.1948	1
58.8254	125.528	1
-8.77489	115.173	72
-21.6182	-48.4446	2
39.6549	-94.7882	2
28.0424	-16.6654	2
61.0466	73.4479	2
21.0017	-89.5742	14
6.16391	-75.6318	2
50.6293	2.73713	1
40.2435	-75.6594	1
38.94	-8.85761	1
-32.2122	-52.378	5
28.5243	-99.8626	2
41.1621	-8.62191	19
-23.6828	-46.5955	813
43.0081	-83.742	1
42.2937	-5.54685	1
38.0533	-97.9275	1
43.6009	78.2528	3
54.5359	52.8014	1
46.0656	-0.321107	1
43.4782	-80.5283	7
36.6259	-121.832	2
-14.5043	-56.8506	1
40.8717	-4.48723	1
41.7799	-69.9922	1
43.3997	10.8917	6
46.8415	-71.3703	2
6.09406	102.275	13
3.35359	101.253	26
16.2376	-61.6356	2
0.3564	108.96	2
40.3254	-80.6195	1
1.22835	110.697	1
-7.52643	110.23	4
-28.9375	-49.4704	1
39.9132	-83.1495	1
41.1023	-8.47804	2
37.1601	-93.291	1
0.830694	104.072	6
49.2535	4.05493	3
-35.1601	147.504	1
51.1357	23.4886	11
-23.5339	-47.0999	5
54.969	73.4439	3
6.89258	79.9812	8
-6.23597	106.988	158
32.8995	-80.7065	1
45.4595	-73.8662	5
42.7478	-88.5522	1
-18.3797	-49.4663	1
3.82881	103.217	28
46.8456	16.7685	4
42.3753	-87.9664	8
-19.8911	-44.0839	87
49.3342	6.06405	20
2.29503	102.453	5
-22.4209	-43.917	1
13.5006	-88.8732	1
32.6669	-97.3838	6
-7.29068	108.004	5
32.265	-107.762	3
21.4329	39.3035	1
44.8638	-0.586176	16
42.6371	-73.7846	1
-28.71	-55.8067	4
-25.4539	-54.4571	4
43.3678	-86.1773	1
-6.56218	106.771	107
8.93072	-79.7355	4
44.315	11.356	1
38.055	-121.001	1
45.2916	-93.7736	1
49.9975	8.819	2
54.0034	-0.430562	5
50.7373	-3.90384	1
36.1294	-97.0728	1
-22.1609	-54.8613	4
41.7932	-87.7422	4
29.9282	-95.5118	8
41.5229	-7.645	1
18.976	72.8186	1
34.5355	-77.8934	1
1.35164	102.152	10
13.6847	-89.2969	24
36.3061	-109.213	3
53.7619	-0.331982	3
39.4655	-82.7363	1
41.2411	-81.0522	1
67.4444	32.7364	2
38.8253	-0.607783	1
49.6229	6.5874	1
43.2379	13.6337	3
53.3333	-3.43513	1
42.8844	12.3635	1
-15.3568	-52.6376	1
-16.6161	-43.9388	2
50.4689	3.08111	1
0.41532	9.44645	1
47.7343	13.015	2
54.9179	-1.51894	12
56.9553	23.1635	1
15.9077	120.585	1
35.5261	-90.4341	1
3.89572	103.077	7
39.5486	2.50857	5
53.4085	-6.27127	33
3.53042	98.1441	1
-5.79931	-35.2216	53
43.1056	-76.2108	15
37.0918	-89.5447	1
10.3421	-84.4342	2
43.0574	-88.0455	4
39.211	-76.8439	8
42.0982	1.84338	1
29.4416	-96.9457	1
-7.30713	110.124	4
34.9939	-81.2417	1
50.6163	37.3015	1
-33.7771	151.118	2
0.0	0.0	142
-6.56158	107.758	4
-37.8437	144.701	2
54.104	22.9291	2
19.1714	-100.113	1
40.5881	-75.4487	2
53.394	-114.226	3
39.0191	-122.055	2
38.7326	-82.9972	1
42.3097	-83.3977	7
21.5686	39.1651	1
53.0097	6.07356	2
43.6251	1.33179	7
52.5533	5.93609	1
33.466	-111.692	2
46.9709	-122.508	1
38.7631	-90.1301	2
56.6282	47.8837	1
-34.8471	-56.1714	1
43.827	10.6187	1
29.5042	-95.5239	1
36.0354	-115.299	2
3.06849	101.482	70
-23.4194	-50.881	2
34.1228	-114.302	2
31.3027	121.529	2
55.7385	37.9929	5
54.2088	-7.06545	1
34.1693	-80.8932	1
47.9424	21.7009	4
-27.0077	-48.6232	6
51.204	16.1524	1
-0.789275	113.921	11
43.0442	141.367	2
39.9597	-82.7945	1
51.8218	-0.67158	2
41.2382	-76.7118	1
25.441	-108.063	1
1.64526	103.594	25
37.6291	-0.988262	5
25.0343	-101.167	1
51.8501	6.15371	2
33.5554	-117.736	3
-17.9709	-67.1192	1
6.29092	106.712	2
56.0119	37.6593	2
1.93157	102.764	2
35.5622	139.434	3
-4.42727	-38.8546	2
38.699	-3.76826	1
41.0681	-73.7852	3
-7.75501	112.185	4
55.8542	37.6537	21
42.3084	-1.98189	2
39.4207	26.8072	48
50.37	19.3211	1
51.6299	-0.76511	4
50.5839	17.8031	6
32.2097	-82.3873	1
35.4063	-119.132	1
53.623	55.908	2
4.05152	101.163	1
10.2088	-67.5922	2
38.7435	-9.16	29
35.975	-78.8993	1
-4.18791	-38.5003	1
35.2057	-87.0635	1
38.6784	-121.769	2
33.3314	131.491	2
51.0695	3.42834	2
-8.42832	115.307	5
51.1492	-2.72307	7
-24.4443	-53.5732	1
39.0512	-74.843	1
-29.8702	-71.249	2
5.52149	100.434	3
32.3258	-111.039	2
51.2532	-1.62423	1
40.4826	-111.886	1
18.2621	-66.8485	2
46.5192	-118.124	2
55.615	12.9828	1
-33.513	151.316	1
32.3959	-84.8227	1
37.9999	-87.6498	1
38.4357	-75.0625	1
-20.5083	-54.5988	4
55.5228	37.3327	11
47.9819	0.195548	1
55.9511	-4.84349	4
-3.21785	104.656	4
32.3438	-86.246	1
43.6535	-79.3839	42
50.8452	-0.130547	10
18.6391	-91.8271	1
-6.98072	110.405	87
-33.4143	149.613	1
3.89111	102.602	2
-24.5886	-54.161	1
3.94649	113.811	1
40.9635	-76.613	1
39.2167	-0.497709	2
42.7466	-75.77	6
-1.02234	122.783	1
-22.2823	-41.9777	3
-22.9923	-43.2569	28
48.7388	1.36564	1
33.5914	-112.125	12
63.3443	13.4725	1
52.3805	4.88294	7
43.4422	-7.35413	1
39.7896	-8.95415	1
64.5713	40.522	4
44.1658	10.1192	2
-1.83476	105.694	1
50.0799	45.3835	1
37.4701	126.668	2
13.3517	74.7842	1
45.6243	9.89756	1
34.6881	-79.2023	1
18.2019	-67.1358	1
45.8445	1.32273	1
-24.5935	-50.9566	1
42.0677	12.6213	1
33.6963	-117.4	1
31.6648	-7.99449	3
56.4126	-3.44779	1
57.6811	11.734	1
-36.7102	144.306	1
26.8346	75.5905	1
-7.96043	111.037	1
-2.04966	-60.0039	3
49.0835	-123.074	1
8.55041	-71.2355	1
-21.708	-43.4227	8
38.8435	-0.114126	1
39.9041	-79.7157	2
56.4827	-2.73605	1
38.8297	-77.1109	13
42.4485	-5.37907	1
30.5141	-97.7049	1
43.4696	-70.4397	1
18.1456	-94.4435	3
51.8039	55.1908	1
44.9281	2.44146	1
51.5387	19.9821	1
52.6971	-1.98026	3
43.2606	-100.829	1
51.2801	-1.07033	3
24.8103	-48.7785	1
41.3699	-71.8203	4
36.1607	-77.6894	1
53.5159	-1.17467	4
38.9637	35.2433	55
32.8246	-117.109	13
-20.8756	-54.2616	18
57.2263	-2.77727	1
-11.772	-55.4066	1
35.8355	-87.4327	1
34.1341	-116.062	1
-35.0095	138.54	2
64.0638	24.6625	1
53.1772	48.5103	1
38.4949	-75.8363	2
-29.3448	-50.7668	1
-6.28169	-38.1587	1
42.2287	-96.4504	1
41.9392	-79.55	3
42.3144	-70.9703	24
41.2305	-85.7906	2
52.5784	21.5055	2
49.5003	8.50216	1
34.9473	-88.4654	1
52.9881	10.0995	1
45.6767	13.7834	1
-19.4679	-44.2477	6
11.019	-74.8117	7
56.3123	-3.03144	3
6.41308	100.136	1
35.684	-81.991	1
37.7876	14.5897	1
9.52456	123.136	1
-5.10117	-37.8857	1
42.2476	-72.074	1
34.9304	-91.9546	1
-30.2914	153.135	1
54.2745	-8.51221	1
39.078	-77.0046	4
39.9313	-0.101449	18
50.8559	4.3779	9
-27.9931	-54.2949	1
39.7989	-89.6166	1
45.364	-92.9962	1
41.4929	9.12175	1
0.018846	-51.0825	42
44.6545	-76.3607	1
38.6641	-121.528	1
45.512	10.3282	1
-29.706	-51.507	3
41.684	12.6895	2
-18.7868	-54.929	1
41.3698	-83.6515	1
-4.84435	104.89	1
41.5124	-87.6356	12
25.9105	-97.4005	2
55.8727	26.5453	1
55.5325	28.6589	1
38.8374	-104.789	4
41.1938	-80.2223	1
55.6705	37.2691	1
20.6516	-101.17	1
48.8895	8.69866	3
29.4437	-98.711	19
45.9395	9.16727	2
-29.2451	-51.5858	1
43.7835	7.5166	3
51.2848	-114.005	1
36.194	-81.6586	1
51.5077	7.47031	1
8.23658	-81.6611	1
60.6602	17.0263	1
-7.15026	111.164	1
31.1689	-100.077	14
45.6222	-123.119	1
47.2765	12.7712	4
48.5895	2.24626	14
35.2954	-106.662	1
27.6027	-82.642	1
38.9293	-1.90194	2
-22.0668	-42.9237	7
57.4487	12.0476	1
51.0097	5.83185	4
51.771	19.1477	2
-22.5806	-45.8213	4
3.33025	101.54	18
8.40615	-82.427	2
37.531	126.872	2
54.7042	20.472	5
42.6593	-8.11129	4
4.43242	101.218	6
41.3941	2.1393	95
5.37991	-3.96588	4
52.8427	5.7961	1
40.7405	14.5641	4
51.5917	5.08074	12
34.1004	-117.478	6
41.4529	-4.86535	1
42.7363	-93.7162	1
-23.4767	-47.7402	1
48.7081	21.2608	1
51.5051	4.2956	2
42.6104	-83.3391	13
1.67435	98.9433	2
43.7093	7.29088	2
43.97	4.89811	3
30.0814	-94.1291	1
29.2473	-81.0671	3
11.5764	122.754	1
45.7883	-122.471	4
48.4288	35.0398	3
51.7415	-3.29849	1
42.3642	-122.381	1
50.362	3.51876	2
54.4254	18.4808	1
34.2585	-6.58228	9
41.0253	40.504	1
48.6475	44.3981	9
45.5434	-122.389	2
41.55	2.21084	7
13.9121	100.508	1
37.1429	-5.92161	1
-23.621	-46.7853	198
-7.89798	110.363	161
24.9434	-98.6463	1
-6.07925	-35.3013	3
45.6484	0.138426	4
42.5219	-76.473	2
-26.8143	-49.2703	4
41.126	-80.7817	3
33.6245	-80.9266	2
38.2326	-122.033	1
52.3332	5.615	1
38.0677	15.6676	1
42.5199	-4.00561	2
41.0062	-85.7742	1
30.033	-89.8826	1
18.4815	-69.9429	6
-7.34404	112.722	282
36.3773	-84.2475	1
45.006	0.0081815	1
-19.1468	-44.9291	5
-41.4707	-72.9381	1
19.5421	-96.8861	5
0.901495	104.487	1
36.2215	36.1371	1
36.7075	-4.4354	7
5.70857	-0.157848	4
34.6167	-98.648	1
41.5232	-87.8972	2
44.1263	12.0622	1
46.9133	142.76	1
34.0051	130.957	1
-8.43046	-36.7454	4
-3.11937	-59.9857	62
-2.43551	-54.7666	6
55.2002	51.1094	1
42.917	-78.8507	8
-2.55693	112.962	1
51.5074	-0.59668	3
49.1041	-122.801	4
29.81	-95.7655	6
38.0034	-79.4209	1
33.7491	-84.6918	2
35.002	135.949	1
34.0203	-6.83744	7
51.1026	0.398353	1
-29.8907	-50.9563	3
37.5118	127.023	3
42.7689	-78.8539	1
2.05563	102.606	13
51.4817	-3.1705	3
40.1306	-82.1618	1
55.8375	12.4874	1
48.16	-122.098	4
-12.691	-38.3356	1
54.5363	36.2486	3
39.9341	-75.1014	2
-23.2365	-51.7305	1
52.7816	-6.94093	1
-23.3921	-46.4538	74
1.15244	104.038	6
39.6332	-84.2311	1
-6.43778	105.939	10
26.1619	-97.8331	1
-5.77547	-37.5882	5
32.5791	131.512	1
41.4087	-8.50005	1
-27.1854	-49.6228	2
5.17822	97.1507	2
34.522	-82.9015	3
61.7464	50.8191	2
-1.40335	120.756	1
40.3653	-82.6694	6
33.7456	-118.03	21
0.283616	35.2904	1
-40.3339	175.606	1
42.8158	-1.6496	5
-21.4822	-43.5053	1
43.1396	-80.2965	1
52.4179	-4.05949	1
29.1627	-82.1681	1
36.2058	-121.145	1
41.2878	-2.16949	2
39.1363	-84.5404	18
-22.6586	14.5389	1
35.6749	-98.1724	2
-33.4183	-71.0614	1
6.59306	3.3301	3
40.4096	-3.36426	14
43.8942	12.8673	1
41.6327	-73.936	4
50.9025	6.04256	73
-26.1568	-52.6728	15
38.9136	-94.4104	1
52.2233	6.86858	10
-38.3852	142.499	1
53.8096	87.2221	3
32.8266	-115.555	1
37.1105	-113.543	1
39.4788	-79.0433	2
11.9572	-85.9922	1
30.2288	-95.3487	2
46.5338	-80.9507	1
-29.7707	30.8271	1
54.1164	-3.19711	2
43.5972	-84.7703	4
-3.14081	-58.4455	1
19.4362	-103.48	1
36.0564	-76.6547	1
-30.2041	-50.8677	8
53.4424	-2.23348	46
13.7855	100.627	5
49.7758	19.9994	1
45.0221	-93.2707	8
37.5195	-5.59482	1
6.44363	3.34297	2
-23.3032	-48.0449	1
8.95264	-75.4465	5
43.8305	7.36657	5
-8.60852	116.125	10
48.5157	3.71545	1
55.818	-4.01194	3
41.1129	-74.0398	1
34.5579	133.351	1
31.0707	-81.4049	1
52.3834	13.1196	2925
-21.3328	-42.6531	1
43.2141	-8.29132	1
44.1593	4.09442	1
52.4922	-2.1019	61
45.2217	-123.204	1
-6.75221	111.022	3
-36.0712	146.89	1
20.0429	99.8867	9
10.6391	122.96	2
41.0414	-73.5776	1
36.8419	-121.406	1
44.3212	-61.8117	1
3.55453	-76.2975	1
30.0069	-90.2438	1
35.305	-80.7244	5
46.9082	18.9807	1
41.0484	28.9867	12
37.7242	-89.2121	1
7.43192	-75.3112	1
6.01958	102.071	2
35.7185	-81.4664	1
37.6529	-120.991	5
53.0587	-2.96594	1
50.786	16.2979	1
-26.1095	27.8582	3
-23.2816	-51.4158	2
30.8791	-83.2978	1
12.8707	74.8448	1
33.2491	-101.464	1
-23.3839	-46.2654	2
45.5857	3.12843	1
51.1384	4.20694	1
-0.539556	117.283	6
33.2376	-97.1451	3
-14.8623	-39.353	13
37.4013	-2.48452	1
-32.3595	115.763	1
49.4321	2.08653	3
55.5558	37.5863	14
-22.3971	-47.613	10
59.438	40.1646	1
56.3584	44.0692	2
43.4646	-3.82615	2
41.0525	0.906135	1
39.7379	-86.1518	3
54.1924	19.4337	1
49.1062	2.26047	4
-29.7791	-55.791	1
4.17582	73.5053	1
56.8423	62.7206	2
53.7142	48.024	1
3.60956	98.4328	4
38.2144	-85.7201	7
40.0944	-83.1387	2
40.7352	31.5926	1
51.3415	12.3867	4
-3.49101	-39.5741	1
-33.451	-70.5826	30
42.9907	-85.9508	2
-26.2485	-49.9051	1
-1.74911	102.839	2
39.6143	-0.308381	2
51.3241	-1.92567	1
-7.35988	107.812	1
-27.2447	-48.6992	1
53.8298	-8.06192	1
-24.0947	-46.6267	3
13.5112	144.806	1
32.6555	-115.432	1
3.23187	101.386	17
-27.3972	-51.5977	2
24.6748	46.7093	1
50.8877	-1.35537	2
48.0459	37.9683	1
52.4949	-1.88127	42
41.6856	-88.1017	2
27.6423	-80.504	2
49.1846	-0.372109	4
38.1167	-122.277	2
26.1496	-80.3101	11
53.1077	49.9535	7
35.789	-5.81352	2
-15.8088	-54.2038	1
15.5738	32.5729	2
49.1994	-122.913	151
40.7644	-82.5792	1
41.4057	-81.7532	16
33.9327	-83.3625	2
-22.916	-43.4474	187
39.3495	16.2421	2
38.2365	-0.646418	3
-4.06767	-40.9618	1
56.1107	-3.32511	2
42.5654	20.9269	3
30.0836	-95.9871	1
-28.7303	-51.6044	2
39.3907	-86.5629	1
38.9202	-80.1817	1
42.3433	-7.90485	1
35.5307	-108.685	2
-23.2063	-51.2948	2
5.58836	116.013	4
40.6566	-4.63498	1
30.2778	-81.387	2
1.39262	103.899	83
41.2683	-87.2984	1
45.6432	25.6249	1
50.8445	-1.80346	1
35.0933	-106.627	16
-17.8444	-40.3344	1
43.5252	-84.8964	1
-7.60949	-43.03	1
17.3421	-99.364	2
41.7211	-81.2039	2
57.6508	39.8704	2
34.4302	-117.308	2
41.9973	-87.7484	3
39.625	-86.3107	1
52.3326	0.529435	1
-5.62487	-37.8661	1
51.9585	6.28045	2
51.9331	5.715	1
51.7471	-0.224794	6
51.1977	3.21692	1
-6.98563	109.159	3
33.8043	-117.892	20
40.2161	-74.7742	4
-23.6566	-49.7803	2
34.0609	-4.97544	2
-9.94966	-67.8349	2
35.1545	126.846	3
-0.466425	117.154	27
51.4498	6.70563	3
54.361	-6.41453	1
36.1133	-5.48741	2
51.6198	4.7406	4
30.1293	-81.6272	4
39.1827	-78.1937	1
46.8941	-102.785	1
44.3369	4.7897	1
38.0386	23.6837	6
-23.9278	-52.3169	2
32.3039	-107.048	1
-2.58642	115.384	1
49.7556	0.368052	4
36.0361	-115.15	21
39.1718	-86.5101	2
33.6398	-86.589	2
9.04975	-79.471	16
25.8591	48.8838	1
51.299	3.82498	1
14.6102	-61.0921	7
36.183	-115.05	7
52.3009	5.06264	2
46.0957	-100.63	1
-42.9006	147.328	2
2.50685	102.834	1
37.8488	27.8445	2
53.9	27.5667	5
10.4836	-66.5341	3
43.5766	-116.211	4
39.4162	-0.788652	1
36.7383	-108.353	1
49.1839	-2.10619	1
54.9584	-7.73925	1
38.5734	-85.1798	1
20.1789	-98.0445	1
50.9694	7.03111	3
51.4736	5.6531	11
-3.13547	-58.7839	3
32.8629	-96.9614	7
-1.44517	-48.6382	1
38.1022	-86.2759	5
44.3992	-122.702	1
32.3444	-94.3508	1
42.6184	-82.9081	3
41.0356	-75.3298	2
-7.66955	112.9	4
15.6428	-91.9848	1
4.15635	101.3	1
40.5097	-3.91632	5
23.6914	-166.6	1
37.7351	-88.9357	1
41.4599	-75.1862	1
52.0373	4.32435	19
57.4093	21.5963	1
-31.4082	-64.4868	1
51.9037	-9.03369	16
44.201	0.62755	4
-22.9976	-50.0858	1
50.6383	16.5166	1
-20.1841	-42.0865	1
27.9394	-82.496	1
50.4661	4.86543	2
36.3811	-120.345	1
44.781	-93.2317	3
8.06801	-63.5555	2
-0.536156	100.331	1
52.1892	-1.48013	2
37.2461	-8.19459	1
45.552	-73.7359	8
-20.4274	-40.3758	4
55.8368	-4.26463	16
20.6767	-103.337	15
38.691	-1.42896	1
53.0748	-7.91111	1
43.5104	-79.8199	7
-27.2766	-51.6758	1
-7.01191	109.391	1
36.8521	-76.1688	1
-9.53333	-35.6873	13
43.0696	-87.888	21
-20.8973	55.4468	1
36.7967	-4.68937	5
13.3409	-88.4147	1
43.9465	12.4257	3
42.5236	-83.5121	3
-34.1687	-70.7421	1
42.4276	-85.4411	1
60.7534	15.8205	7
49.2985	6.20288	1
19.6267	-99.1658	28
18.5208	-88.327	1
42.4516	-83.945	1
54.1479	45.2109	1
52.958	-6.39532	1
21.8495	-102.327	13
35.9272	-86.8342	2
56.865	35.9106	1
38.7157	-77.8001	3
55.5785	37.9224	3
41.8252	-87.9178	2
44.617	-76.6916	2
51.3551	-0.0803756	12
39.1696	-76.604	16
38.3195	-89.0285	2
-21.2527	-48.3317	9
-22.3737	-45.7964	1
43.855	144.463	1
20.5365	-97.4475	3
47.6967	2.01914	1
-34.9752	-71.2271	9
36.7708	-3.95634	1
27.7779	-82.6292	1
-23.7811	-45.385	1
-20.8472	-41.1389	1
47.2518	38.9131	1
40.5077	-88.9873	1
47.2994	9.62963	8
52.5263	13.5581	8
52.9539	-1.16654	15
52.061	4.4828	7
31.7897	-115.229	1
5.85564	118.109	7
-3.64357	-41.0183	1
5.94983	116.661	3
34.6881	135.178	1
43.1168	-79.3299	2
-25.7507	28.2364	8
37.3841	140.105	1
22.3111	-100.956	5
45.3091	-93.5612	1
40.9293	-79.6309	1
54.6851	-1.79769	5
-19.6295	-44.0563	1
-20.4597	-46.0594	1
46.0777	18.2504	2
34.4487	-119.247	1
38.0909	-78.9795	1
35.9948	129.387	1
53.9318	-0.766809	1
37.8476	-4.67425	9
-23.7363	-52.5974	1
45.3091	12.0005	1
40.2031	-85.4073	4
39.8736	-104.799	3
52.1617	22.2758	4
1.02688	97.7678	1
43.268	132.065	1
41.3298	-72.9359	6
-7.12668	107.425	3
9.86282	-83.9106	1
32.6072	-96.8102	5
43.7773	-79.6551	4
43.1026	-79.0325	1
49.6267	0.770682	1
10.4793	-68.0932	1
-14.2393	-53.1848	25
28.555	77.2028	4
35.6085	140.115	2
44.8061	11.67	1
62.1344	25.6558	1
41.521	-72.8357	4
3.94764	98.3784	3
56.2771	44.7651	2
51.5008	16.0882	1
42.6835	-73.1183	1
-29.2155	-51.9275	9
39.6468	-119.676	3
-25.7954	-48.7722	1
-12.0983	-56.3286	1
55.1559	61.3679	13
35.9225	-78.4605	1
40.0076	-3.69751	3
-25.4596	-49.528	18
34.318	-80.0904	1
60.3192	24.9696	4
28.3721	-81.5566	3
33.9112	-6.96931	3
32.0376	-111.271	1
-1.71186	113.698	3
23.6254	-102.558	2
-21.9575	-50.5321	3
41.9955	-4.56808	5
41.1552	-87.8597	2
58.5905	49.6388	3
33.79	-118.264	32
51.8255	5.04383	8
48.1169	13.8704	1
50.0389	36.2021	2
40.6369	-3.17216	6
-7.95184	-40.2153	3
36.6168	-88.3255	2
53.0774	-0.63651	2
50.2042	17.8307	1
-18.6366	-46.4172	2
19.5249	-99.0398	2
51.7193	94.4305	1
19.4685	-98.7874	5
29.4217	-98.5506	47
-17.4297	-39.8367	1
1.31255	124.92	6
-3.0586	-40.1406	1
49.3967	6.98621	5
40.9998	-95.806	1
52.4389	6.58283	1
52.8471	-2.29813	7
47.7055	6.92288	3
0.152958	117.48	8
-5.57901	-39.4606	1
35.2003	-111.647	1
42.1087	140.576	1
41.0212	28.6263	4
49.3598	1.79644	2
51.3146	9.45975	1
55.7844	-2.01841	1
41.3879	1.66883	1
42.4426	-83.2742	50
-25.4665	-49.0602	3
45.7323	4.86406	18
51.2912	13.0955	1
20.1171	-98.7431	7
48.6833	9.81444	1
28.6123	-17.9072	2
-5.18412	-80.6438	1
35.6425	129.35	1
33.7148	-85.8526	1
50.4074	36.9101	1
-7.02659	109.691	1
-23.6661	-46.4412	48
-22.308	-54.7785	2
57.1454	-2.10232	6
41.3622	1.4371	5
10.1577	-64.6949	3
-7.14941	-34.882	45
-26.8728	-49.1096	21
-25.3137	-57.6094	2
40.2278	-83.3826	1
48.7734	2.07451	20
43.8775	-91.2291	3
53.1958	45.0387	9
58.5534	31.2773	5
-20.3075	-40.4704	3
54.9389	-7.20699	1
-7.04882	107.129	3
-16.0891	-44.1033	1
40.3938	-74.1777	1
43.8843	8.02086	1
51.5427	0.115805	19
50.6486	13.4525	1
-32.5802	152.155	1
43.3161	-3.09129	10
40.886	-8.60967	3
38.9737	-92.499	1
42.0644	-122.48	1
44.2333	8.32421	1
20.3296	-97.8959	9
55.6728	12.5521	3
33.8573	-84.0139	2
-6.89947	112.072	2
-7.28193	112.038	1
41.6466	-93.7485	1
47.4858	2.42106	1
37.8035	-122.264	7
52.8725	-1.67925	3
40.3009	-3.73084	7
41.1497	-81.3361	14
50.2603	4.64633	1
35.5719	-97.676	4
53.0947	6.42258	2
48.2491	7.52806	1
30.3146	-83.0964	1
41.0843	-81.513	14
41.6566	-83.5743	7
51.6355	38.9364	4
28.5001	-81.1395	1
46.1541	5.14483	1
39.8044	19.8336	1
-8.9356	-36.4725	1
-6.74538	-38.2186	3
-6.84663	107.925	1
51.5959	-3.05599	1
-28.2499	-54.3217	2
28.3422	-81.3648	3
51.4708	-2.617	22
-22.5918	-47.3616	2
40.5492	-87.2082	1
53.391	-2.64106	12
-6.44057	107.052	8
28.463	-16.2626	2
50.0463	20.0057	6
13.5305	100.202	1
43.1334	-70.9203	1
43.8178	4.35092	1
59.9164	10.7164	2
0.898377	108.982	2
45.708	10.1749	3
44.105	-79.4658	3
41.226	-84.2662	1
51.8735	0.24286	3
39.5291	-87.1247	1
32.215	-98.2162	1
31.5229	-97.1267	2
1.86617	103.118	5
39.0099	-94.843	2
30.1419	-106.881	1
50.5861	19.4698	1
-20.1957	-44.7117	1
43.0014	-83.5882	5
57.4232	25.9003	2
18.504	73.873	3
43.2307	-80.1142	1
48.0999	14.8532	1
30.1565	-115.58	1
53.747	-0.816283	1
38.7817	-90.712	1
41.065	-85.1273	4
18.9321	-99.1916	2
40.3091	-95.493	1
53.5221	-2.05096	2
59.7551	18.6935	2
30.5242	-92.123	1
50.9404	0.366004	1
19.7496	-88.0135	1
19.0322	-98.1543	16
42.5378	-92.4473	1
4.64226	114.401	1
43.6188	-81.5411	2
10.3253	123.977	4
-37.068	-12.3113	1
35.3681	136.519	1
52.0828	-0.739571	2
51.4272	7.33482	3
29.9382	-97.8854	5
41.2489	-82.5232	2
34.3666	-78.8748	1
55.574	42.0314	2
52.2712	-6.95834	1
-22.3282	-49.0572	21
50.5289	2.8929	8
40.636	-3.51163	1
53.0902	-2.43034	2
45.4539	-122.774	4
44.014	-116.961	1
18.3339	-66.0756	7
43.6232	43.5638	1
-30.0997	-51.1593	185
41.7772	12.4402	8
40.4174	-79.2244	2
60.4797	25.1039	4
52.0286	5.38838	1
39.5782	-79.8737	6
7.01013	125.498	5
44.9766	9.82742	3
39.8113	-84.2022	2
-15.4298	28.2782	2
51.0768	13.7725	1
54.661	39.7144	5
41.1252	1.26876	1
-31.2525	-52.1256	1
42.5999	-2.81228	1
56.4122	-110.955	1
40.3537	-94.8858	2
56.6696	23.7579	1
-8.18549	-78.9763	1
-29.1925	-54.8575	1
39.9632	-4.83169	1
-33.9076	25.5553	1
-7.31284	108.356	2
3.16711	101.601	32
46.169	9.86427	3
28.0217	-80.7227	2
25.0897	55.371	1
51.5264	45.9785	11
52.2562	18.2626	2
40.0534	-95.2028	1
4.89089	114.886	4
54.3609	18.6908	4
-29.7174	31.0337	1
54.2384	-0.421442	1
-20.5973	-40.5401	4
-6.82355	107.14	7
37.93	15.8681	1
39.9367	116.451	1
47.4371	21.3803	3
43.3079	-2.38473	1
27.9926	-82.7474	1
-27.0529	-52.9701	1
48.5693	7.76221	12
22.2424	-97.8382	8
32.9733	-80.0056	1
45.5341	9.59091	2
41.8621	1.17075	1
-9.71929	-35.9061	1
21.0487	-87.0317	4
21.7836	-72.2039	2
-7.20109	109.022	1
52.1908	4.4131	3
-6.97905	111.493	1
34.7066	137.742	3
-7.2529	-39.4228	3
42.9656	-81.2536	2
13.6925	100.748	1
41.5961	-4.13128	1
39.2605	-76.486	8
48.0802	39.3565	1
45.1751	-72.7785	2
39.9568	0.263752	1
-7.32762	109.587	4
52.5379	5.34582	2
36.5974	-119.441	3
2.44322	101.862	3
38.3097	-104.71	1
-23.2514	-47.0591	3
34.8714	-120.412	5
48.1549	11.5418	4
3.94543	109.455	1
-29.0929	-51.4637	16
-23.086	-45.5067	29
-3.68082	-79.6827	1
-29.7528	-53.8242	6
60.3592	5.42348	1
52.0508	113.401	1
34.1583	-119.162	5
-6.6557	106.914	5
30.0608	140.596	7
32.029	-102.122	1
-1.77033	120.629	1
44.9008	-89.5695	4
35.3644	-94.3597	1
42.3871	13.4136	4
49.4549	-2.54558	5
-23.195	-50.639	1
54.3714	60.6892	1
17.405	78.4115	1
61.6319	23.8303	1
43.9581	7.81506	1
-32.811	151.44	1
-25.2239	-50.6319	1
41.0986	-81.7412	4
41.3682	33.7655	1
39.9459	-76.679	2
51.6684	19.3582	1
38.7019	-6.41853	1
47.1168	17.6673	2
33.8291	-84.1811	2
-0.587732	111.388	40
49.8988	2.28468	1
4.19791	100.705	7
-33.5979	-70.6844	4
48.7556	7.56114	1
42.3933	-71.0992	14
41.583	2.0064	10
45.5097	6.66798	1
59.724	30.4085	1
38.9103	1.42366	5
-26.6906	27.8352	1
52.3851	-2.27787	5
36.0697	-119.316	1
14.9135	121.038	1
32.1871	-82.5925	1
51.137	39.4036	7
51.917	4.47593	18
53.206	5.97229	4
37.8334	15.2709	1
52.5184	-8.76132	1
33.829	-116.493	2
4.11166	103.385	1
43.4839	-1.49374	1
-2.63132	-56.7364	1
-8.0436	-34.9394	70
37.8214	28.2501	1
-9.12833	-70.3057	2
49.4708	7.61807	15
48.1193	0.0103691	1
-22.7484	-47.5033	7
-27.1111	-52.6609	2
38.6574	-121.002	1
-36.7374	-71.0353	224
55.926	37.9139	1
-20.5187	-48.6196	1
-8.54829	115.413	2
31.9627	-110.344	1
-21.1302	-48.955	1
-5.40065	-47.5474	5
34.4217	135.578	1
25.8364	-98.3625	7
-6.2096	107.197	28
41.1925	1.5966	4
37.1812	-7.37344	2
-22.7449	-42.2907	1
-15.4552	-55.8425	4
33.9616	-116.545	1
33.1635	129.717	1
41.6384	-83.372	1
40.0497	-87.8273	2
2.72376	102.224	1
36.4199	-82.0676	2
41.3801	-73.3756	2
37.6884	-75.6632	2
20.5597	-100.229	1
45.6054	-62.6735	2
-1.10813	36.6317	1
34.6426	135.984	1
50.3881	-4.11457	6
32.5171	-92.7167	1
-26.2617	-48.9665	31
28.2478	-17.14	2
39.73	37.0395	1
46.4429	4.11139	1
51.8873	5.39853	2
-1.51817	110.461	4
37.983	-122.08	2
33.3754	-82.0668	1
54.7097	-1.23058	5
35.2118	-118.841	1
30.2036	-85.6033	8
38.4532	-121.83	1
-7.54907	110.787	26
48.4987	2.35973	1
48.4084	-4.49955	4
27.2665	-82.5565	1
5.20376	96.6594	2
50.8876	15.6184	1
3.14568	101.76	85
34.0053	36.2121	1
39.1451	-75.3867	4
-2.28282	106.307	1
40.3807	-79.8588	11
43.8073	4.62316	1
50.8182	-1.09673	5
13.6386	-88.7799	1
60.1691	24.8011	1
51.5215	6.92255	5
53.1638	-2.73732	1
39.5148	-104.806	1
-8.1851	-36.0151	3
52.6316	5.07012	1
34.5623	-83.5359	1
59.366	28.1106	5
-22.9195	-43.0731	17
43.0771	-77.6753	1
32.4194	-81.7817	4
-7.32732	110.497	7
47.1946	18.4412	2
-33.6082	-71.6077	1
46.1558	-122.97	1
-19.7833	-40.1376	1
37.1871	-3.60181	17
-26.8211	-52.9771	1
43.5733	3.81762	1
29.1145	-98.4322	1
54.1125	-126.558	1
44.6605	-63.6545	1
28.9316	-81.3003	1
-21.1872	-45.4382	1
12.1285	-86.2648	3
36.7297	-120.072	1
1.00185	116.394	27
59.2268	39.8381	4
-11.0019	-37.1007	14
-3.44988	114.81	6
30.1486	-97.6564	3
29.7039	-95.639	8
38.9687	-83.7249	1
-34.6433	-58.5635	6
36.7613	-2.61121	3
50.9502	-2.51629	1
-5.41037	105.189	23
40.5916	-74.3147	16
45.4985	-94.2012	5
55.7475	12.3179	1
46.3326	2.57916	1
-4.81623	119.549	1
38.097	-0.795556	5
56.2495	90.4527	1
52.6373	4.75456	6
-19.7278	-43.8514	4
-8.63314	115.245	20
30.9373	-91.4009	6
45.1581	7.3865	2
48.9218	7.65949	1
26.1265	-80.142	4
53.1463	-3.74296	3
19.725	-99.0601	2
38.7477	-4.02455	1
48.9356	2.04449	3
33.9548	35.6721	4
47.2611	39.628	20
3.47844	101.868	1
40.7313	-74.1821	18
-16.4024	-41.0586	1
53.1089	-0.922045	3
-12.1588	-45.0044	11
36.7122	-121.663	10
38.4779	-0.77089	1
60.5966	24.8374	2
56.5736	-2.60397	3
57.1515	24.8771	1
34.2319	-118.562	12
44.2597	4.19589	1
35.9455	-78.0412	1
18.8986	-98.4445	1
-25.0606	-53.398	8
-22.5832	17.0928	2
17.3917	-99.7242	3
2.46447	99.1466	3
50.4756	2.66416	7
14.4081	120.935	8
49.6105	20.7044	1
40.778	29.9916	2
32.5296	-101.709	1
49.8397	24.0297	2
34.3966	-118.547	1
52.7384	39.2486	1
5.6574	100.524	2
34.4145	-119.856	2
-12.6901	-38.4864	1
45.4434	8.61637	1
53.3942	-7.70814	2
40.5256	-81.4696	1
55.1254	73.3788	2
-28.9801	-51.5664	1
38.5143	-121.144	1
42.2867	-122.821	4
50.4304	30.5972	10
51.3308	5.97766	10
-7.68905	111.454	12
41.7776	-2.3213	10
-13.3766	-41.358	1
-32.4029	-53.3233	2
-34.64	-58.403	2
46.4419	-93.3613	1
45.6628	-93.9142	2
-11.3217	-41.8392	1
18.1163	-66.1405	1
29.2333	-94.8733	2
42.7186	12.1389	1
33.3141	-111.986	56
46.1905	6.11005	1
35.1705	-79.861	4
41.7185	-93.5823	2
52.2604	-113.768	1
10.6078	-71.6471	3
19.1161	72.8444	4
34.4026	132.479	2
-15.7763	-47.7966	131
44.6994	10.6322	1
-21.8308	-41.2715	1
39.4923	-77.3415	4
49.6079	6.1358	1
-22.8871	-45.4893	3
39.1843	-77.2337	12
-7.03879	107.939	1
-22.866	-47.7365	2
19.5138	-90.7914	2
56.3486	30.4984	1
36.9865	-120.628	1
-29.9643	-51.731	1
-24.018	-46.5015	35
42.5908	-71.8055	2
19.6014	-90.3361	17
0.782592	127.386	1
1.47326	124.871	30
49.1733	6.9327	1
36.7821	-119.8	12
0.331555	32.5649	3
52.3056	6.51773	2
48.8032	2.31775	17
19.1644	-98.4097	3
42.851	-2.65087	2
54.3472	-0.63798	1
34.4009	-118.078	2
-4.67227	-37.6746	1
-19.8995	-43.9024	15
14.2724	-89.8147	2
35.4472	136.782	1
48.1205	-1.65225	10
34.0434	-117.849	25
53.5203	49.4315	1
55.0122	-3.44687	1
60.1595	25.0186	5
53.0223	-2.25132	11
-6.09564	106.698	8
55.4028	-1.74111	1
49.4117	1.04164	12
34.7364	-92.2724	5
31.5093	-106.149	1
26.226	-98.2567	12
33.6908	-84.147	3
46.7916	-2.04792	2
52.1714	6.32514	1
25.5966	-107.963	1
20.3906	-99.9879	2
27.6986	-83.8046	5
0.247298	-51.0637	41
-29.8312	-51.8879	2
36.7783	-119.418	2
38.2181	-81.5289	1
-20.0545	-43.4527	2
50.6254	-2.4574	1
31.4523	-106.568	2
20.8759	-156.479	1
50.6318	5.58511	1
39.2936	-78.4295	1
-22.2973	-42.8797	1
41.8984	12.5451	56
43.8517	1.2298	1
40.0293	-105.24	1
-8.22979	112.881	1
-22.5985	-46.5122	2
-23.8963	-48.8749	1
4.82842	100.769	6
36.0655	-91.8875	2
38.0543	-84.7175	1
51.728	8.76856	1
66.4951	25.7535	2
51.5818	0.800536	1
52.1683	-0.456959	1
-6.54949	-36.0482	1
43.7651	-79.5125	4
31.0074	31.3742	1
39.0951	-84.8512	1
3.56164	101.54	4
51.6358	0.609243	3
38.2508	-122.63	1
-21.65	-41.4319	3
51.3577	7.46432	1
18.5028	-69.7905	4
50.8642	-103.333	1
46.882	-71.2173	1
40.0843	-80.6911	3
45.6883	1.62067	1
36.7061	-85.1396	1
37.0271	-76.3834	2
-8.30689	113.546	1
-3.65024	128.225	2
41.7972	-85.4003	1
40.8641	-82.3246	1
45.4348	-65.9859	1
-22.629	-43.2185	1
40.422	-3.53147	1
51.213	7.63779	2
30.5008	-91.1334	7
52.2328	21.0607	19
51.8451	-1.96941	1
43.6777	13.2102	2
50.8797	9.68511	1
6.11885	99.9883	1
38.781	-90.3609	6
-21.604	-45.5858	2
20.1857	-100.142	3
35.486	-96.6973	16
53.8381	-1.62704	15
52.4258	37.6027	1
54.8905	52.3391	1
52.8414	9.24541	2
38.9298	-76.7677	6
39.1902	-106.837	1
41.2646	13.6595	1
-21.6468	-49.6923	3
41.6858	-77.0702	1
29.3751	-94.9804	1
48.6189	2.97564	4
37.6633	-0.724804	1
39.2675	-8.37657	1
39.081	-94.3666	1
26.6701	-98.5639	1
-5.64371	-36.517	1
14.5106	-90.5791	11
37.7421	-81.1406	1
25.7662	-100.409	28
-19.8655	-40.6404	2
4.71945	103.42	20
45.184	5.71568	5
-5.71859	105.577	1
37.3904	-4.76994	1
33.5685	-85.0398	1
36.194	-5.92465	1
51.6022	5.57079	7
32.6601	-97.1931	1
39.7617	-88.2781	1
42.0726	-88.3556	2
-6.84759	106.76	1
-12.6956	-55.9291	1
50.0338	-66.821	1
-26.1761	28.0353	6
53.6499	-6.80205	2
52.083	-106.63	1
-27.6129	152.884	1
41.849	-79.1464	21
-21.7916	-51.8625	1
50.823	12.8918	2
50.8333	4.0	1
42.5633	-72.0614	1
26.5613	-80.0526	3
42.9901	-71.5237	1
-1.26861	36.8318	10
61.2027	-149.754	1
54.777	49.9181	1
0.636223	101.961	1
34.7445	-87.697	3
-19.7132	-40.4356	1
46.3707	-96.1663	1
61.2734	73.4332	3
31.7553	-106.291	5
39.5956	3.37981	2
42.3964	-88.1798	1
44.5726	4.39251	1
42.2932	13.9885	1
62.4967	26.8162	1
37.9834	-1.12989	19
-22.442	-44.5232	4
40.8906	-72.6864	1
46.7336	-117.166	1
-20.7065	-48.958	3
33.5804	-85.9726	1
41.9104	-71.9039	1
57.4739	-4.25961	1
40.1327	-86.0137	1
42.3946	-8.70782	6
33.5934	130.326	1
48.9174	11.408	2
-6.93356	107.771	14
18.4328	-67.1484	1
38.27	-122.419	4
58.0394	60.5549	2
0.427534	101.881	1
38.5308	-0.157648	1
-6.52434	107.461	4
53.5927	-0.575417	6
33.4715	-97.1633	1
45.5193	10.0764	1
37.5624	-1.26597	1
30.5964	-96.2957	2
56.8155	60.6136	38
39.6756	-105.055	3
-2.54526	118.03	7
59.9394	30.0922	28
-5.12239	105.306	4
-15.8391	-48.0231	11
1.84467	102.978	10
41.9135	-99.5333	1
33.1219	-117.317	1
25.6412	-100.294	42
52.5094	4.64422	12
-33.0639	-76.5434	1
50.652	-4.03372	3
47.7543	1.57233	1
42.1259	-89.3954	1
41.5798	-71.4377	3
48.867	2.7781	8
39.0261	-86.9358	1
49.8764	-119.496	5
42.2039	-84.3843	5
-24.1265	-52.366	3
38.9167	-94.6753	2
41.6136	21.7433	1
38.5372	-82.6938	1
42.3154	43.3569	1
-20.785	-49.3592	17
-3.89664	122.536	2
46.6945	0.35547	1
-23.6003	-48.0547	1
62.0846	129.292	8
3.7257	103.077	1
39.8991	15.7809	1
-6.24007	-36.4424	1
0.07868	111.505	3
-5.36311	-49.1082	1
34.6997	-118.113	1
53.4784	9.16889	1
34.2214	-118.416	13
35.4008	139.376	10
-29.5925	-51.3784	4
41.7306	13.3433	1
4.47079	101.38	3
30.5386	-87.3388	1
-23.7669	-46.0184	1
32.3111	-94.1629	1
1.42922	110.333	27
36.1866	-86.7851	5
16.922	-89.8984	1
59.0838	17.5272	2
56.537	21.0366	1
51.3013	-0.71595	2
-24.4945	-53.3	1
-4.95739	105.215	3
-8.09071	112.187	3
38.6484	-8.51836	1
45.6537	9.18684	2
45.8357	4.99631	1
51.7734	19.4806	3
34.2924	-83.8312	1
54.8902	23.9267	1
43.235	-5.74075	3
50.3783	2.81267	1
-21.4642	-51.4294	3
51.8566	-4.3105	1
-23.54	-46.3466	5
-0.31157	100.366	1
-2.57242	-59.9803	222
2.86881	102.469	1
34.0012	-81.0167	1
51.2476	4.7174	1
-28.3491	-49.0251	1
5.89239	116.047	4
-29.5985	-52.4412	1
-24.073	-49.9808	1
45.1722	-91.139	4
56.9715	24.1287	19
37.9457	-121.314	5
51.3972	0.400914	6
43.1619	-86.2632	6
43.5188	-123.308	1
44.6958	-73.4567	1
40.6076	-112.022	16
38.1365	-1.20244	1
4.64713	101.203	42
43.2446	6.3142	2
40.8314	-73.8681	23
32.1774	-110.884	4
43.2607	-79.9135	4
21.4953	-158.071	1
33.2852	-117.149	1
49.3168	7.3393	1
52.5179	-8.05519	1
7.69175	-72.3539	2
54.4838	-3.53548	3
34.7053	-81.1866	1
35.6198	-86.9718	1
-9.02805	-42.652	1
53.1897	-2.88774	1
55.0193	-1.65244	7
26.3403	-80.2396	2
47.0632	-122.743	1
39.8678	-3.99721	2
38.263	140.88	2
43.5619	1.45967	1
45.5566	-73.5676	2
45.5743	11.9494	1
-7.11628	112.519	8
62.0262	129.712	7
45.3231	9.36708	8
43.4604	-76.5043	1
36.8207	-78.6957	1
45.5249	11.6327	2
51.509	-3.35849	1
37.5054	14.8045	1
33.6337	73.065	1
2.24357	102.277	55
52.3995	16.9063	1
30.0858	-95.4188	3
30.3477	-90.4156	1
42.0484	-88.114	2
-14.8186	-39.0383	1
36.1121	-80.0895	2
38.1911	-76.4248	3
44.6841	-1.00946	1
31.5456	-84.1249	2
49.4376	0.284568	1
47.4254	20.8631	1
35.7411	-109.069	2
42.0648	-80.2254	32
31.5667	-110.278	1
52.1976	0.126573	4
55.795	49.0696	13
-26.4014	-48.7965	1
51.0366	-113.983	2
-23.9506	-46.2257	73
46.2237	7.31808	4
48.9996	2.93333	1
20.5227	-100.772	1
-21.6987	-45.2245	2
4.5938	-74.125	28
40.1069	-75.0122	9
56.2565	9.86285	1
-24.4399	-50.7457	2
40.3885	-75.2666	2
-5.97877	-38.727	1
-11.9689	-77.0673	6
50.831	8.12265	2
29.6296	-95.2624	8
41.6925	-74.0649	1
-22.9088	-45.2346	4
52.7277	6.51833	7
55.1312	14.9843	1
-7.49378	112.423	2
52.3382	5.21896	3
37.992	-121.731	2
-21.2475	-43.7915	1
42.5295	14.0704	1
13.1068	99.9605	1
54.782	31.998	3
44.8038	20.5235	2
37.0028	-82.3895	1
14.8668	-61.1227	1
-6.9376	-40.2588	1
53.2231	-4.16382	2
37.2633	-80.1609	2
3.5881	98.697	131
-21.9643	-51.3537	4
41.1646	-80.0572	2
42.7418	-71.4552	3
52.3732	-1.26174	5
-29.0227	-51.2341	2
47.6298	-91.924	1
-7.15448	111.888	1
38.0782	13.5131	1
56.0897	12.7645	1
-4.67982	120.098	1
40.0014	-3.02281	1
42.7206	-8.71744	1
43.1614	10.6173	1
36.3149	-119.332	3
67.8642	74.04	1
47.3496	0.676549	4
55.7525	36.9747	3
-22.7405	-45.1143	4
19.6805	-101.223	4
-10.1669	-48.342	2
10.2909	-61.4602	1
9.92377	-84.1088	18
47.2652	11.3986	1
-23.5594	-46.1857	15
53.8672	-1.35182	2
41.5439	-73.0188	8
46.9393	2.52124	1
-0.89897	119.883	14
39.5335	8.91733	1
34.1467	-118.76	4
56.7673	60.7558	1
38.6385	-77.3233	4
49.2146	1.79848	2
43.8096	-89.1173	2
18.4397	-66.541	2
-6.90745	108.49	3
28.0948	-17.1674	1
56.2246	101.664	1
51.2239	1.40208	1
51.6772	-2.01874	1
38.4167	-82.437	1
37.541	-6.31199	6
55.5967	36.6901	1
40.1732	29.0784	1
50.6564	17.9305	3
33.9789	-79.6767	1
43.0473	-75.3814	1
50.6215	6.32316	1
36.6387	-120.626	2
39.2291	9.12478	2
48.341	39.9838	2
38.8355	-9.36057	4
26.2011	-97.6656	3
41.2927	12.5735	11
-7.07575	107.578	8
28.103	-15.4598	4
-21.966	-46.7961	1
26.0017	-80.3619	4
8.45084	4.5243	1
51.6588	-0.393912	4
-1.55868	101.236	1
33.925	-118.204	46
44.8039	-122.798	1
40.7837	-96.6239	3
51.9522	5.90207	31
-6.8973	107.451	4
52.4704	9.39882	1
30.0807	-81.8619	1
39.2798	-103.386	1
37.3548	-4.55025	6
-20.6696	-43.8044	3
39.4651	-87.3758	13
0.993845	103.429	1
19.3637	-99.0568	30
42.9564	-85.6601	3
54.3257	17.7873	1
44.8888	9.98277	1
17.9827	-92.9555	10
37.6957	-1.70501	1
42.7105	27.7169	1
33.4174	-86.7103	4
54.338	48.6904	1
44.3405	1.21982	1
55.0811	36.6037	5
38.4355	-82.1148	1
40.6062	-0.0817124	1
34.1194	-117.662	6
-21.9024	-42.5653	1
2.92472	112.544	1
34.4012	-118.917	1
54.6669	-6.79809	1
-25.3335	-53.898	1
3.32466	99.1528	3
-28.3065	-53.9244	5
-24.3077	29.5451	1
40.2258	-3.43423	8
33.7666	-116.976	2
42.4661	-92.2737	1
-14.1425	-56.8563	1
25.7824	-80.2295	13
45.4757	12.5623	1
39.9991	-74.5997	1
33.9901	-118.065	55
57.6365	-3.29553	1
38.688	-87.0183	4
45.207	7.59776	1
18.3197	-64.8824	1
51.9938	-0.948714	1
41.4577	-86.4801	1
47.9964	2.73025	1
53.7205	-1.95008	3
43.3916	-124.228	1
39.9674	-82.0021	2
41.0769	-111.967	6
49.0967	6.15472	2
42.0986	-79.3412	3
-23.4752	-45.0719	1
43.617	-83.9407	2
40.5574	-75.9773	1
17.9779	-76.8734	1
50.6234	9.73215	1
40.4723	-86.1388	1
32.5711	-89.8764	1
2.60047	99.0167	2
52.3103	-1.03522	3
37.0455	-86.1625	1
51.7648	-106.049	4
39.056	-95.692	2
6.34835	99.7226	1
53.6848	-2.27807	3
52.7833	0.437848	1
38.3466	-76.4598	1
-20.7352	-48.5892	1
34.9228	-81.9342	4
-3.62505	-52.4801	1
-25.4516	-50.0507	1
44.4058	12.1449	1
27.0035	49.6404	1
51.6343	4.93047	1
34.1146	-118.246	167
48.1225	-96.1576	1
-2.62921	-44.3026	13
36.5555	-4.6324	7
43.4802	13.2037	2
10.6185	103.505	1
16.0188	100.492	1
34.8733	136.998	1
33.1135	-96.672	20
42.1626	-72.6405	7
38.3386	-85.8916	3
29.8907	-93.9284	1
51.7215	36.1846	1
44.2706	-88.3971	2
-14.6179	-57.4837	1
-21.9084	-49.8916	1
37.2744	-79.9575	2
42.2047	-74.2165	1
37.8448	-92.1463	1
43.2943	5.40513	7
-8.05391	112.355	1
-26.3749	25.4619	3
42.6257	-83.0942	10
33.6559	-117.901	3
-19.6047	-47.9692	5
-21.7485	-44.7869	1
44.7663	11.817	77
40.7059	-73.7794	5
35.2035	-80.836	6
41.817	-71.421	18
36.8513	-119.965	1
61.7359	34.4038	1
17.661	-101.599	1
43.5448	-96.7388	2
41.0936	-74.8326	1
41.5076	-4.9974	1
68.954	33.1359	7
39.9979	-75.7732	1
45.9375	6.6325	3
54.0679	-2.85384	3
48.6997	2.77173	2
39.0276	-82.0312	2
-22.5605	-49.1177	1
-28.2628	-52.4442	5
43.2989	10.5022	1
35.8889	-5.32997	1
48.7505	1.92924	1
28.0598	-82.4128	6
51.6302	0.32312	1
53.4035	-0.77854	3
36.5252	136.606	1
-4.1067	-38.6535	1
44.0266	-88.5552	2
-6.23915	106.704	235
3.22814	113.072	2
33.7009	-78.8691	1
49.4061	8.68337	3
-27.9291	153.308	2
51.8714	0.862885	1
49.0597	-1.02363	1
52.5467	13.4057	30
32.8327	-83.6442	1
5.02892	100.637	2
45.6421	8.76969	1
40.5347	-85.626	2
36.1523	-95.9091	2
-23.7454	-45.6207	3
4.08298	9.67571	2
-7.10796	112.163	1
39.7393	-89.2665	2
-6.35382	107.224	1
36.2582	139.4	1
-7.9725	112.629	158
-29.3292	-49.8051	4
57.8106	28.3618	3
49.6329	8.36943	2
34.136	35.6436	1
23.7855	90.3591	1
54.6341	18.2233	1
52.4786	-0.901222	1
2.94886	101.77	27
-19.604	-43.2996	1
54.3842	-3.00504	1
51.8976	-0.171554	6
34.8091	138.286	1
2.17917	111.401	1
44.969	-93.085	7
36.5546	140.629	1
38.9953	-0.220727	5
40.7062	-111.9	34
45.7719	3.1867	2
51.4075	5.37308	5
39.1756	-96.6036	1
51.8074	-2.50337	3
44.7969	-91.4712	1
39.5261	-0.468201	6
-22.8952	-47.0303	50
50.8317	40.5415	1
39.7597	-75.7044	1
39.1734	-89.5223	1
-26.3186	28.3941	1
34.8809	136.608	1
32.6889	-97.0323	4
39.1476	8.96152	7
55.8041	37.8048	10
-27.6534	-51.0923	28
53.722	-6.36297	1
4.52048	101.015	4
-20.1397	-40.3039	29
51.185	-0.40788	1
-33.9339	150.767	1
53.1826	5.81839	7
40.992	-109.721	1
41.3605	-72.1169	5
-2.97146	104.679	22
22.273	-101.972	1
49.6041	2.24869	1
40.0645	-79.8853	2
0.3304	103.609	1
45.5855	-93.6565	1
-33.7237	150.939	1
36.1007	-79.839	2
50.9579	7.98626	1
-6.71589	108.549	22
37.5444	-77.4403	3
40.2659	-7.5764	1
47.613	-122.342	12
52.1434	11.4339	1
34.8713	136.813	1
34.1372	-118.05	2
-33.9421	151.244	2
34.9381	-79.7729	1
35.8537	-86.4019	1
-18.4448	-70.2982	3
43.2519	-2.93316	29
31.0971	-97.7492	1
20.6402	-98.6553	1
46.268	-119.162	2
-20.3498	-41.9347	1
59.3942	18.6174	8
-22.8383	-48.5474	3
-21.3001	-50.3467	2
0.371579	101.091	4
33.5811	-101.885	8
53.2798	-6.39602	5
41.5466	-72.1026	2
-0.487941	100.548	1
48.9875	1.91135	4
58.5239	13.4996	1
29.7936	-90.8234	4
3.39015	-76.5429	3
-30.5529	-53.4955	4
36.7919	-108.693	2
-7.62772	-34.8119	1
53.3596	89.9062	6
41.6917	-87.5303	2
26.8782	-101.221	1
32.335	-95.2833	4
53.8437	-1.85083	9
35.7742	140.009	1
38.0881	-3.63952	1
53.6586	-1.41183	8
33.8994	-117.486	8
-20.087	-40.8168	1
53.6149	-6.65725	1
25.7686	-80.4282	5
37.6068	-77.6097	1
6.01225	116.396	16
54.0249	-6.18072	1
40.3581	-84.1647	1
40.854	14.2435	5
-8.45547	115.072	9
49.2415	11.0767	1
14.9252	102.014	1
10.6218	-61.3208	1
2.04811	103.382	84
-15.6079	-47.6608	2
-21.2905	-49.923	1
40.9276	24.3868	1
53.8825	-2.39142	2
-33.4413	-70.7537	10
59.0018	61.7094	1
33.577	-117.174	1
38.5992	-78.5219	2
44.6428	10.9357	1
37.2314	-121.777	8
39.3143	-81.5291	2
-23.7494	-49.6565	1
-6.21871	106.53	26
-34.5619	146.981	1
46.6352	1.09568	1
43.6484	-79.8993	1
43.9502	7.66126	3
38.9735	-5.79028	4
-8.16045	113.723	2
33.5065	-111.988	9
53.5846	-2.48296	6
51.3253	3.53527	1
36.9046	-84.1327	1
39.7299	-75.5295	4
51.8436	4.11914	2
-15.7994	35.0266	1
51.1272	16.9913	5
3.30508	103.121	2
44.0021	3.5508	1
33.997	-86.0266	2
39.1007	-83.1346	2
41.6756	-86.157	5
39.3559	-76.3669	1
-28.3896	-54.8743	1
41.8707	-80.125	8
43.0068	-76.0104	3
0.508334	101.419	39
26.376	-98.818	1
16.5653	-95.0986	2
16.8514	-99.8454	1
40.8239	-73.0558	1
37.9566	-4.79305	8
-23.1295	-46.5728	2
40.4189	-74.3728	1
51.917	0.695224	2
49.2771	2.46442	2
49.7927	-97.1535	1
36.0026	-83.5425	3
-3.78965	-38.5199	26
-33.4017	-71.2143	1
14.9168	120.759	2
51.9196	4.75328	3
39.1457	-77.555	1
37.1889	-1.82711	1
50.2114	7.56305	1
19.258	-103.69	1
10.4923	-66.857	6
45.0432	11.8111	8
-20.9392	-48.5262	6
41.2446	-80.8898	3
6.23406	125.082	1
-23.2981	-47.2769	3
40.9956	-76.9252	2
-7.47569	112.637	1
13.8733	-88.6244	1
-3.99681	39.7308	1
52.4157	5.84023	3
34.5056	-90.1939	1
27.9892	77.3558	1
-30.1649	-51.4437	2
38.3553	-0.515529	15
35.3596	129.359	1
42.4991	-6.56031	1
55.8868	-3.60885	2
48.3884	2.96241	7
43.2235	-2.73976	1
-32.9275	-71.5214	5
27.7732	-82.3623	1
59.2472	17.8606	4
35.0658	-78.8987	6
47.1257	17.9073	3
42.997	-77.3945	1
2.12193	102.479	2
38.4774	-77.4471	2
41.8863	-91.0566	1
45.3469	37.093	1
-26.8274	-48.7225	5
42.3529	-72.5601	1
43.6785	10.4741	1
38.824	-78.5636	1
5.0551	-75.4841	5
-22.6965	-43.5244	3
30.4225	-91.4189	1
52.4861	6.42529	1
41.146	1.12437	2
35.2468	-97.3625	2
51.5163	3.83821	3
55.9099	36.8513	2
31.9967	35.863	1
53.879	-2.18935	9
40.2822	-82.8496	1
-4.08929	104.662	3
-5.21541	-42.8028	22
55.0015	82.9557	9
-24.2832	-47.0136	7
41.0078	29.1263	2
42.0085	-94.3769	1
51.4109	0.791967	17
42.2865	-82.0927	1
40.8257	29.3059	1
-26.7888	-50.999	2
52.6247	1.24897	4
41.6228	-4.75703	5
-26.2715	27.8658	5
39.5881	2.68433	5
48.8256	9.29312	3
50.8742	6.85095	1
34.5896	135.734	1
47.0732	15.4419	2
5.29184	115.206	2
30.5074	-81.6129	1
16.2586	-92.301	19
3.73678	98.6521	1
21.2978	-98.3734	1
59.4094	24.6932	2
3.05767	103.078	1
39.6995	-82.9399	1
34.7318	-82.4423	1
29.3294	47.9677	11
37.9695	-7.85798	2
40.6832	-75.2419	1
38.0835	-0.951624	1
58.3788	13.4678	1
-1.46455	125.22	1
51.9854	5.09531	1
50.8129	6.47789	2
40.6301	-6.92291	1
33.4191	-82.405	1
52.7842	4.78773	4
56.8729	24.3542	6
-4.77289	137.78	3
46.803	1.70319	1
59.9342	30.3287	119
-29.8024	-56.7397	3
43.0886	-80.7838	1
50.9446	-0.456523	2
52.5431	13.1424	2
-20.6488	-41.9102	5
32.4839	-99.7454	3
51.703	5.32469	9
-6.35789	106.495	7
36.0558	-80.2602	1
35.2884	138.863	1
24.3993	54.4977	1
35.254	139.149	2
41.2345	-85.1502	1
31.9901	-110.983	1
50.2478	3.92045	1
49.2126	-1.52822	1
19.1003	-103.657	5
29.6742	-95.1139	1
52.2509	0.69847	1
41.0646	-84.1581	1
37.7403	-81.8792	1
36.1605	-107.469	1
53.3151	-4.63943	4
40.7435	-3.63419	1
-29.7433	-50.5784	2
-6.38887	106.798	105
-23.6482	-52.8722	1
56.1408	37.0374	1
51.8195	0.0310209	1
41.7253	-85.7513	1
34.1417	133.65	1
34.5944	-98.4303	1
37.3831	-5.92355	21
30.2978	-97.7533	10
41.9594	-72.3026	6
-7.48257	-43.153	1
14.6574	-90.587	17
9.97831	-84.8241	1
41.4049	-81.5558	3
41.9884	-71.1399	3
51.5584	-1.78204	3
39.4732	-74.9919	1
28.3709	-16.7114	1
34.1129	-117.182	1
54.0141	-1.46208	2
55.7212	37.6037	49
-7.1731	112.653	67
30.4476	-87.1929	1
53.7172	27.9867	109
48.6881	6.17345	5
33.2968	-117.307	2
40.7218	-3.0578	1
46.2056	6.44306	2
-7.61955	111.0	1
41.3435	-72.6078	3
-8.74905	-63.8676	4
39.7055	-3.17134	1
55.3251	50.766	2
-7.7149	-35.327	1
53.6424	-1.79009	1
39.8251	-74.982	2
41.5851	-81.548	5
37.6474	-121.893	4
51.968	6.73115	2
29.8087	-91.5355	1
51.8911	-0.427445	2
50.3487	-5.14836	1
36.3002	-119.156	1
-23.1873	-47.756	1
43.1154	-77.4811	2
-20.5596	-46.935	1
48.9953	8.39826	7
41.5174	-84.1343	2
-7.73202	113.101	2
17.6477	121.742	2
34.4358	135.245	1
47.7935	3.58777	3
44.6094	-79.452	1
-18.7954	-41.9396	2
40.0263	-105.488	1
46.8138	6.83217	1
37.7633	-90.4707	1
44.2005	43.1291	6
2.74773	98.3268	1
51.737	0.490645	1
44.8294	37.6465	2
40.1573	-74.428	1
54.7623	8.28944	1
42.3168	-87.8355	4
30.0396	31.3376	8
53.002	17.7461	1
-3.81996	102.291	7
35.5616	-82.5535	4
39.8429	-76.8335	1
41.7656	-72.6803	7
40.1147	-88.193	1
43.3215	-0.343157	3
41.3292	-74.3538	3
5.66931	116.364	3
48.9944	7.95275	1
39.8692	4.22416	1
30.2946	-91.9129	1
41.593	1.75982	1
-25.1476	-50.071	12
-23.0845	-48.9251	1
16.4171	101.158	1
-3.0098	-55.1949	7
39.3627	-77.1792	1
38.0677	-85.882	1
50.8406	16.4923	4
51.7372	5.4678	1
34.5872	-117.407	4
45.3991	-75.813	2
56.3975	8.55838	1
-29.9346	-50.1143	1
-23.5337	-49.2398	1
-28.976	-51.9984	2
3.47972	103.39	13
35.3525	-118.983	4
-16.6482	-39.2913	1
29.9412	-90.6941	1
53.0844	-1.2677	2
48.299	2.39383	1
41.3026	69.2944	1
-8.55243	114.099	1
37.1524	13.7893	1
39.4012	-6.44088	3
47.8795	7.38359	5
56.0362	12.5066	1
40.0289	-74.2086	1
-23.513	-51.0998	25
-21.2385	-44.2815	2
26.1639	50.4652	1
31.0781	29.8403	1
-16.4175	-71.5138	2
52.0883	4.75142	4
36.2047	-119.468	2
9.03919	7.50053	3
52.7431	6.87731	2
53.2249	50.2437	4
-0.870593	114.931	1
-0.0594523	109.324	27
52.9061	-4.12244	1
-7.71078	109.025	4
-5.18745	-37.3473	6
34.9641	-80.859	1
31.7683	35.2137	2
43.5378	3.4597	1
38.5359	-75.5561	2
52.6088	38.5318	2
52.4059	30.9423	2
48.2842	6.95058	1
51.111	-0.192992	5
-26.1499	28.3589	1
47.9614	11.7875	2
37.7623	-87.523	1
36.0531	14.208	1
29.9	-95.0654	1
53.5879	15.5522	3
51.2364	0.192185	1
-33.3099	26.5188	1
52.0435	0.959768	1
21.3106	-157.862	7
47.6911	-114.151	1
38.5157	-1.70109	1
-26.2551	-49.383	1
-20.7841	-42.2826	1
33.5219	-84.2334	2
38.4741	-9.11776	2
33.6203	-114.59	1
45.4613	9.15934	20
-0.363503	103.102	2
16.7419	-93.1397	1
33.0008	-83.8602	1
30.4232	-84.3317	4
4.72789	-74.0748	9
43.9865	10.9106	1
50.9793	3.21672	1
-8.12121	112.573	1
52.5142	6.10694	5
-21.7554	-48.172	4
41.703	-71.5173	4
39.7625	-104.892	7
30.0065	-95.6428	1
35.3971	-6.02073	1
-27.1532	-48.5723	1
10.2516	123.801	8
43.2735	-4.07327	1
-8.12724	113.219	4
32.7738	130.714	1
36.0466	-89.9003	1
-22.8513	-42.0344	1
-8.05065	111.717	1
-17.9138	-43.6532	7
41.7581	2.06928	16
49.6847	-124.991	1
48.6705	16.0186	1
34.9643	138.391	1
40.989	-73.9107	33
20.5971	-102.559	20
-22.3597	-53.8003	1
-3.85328	122.052	5
-8.431	114.219	1
38.7248	-121.396	1
38.3554	-81.6925	1
51.3534	-0.393412	6
54.8664	83.1052	1
41.9668	-77.1208	1
51.4191	-2.39751	7
2.7987	101.681	5
8.64364	-82.9602	1
18.8825	-96.9263	1
36.1905	-119.824	4
41.9236	-72.6549	1
55.8442	-4.41812	2
42.5886	-87.8817	3
-7.7957	-34.9709	1
-29.0686	-51.0353	37
40.3104	-76.8705	5
8.91238	-79.593	1
5.32964	103.141	39
-35.6955	-71.6857	1
-15.3283	-40.0771	1
-6.28788	-35.2169	1
50.3148	18.7951	6
40.708	-112.248	1
53.1779	8.54549	1
-20.595	-47.3472	3
-6.51908	110.775	5
52.8943	7.03856	4
41.3239	-72.2607	1
51.2822	9.6182	1
-22.5927	-46.0515	1
2.84794	117.364	1
44.2151	20.9238	2
40.9543	-74.2188	8
5.03004	-73.9948	1
58.0811	7.76356	1
19.4704	-70.6791	1
42.8	-87.7927	10
33.3168	-117.483	1
48.7216	0.83999	1
49.0025	0.14212	1
48.4479	1.50475	1
48.6576	2.57849	42
-20.0322	-44.4428	3
-27.7658	-51.5708	1
0.484728	34.9991	1
52.2689	-2.16109	1
57.3041	29.4247	1
35.8417	-78.6893	3
42.6787	-82.7666	1
47.4825	19.0715	11
41.4931	-94.2773	1
40.3199	-3.89323	10
43.7937	11.099	1
41.9719	-75.1969	1
39.5672	3.21833	1
57.1506	65.5568	5
32.4532	-96.8459	1
-3.23194	123.185	1
26.1937	-98.0176	33
-20.9768	-46.126	2
37.4834	-122.229	6
41.1889	-73.1834	8
29.4639	-98.37	2
-29.3559	-51.9688	8
-22.6211	-48.8039	4
41.5648	-73.7666	1
33.1827	-111.575	1
47.8538	35.1188	1
-26.3061	-50.5016	2
36.8537	-120.451	18
-23.1117	-47.1947	17
-1.49348	102.112	1
42.6475	-5.53942	6
43.2779	-1.98771	3
2.50099	102.993	2
52.9778	-2.11201	1
55.0921	38.7751	1
53.1548	-6.81533	1
39.0364	-9.30221	3
46.7899	4.85034	1
61.0026	24.4479	1
45.5432	-122.655	15
53.0819	8.81086	1
38.5712	-92.1998	3
50.5265	9.00444	1
45.5705	9.30854	5
51.7446	-0.98464	1
-9.99076	-67.4265	1
-23.4254	-46.0575	1
-23.1018	-54.0488	8
-5.15527	-44.1652	11
14.6732	120.55	1
-23.8308	-46.8122	2
-29.4661	-51.7702	8
19.184	-96.2312	3
51.0272	2.99937	1
54.8886	38.0836	2
21.6267	-104.873	1
41.585	9.26626	2
-3.1107	-41.4845	11
58.0225	56.1443	10
68.9592	15.0172	1
38.8014	-8.95089	1
42.662	2.98956	1
-8.27649	-35.0925	1
38.0643	-1.51597	1
40.7365	-73.3556	4
41.2912	-86.6186	1
42.7431	11.1074	1
48.3463	3.97261	4
40.3431	-79.6698	1
35.9265	-79.0393	2
-2.89392	-41.6207	1
-2.78878	-56.9094	2
53.4514	-113.46	2
-30.1749	-50.2096	11
40.3472	-80.1655	1
40.7958	-77.8677	3
52.9563	5.91072	9
35.7141	-6.91635	3
42.23	-83.2702	2
4.39265	-76.0689	2
33.0426	-96.9552	12
42.0618	-72.4988	3
-22.1994	-55.544	2
39.4758	-95.721	1
46.4499	-120.477	1
40.5665	-122.312	1
52.1794	5.90278	6
35.7428	-84.0044	1
-16.3051	-48.9725	2
48.8097	3.09159	15
35.8944	139.237	2
40.5668	15.0018	1
40.2182	23.6746	1
41.57	-87.4091	1
45.4749	4.51627	1
35.045	-114.568	1
44.9917	0.179534	9
51.6546	-4.08823	4
29.59	-98.6259	3
42.6233	-71.329	3
39.7198	-81.5107	1
15.8716	120.895	1
51.5197	30.771	2
32.461	-93.8138	3
49.7859	73.1375	1
42.3446	-3.68944	9
32.9095	-97.6355	1
4.44569	-75.2293	1
47.031	8.1752	20
-7.15012	110.412	4
-12.0206	-45.4874	3
52.3805	17.4439	1
19.1285	-104.363	1
56.0018	-3.77093	4
38.6328	-0.66846	2
-3.83421	104.892	2
-30.3352	149.765	1
34.1744	-79.7849	1
-23.0614	-45.9175	51
41.7364	-71.1614	1
35.7272	139.576	4
42.2025	-87.9291	1
37.5295	-122.009	6
40.9986	28.7984	3
56.8631	53.2013	13
19.9404	-97.9612	1
-25.5268	-54.6375	1
37.8118	-121.229	1
42.4346	-82.9002	7
38.7441	-76.8789	4
14.8296	120.904	7
-23.8836	-46.4545	10
36.3596	-94.232	1
39.8204	-86.2918	1
40.6227	-79.7332	1
50.5929	137.044	1
-9.75808	-36.6473	2
50.7669	6.23464	1
53.057	18.5017	1
42.5647	-6.86053	4
5.16695	100.494	2
37.2769	-76.69	1
17.0915	-96.725	3
-23.444	-46.7966	44
55.3807	37.8125	1
35.9758	-85.1708	1
5.56178	-0.171655	6
30.0708	-90.478	2
53.2587	-1.38314	2
59.869	17.6184	2
3.95627	102.421	1
37.3379	-121.977	11
35.221	-102.889	1
36.2738	-88.6666	1
53.0109	9.03652	1
54.4899	9.04677	3
33.2216	-87.5451	2
29.333	-98.439	1
53.2757	-6.21144	1
-41.4491	147.135	3
48.362	-1.20667	1
52.1682	5.00572	5
34.0024	-5.5429	4
49.9471	10.7242	1
33.7865	-79.0262	1
51.1252	-114.185	2
35.6672	-97.4073	1
41.3361	-4.58616	1
12.828	80.0428	1
38.4981	-98.3201	2
-19.0045	-48.3585	22
37.9289	-5.74381	1
50.6077	3.02167	11
25.6097	-80.3412	1
38.4125	16.0591	1
-22.5461	-48.6355	32
-27.3654	-48.5787	1
42.4205	-73.8615	2
41.5954	-72.6939	1
-22.2295	-49.6901	1
65.0851	76.9518	2
-30.4164	-53.6701	1
55.2989	-4.83465	1
61.0693	42.1036	1
29.5802	-97.9519	1
42.675	9.43475	1
33.5231	-86.2935	1
-7.39976	109.238	19
-5.63852	-35.4249	1
40.5987	-80.2533	3
48.0002	-4.09522	2
28.6211	-81.4564	2
2.14784	117.489	1
18.2007	-66.2844	1
14.7648	120.25	2
37.7529	-25.6739	1
42.1651	-71.6325	1
14.4814	-61.0174	1
41.9192	3.15463	2
41.0927	16.875	3
51.8067	-4.96206	1
45.1102	-93.4635	1
-23.47	-47.4366	21
41.1179	-77.6047	7
36.6379	-119.787	1
47.1388	21.7029	1
54.1482	33.2897	1
50.1801	19.2869	2
51.8406	-2.22733	1
41.0353	-80.6643	1
40.9383	-81.3605	1
-0.942439	-80.7302	1
39.2141	9.26856	1
-21.5005	-48.0285	1
-7.74269	110.411	73
-3.29735	114.583	19
-34.1022	18.4777	3
-21.7896	-48.8606	4
45.4443	11.0005	3
15.4854	120.591	1
13.2549	-59.6306	1
39.5398	-119.848	1
-38.2534	-72.6704	1
51.6109	-1.24306	9
55.5287	-2.78637	2
42.8079	-5.63706	5
36.8859	-76.311	5
48.9906	23.4353	1
3.75431	101.949	3
47.7169	-104.147	1
40.8912	-81.5843	2
32.0809	-81.1004	1
43.7882	-99.5644	1
8.34647	-62.6512	2
40.5824	-4.06047	1
54.5463	-1.21134	2
37.3495	-77.4401	2
-30.3331	-54.374	5
32.9078	-96.606	2
39.2706	-88.2429	1
53.4039	-1.5631	18
-26.9981	-49.2271	2
55.951	-2.98654	1
49.1512	9.17326	1
27.8641	-97.2214	2
-7.39169	109.82	2
30.3638	-89.7504	2
-6.162	106.338	4
41.0194	-78.34	1
52.6022	12.3452	1
44.018	10.4405	1
40.6181	-74.0231	59
50.4592	17.3366	1
39.6067	-83.9966	1
59.3336	17.98	17
38.2383	-90.3884	1
46.7978	17.1824	3
20.6116	-100.399	16
