Latitude 	 Longitude 	 Weight
43.8127	7.76592	1
50.0645	5.76072	1
45.0478	35.3753	1
37.2376	-6.9188	2
-34.4058	-70.849	3
29.887	-97.9438	5
40.4644	-75.157	1
38.1377	13.3472	10
39.9688	-84.9258	1
43.9291	2.13251	1
29.9174	-95.6526	1
13.2549	-59.6306	1
-22.8437	-47.2618	14
39.5785	-80.136	1
47.888	-3.91904	1
34.4495	-88.6634	1
53.5256	-1.54917	6
0.132077	110.547	1
10.0607	-65.0133	3
45.3487	-75.666	1
41.3747	-72.1601	2
41.3432	-81.1865	4
-0.238819	-50.7698	1
16.959	-99.7356	10
15.5738	32.5729	3
-23.2765	-46.7111	8
53.2109	5.67335	3
41.9196	-91.6524	1
48.1086	-96.5876	1
47.3122	-122.345	6
39.8117	-76.9816	1
-32.7967	151.661	1
5.40243	100.695	2
12.8399	77.6588	1
18.3568	-93.251	3
32.683	-117.039	18
33.6039	-117.658	3
32.4977	-111.264	1
36.3998	-78.1593	1
-29.6239	-50.9986	50
52.1674	-2.40599	1
2.97404	99.1284	2
40.8481	-8.46797	2
-22.0779	-48.7323	2
37.5755	127.005	2
44.0541	3.9765	1
56.7431	12.7834	1
29.1978	-81.9201	1
41.3292	-74.3538	3
38.3806	-76.9681	1
50.795	-2.61142	2
44.1666	10.1187	1
-1.87743	106.115	1
50.1212	8.63661	35
32.2953	-85.5405	1
-6.99464	-36.7142	1
47.7114	-3.35196	1
2.86791	98.2405	1
-31.7484	-52.3994	1
42.3937	-82.8628	7
36.6866	-121.641	5
-28.6758	-52.1656	2
-37.4731	-73.3523	1
-0.853156	100.37	7
42.7118	-80.0441	2
42.0341	11.839	8
55.9154	38.0113	2
51.9187	19.1348	3
19.2295	-98.8538	1
35.8305	-85.9786	3
33.7532	-112.317	4
41.9065	-87.8552	3
-8.62316	116.523	1
32.3329	-116.929	2
19.2542	-99.1246	12
-26.0158	28.2618	1
33.4123	-86.7165	1
22.2703	-97.9168	7
-20.6364	-44.2754	1
58.5905	49.6388	2
-27.4113	-51.183	1
41.5342	-8.62018	2
-7.89481	112.507	22
48.0795	-4.32464	1
26.2992	-80.0823	4
-6.38408	-47.0995	1
53.3934	-2.91859	28
36.8464	-80.7117	1
52.078	21.0101	8
5.55652	117.855	1
30.5215	-87.0126	4
36.9488	140.911	2
-19.4731	-40.6271	2
53.3401	-1.44537	6
18.5959	-68.7189	2
35.7932	135.645	1
34.057	-117.319	21
28.3663	-81.5614	1
-31.5614	-52.3341	16
40.6369	-3.17216	5
46.5913	-64.9941	2
61.2465	46.8807	1
52.6003	39.6002	8
-23.6839	-46.9469	22
34.4375	35.8334	7
-6.90558	107.626	367
21.5503	39.1846	1
29.1987	-96.27	1
35.0934	136.925	2
43.556	6.79649	4
10.0655	-69.3398	11
40.7188	-76.1898	1
-29.9153	-51.1771	42
-4.25256	-38.2999	1
39.8744	32.7371	11
50.8387	4.36307	1
-7.75668	110.226	9
40.3336	-75.9456	1
37.8223	-85.7682	7
44.2887	11.8835	1
29.5403	-95.0262	2
43.2711	3.30084	1
34.7829	134.849	1
55.9183	-3.26502	4
37.103	-80.4639	1
-22.4258	-47.5502	1
38.8788	-77.407	5
49.8572	3.30689	1
-36.8283	-73.0112	2
45.0011	-86.2707	2
39.8977	-104.85	3
52.3943	6.26724	2
37.981	-84.5311	4
55.3593	86.0516	6
-28.739	-49.3605	3
-7.0949	110.925	1
47.7702	6.99065	1
19.4685	-98.7874	4
50.0443	22.7159	4
29.6393	-95.4293	3
43.3955	6.29457	2
42.3049	-71.4369	1
48.0246	-122.059	4
-10.2392	-48.8529	1
38.9734	-119.889	1
-21.5588	-51.596	1
50.861	5.81868	8
34.7064	135.581	1
41.3076	-85.7094	1
56.0229	92.8964	5
51.1369	39.4036	5
44.8984	-91.9316	1
41.2823	-8.05516	2
6.06092	116.153	6
40.636	-3.51163	1
42.5092	-7.58527	11
44.8451	-93.4596	1
-20.0806	-44.5819	1
-22.5107	-44.0691	2
27.9908	-82.7093	1
41.6108	0.617812	1
30.1594	-95.3041	2
-22.7467	-47.1389	1
41.3766	-83.6433	2
-26.3964	-51.0271	1
41.9383	-93.3898	1
-20.3359	-48.3961	6
4.68252	12.3614	1
56.8105	24.6057	2
-6.32452	107.163	34
53.1302	18.0379	1
39.4752	-8.20275	1
28.9699	-111.498	3
39.7579	-0.21126	29
42.9907	-85.9507	2
35.0861	-80.6972	1
52.2141	-0.877348	1
48.3946	7.44362	5
40.7796	14.7032	1
39.7896	-8.95415	1
10.3662	-67.0863	2
46.2237	7.31808	2
43.796	7.49858	5
41.3458	-84.3618	3
-5.569	-50.0651	2
44.0358	42.8779	1
46.2748	11.4245	1
31.0074	31.3742	1
46.2109	6.99973	1
37.2357	-76.515	3
40.2822	-82.8496	1
60.1975	24.652	1
49.2884	-123.073	5
43.1714	-0.595254	1
-22.1148	-45.0354	1
42.2868	-71.7138	2
34.7161	-92.1916	1
36.1332	-83.4974	1
53.8923	27.422	8
36.5223	-82.7331	1
37.5864	-82.3983	1
-7.81954	109.996	3
-26.4233	-49.1569	9
43.6905	-85.4889	2
36.0138	-114.949	3
45.3914	11.7935	55
-23.6	-48.0418	2
36.5125	-86.0749	1
50.9907	3.56911	1
-30.9286	-51.8289	1
41.1214	-73.3524	3
56.1459	8.81087	3
45.0183	8.63075	2
41.2238	-80.4908	1
37.9159	139.05	23
27.2421	-80.7899	1
5.54366	95.3432	10
33.6963	-117.4	1
-22.3011	-48.5366	2
-19.9225	-50.4065	1
41.1929	-96.1267	4
39.956	-75.2413	15
-29.6334	-50.7686	8
9.65044	-68.5937	1
50.7128	3.21647	3
45.7868	3.11268	1
18.2019	-67.1358	1
-23.1177	-46.8642	23
-23.4057	-51.9683	7
42.1929	-83.1952	5
44.3212	-61.8117	1
39.9313	-86.1973	2
55.7935	12.1521	1
-33.05	-71.6139	2
53.3215	50.0679	10
-23.2969	-45.9737	30
42.6835	-73.1183	1
-29.6877	-49.9908	3
1.32621	124.837	6
51.3587	5.56415	3
54.1937	49.5073	2
51.046	2.84731	1
52.4178	6.74076	5
28.3709	-16.7114	1
38.4532	-121.83	1
22.3024	114.175	3
-21.3646	-46.0058	1
34.4897	-118.189	2
-30.5943	-51.7499	4
52.1938	5.432	10
43.9465	12.4257	2
-2.42837	106.432	5
-0.168886	-78.4688	5
50.7274	-3.52343	3
-22.8589	-43.7678	1
27.6379	-97.2455	3
51.2799	1.09365	3
-8.05312	111.903	3
33.4027	-86.9626	1
-2.19034	-79.8896	30
45.3091	-93.5612	1
34.9272	-77.5983	1
2.80985	-60.6805	2
13.1522	123.755	1
-16.6428	-49.2612	10
52.0231	5.55162	14
38.5508	-121.399	12
-1.41548	-48.4933	14
31.9105	-106.425	4
52.0061	6.02064	29
38.1501	-90.554	1
53.6799	9.37268	18
14.0627	-87.1859	10
-28.3656	-50.9336	1
47.6965	13.3458	1
41.0503	-73.6983	1
38.0402	-78.4849	3
22.2906	73.203	1
33.4434	-112.258	6
-8.54829	115.413	1
-10.8797	-37.1759	3
52.9099	-1.53833	4
52.6688	5.62099	1
50.387	3.78883	1
-8.90076	116.753	2
29.954	-90.0771	3
-22.7106	-47.7944	12
41.2898	-8.38473	5
-22.959	-49.8674	2
-8.18549	-78.9763	1
55.9834	37.2087	3
-23.6456	-47.5761	5
52.5379	5.34582	2
52.7215	-2.48979	2
52.1233	5.18567	14
34.7156	-82.2814	1
55.8647	37.5974	136
53.6197	-6.76999	4
0.37586	117.511	1
-22.3576	-46.958	4
-1.00247	100.443	6
14.8003	120.938	7
45.037	6.82802	1
25.559	-97.5474	3
41.7636	-72.5075	3
40.4385	-99.3754	1
37.6746	-122.1	8
35.4733	-94.2596	1
4.29285	117.889	1
43.856	10.2697	2
2.45016	101.86	1
41.5217	-5.39254	1
44.7553	10.7705	2
44.6996	8.03533	1
57.8651	14.1586	2
42.7363	-93.7162	1
-30.2906	-51.9004	1
35.2709	-119.065	1
-23.5838	-47.408	18
38.6532	0.0390267	1
-33.4027	-70.5792	16
48.4561	135.099	2
48.4448	-123.333	1
48.5617	38.6577	5
44.464	11.8073	1
38.5357	-76.9658	5
-7.27568	-35.9777	19
39.3917	2.76997	11
37.2886	-5.79664	4
37.8334	15.2709	1
-26.4426	-48.7768	2
43.388	-1.68407	1
-19.6897	-42.1507	1
56.1385	40.4177	3
10.1565	-64.6943	2
-27.6364	-52.2459	1
56.4649	84.9419	11
33.588	-79.0377	4
47.6317	-122.154	1
1.35021	103.695	82
-2.2252	-80.9284	1
23.5316	89.1725	1
-1.09774	37.0139	3
51.585	5.06361	11
33.9481	-84.5422	1
-24.1516	-49.8181	1
49.8513	20.2544	4
41.2014	-76.5213	1
1.25545	103.823	95
42.2932	13.9885	1
4.80132	101.057	3
32.7275	-103.163	1
40.2855	-79.546	1
31.8247	-106.588	2
36.4488	-6.20538	2
36.7448	-3.52001	2
37.7914	-3.74254	5
41.3649	-74.0283	2
38.8778	-99.3181	2
37.4045	-79.8957	2
32.6782	-83.1783	2
-7.56924	110.837	35
-7.04882	107.129	2
2.33404	102.459	5
-20.4049	-52.1809	3
43.2365	-86.2565	1
38.3702	-85.7919	1
38.8661	-6.96815	1
33.3528	-84.1212	1
-7.6736	110.623	18
-6.70495	110.85	6
-29.0982	26.1891	1
49.2415	11.0767	1
41.6516	-82.8188	1
34.5406	-117.361	4
36.2901	-80.3553	1
-23.4767	-47.7402	1
38.5458	-77.8033	4
34.0929	-83.7619	1
41.9545	-70.6846	1
33.7839	-117.184	3
54.5977	-5.92651	4
56.2332	43.4697	1
43.4637	-85.9515	1
29.9199	-81.4988	2
5.35612	100.54	28
34.7571	-86.6314	1
37.8635	32.457	1
37.1051	-89.9077	2
52.026	4.18245	14
39.1408	-0.299841	1
38.9568	-3.88315	2
-26.7242	-53.4817	2
52.0625	-2.6987	2
39.801	-8.79559	1
6.46389	100.287	5
43.3952	13.5591	1
-24.6331	-50.4844	1
44.5102	-73.1861	4
37.2692	-119.307	66
-26.3749	25.4619	3
-21.7485	-44.7869	1
4.4856	97.9506	1
54.0018	-6.37182	1
-22.1868	-49.9589	1
-5.39307	102.237	1
53.4084	-1.28614	4
32.5762	-86.6807	1
45.7358	11.8618	2
2.12193	102.479	3
29.6648	-82.4234	4
48.6922	2.30575	5
41.8441	-79.1498	4
53.29	83.6478	1
43.8331	11.6911	1
-13.312	-39.6877	1
43.7672	-79.1975	1
53.207	6.69752	10
55.8578	37.4146	4
-6.09954	106.121	9
19.3343	-97.9228	1
38.2527	-121.3	1
-21.8793	-47.9053	16
-28.7189	-53.5192	4
-21.2741	-50.7091	2
19.2708	-99.6499	8
50.7241	-1.2664	1
33.9542	-118.346	78
39.7626	-85.9734	1
21.1534	-86.8673	6
43.1518	2.87496	1
53.2204	-0.558267	6
51.3996	16.1939	1
49.3422	12.1524	1
-33.9284	18.8334	1
-29.392	-50.9007	4
48.7791	9.17711	3
40.6279	-122.368	1
44.3683	9.31229	5
51.1587	-0.631092	1
37.9695	-7.85798	2
35.2124	136.609	2
42.6192	-87.821	1
35.5974	-82.3932	1
33.2496	-117.152	1
44.669	8.48652	2
41.7597	-88.3011	4
-34.5263	-58.7765	1
51.5207	-0.142822	1451
53.6424	-1.79009	2
36.0922	-29.9585	4
41.542	-88.1411	1
-26.1206	-51.0906	6
37.9423	15.3645	2
40.6892	-7.92529	2
41.4383	-87.7586	1
41.8367	-85.6606	1
36.2329	-115.238	32
42.8703	-78.7474	3
36.3308	-121.232	1
42.2705	-84.9893	1
14.5371	-91.4875	1
18.7969	-97.1651	2
-6.35318	-39.2652	1
53.0402	6.61003	3
-20.3371	-43.3298	3
51.1963	0.742771	1
51.2364	0.192185	1
-34.0744	-70.7116	2
-25.4951	-49.2884	242
36.2904	139.099	1
32.3477	-89.9423	1
50.4517	-104.544	1
54.2853	-1.58658	1
51.272	-0.395409	3
41.5601	-74.1875	1
-22.4343	-47.7169	18
45.0374	41.966	3
53.5784	-6.12108	1
38.932	-77.073	25
-7.61237	112.687	6
17.9779	-76.8734	1
36.5111	-4.87442	1
52.8828	-9.40411	1
-27.4489	-48.4397	3
35.9286	-94.9509	1
-6.09564	106.698	13
48.8938	2.48007	83
35.006	135.741	4
43.6707	7.15032	13
40.7872	-96.6327	1
-34.6885	-58.7068	3
-23.5781	-51.4234	1
37.1183	-92.6837	1
43.6373	-79.6187	2
35.7135	140.218	1
52.478	17.2571	1
-21.2133	-47.818	29
55.6879	12.4884	2
41.4045	-75.6619	1
48.867	2.7781	3
33.5824	-7.64183	6
1.67458	101.416	2
-21.873	-47.4706	1
62.0185	129.707	8
41.2926	-7.72652	3
43.1039	12.3833	1
-10.8818	-37.6668	2
42.6267	-5.61064	3
47.0317	21.1828	7
53.2757	-6.21144	6
41.3361	-4.58616	1
55.0767	61.5533	1
35.5611	-98.2241	3
28.1718	-81.4928	1
-4.45834	-49.1146	2
40.8751	-74.0303	39
23.4681	-106.272	2
1.86117	104.63	12
-12.3487	-46.5503	1
-29.7416	-51.1405	38
-20.1139	-44.9368	3
27.5458	-99.5723	3
34.9837	-80.531	3
52.9402	8.18981	1
-24.4958	-47.8554	5
-8.17299	-35.297	1
51.9501	7.62409	2
40.9608	28.8197	4
4.53189	-75.6402	1
53.6796	30.1826	1
50.4425	-4.95569	3
12.6206	-87.1266	2
-7.67701	109.628	3
-3.89499	115.112	1
-22.4361	-45.3967	8
55.9752	37.4974	2
-27.7689	-48.6676	3
51.299	3.82498	1
50.4951	4.90035	1
37.1204	-8.54475	5
-11.5707	-37.9162	1
48.1509	-122.174	2
52.4128	22.234	1
51.2667	22.8865	5
42.3168	-87.8355	8
25.5196	-103.422	1
-4.12869	120.034	2
49.4982	0.0956691	1
51.0183	2.34338	1
43.2227	-79.7592	2
-4.36208	-38.0899	2
38.7035	-84.9097	1
-7.40441	109.244	11
36.5678	-119.605	2
44.467	11.1997	14
36.7957	-76.0126	2
-29.4497	-55.1328	1
54.1937	37.6289	14
7.09957	125.584	5
-8.74806	-63.8647	3
10.4694	-68.0128	2
42.1653	-71.6325	1
-7.36733	109.729	1
45.6628	9.72953	12
50.026	20.9759	1
32.6258	-96.8232	1
51.1201	20.8765	7
5.39716	100.315	41
42.5207	27.4587	1
25.049	121.513	1
40.9113	-73.784	6
-7.11022	111.571	1
50.6729	4.57014	4
-8.12305	111.024	1
1.72752	98.7992	2
-2.61228	140.668	1
5.8108	100.383	6
51.8874	5.50508	1
40.9312	-98.3068	1
38.2763	140.324	1
35.0494	136.146	3
54.0351	-7.41033	1
-10.1156	-48.1132	3
64.1353	-21.8952	1
-1.27293	-48.4598	43
27.9411	-101.135	1
-29.9006	30.9726	12
42.4753	-70.9565	4
40.4035	-86.8679	1
-25.4221	-52.2358	1
34.8139	-86.9125	1
51.4724	-2.81053	6
45.0538	39.0332	3
35.0826	-106.678	2
-25.553	-48.4967	21
-20.9047	-47.0194	4
47.3209	5.03982	2
51.4016	-0.46125	2
47.2063	-1.50244	1
-3.28051	-79.9397	2
-34.8902	138.674	1
-29.081	-49.6543	1
18.0828	-67.0463	1
39.0801	-94.6008	5
60.1691	24.8011	1
34.0051	130.957	1
-12.124	-60.2921	2
-22.2895	-48.8787	2
54.3179	48.4689	3
39.4224	-0.352546	41
38.9274	-78.1821	1
34.6233	-85.8479	1
45.0728	7.67575	4
39.6169	-104.914	5
54.319	13.0283	1
34.0423	-94.3453	1
-20.2601	-43.7964	2
-8.05548	112.809	1
34.9843	33.9549	1
-29.4693	-54.6294	1
-23.7549	-53.2902	1
30.2978	-97.7533	9
52.193	4.63206	2
6.12308	100.391	6
40.9494	-5.66814	1
51.2517	-0.198239	1
40.8028	-73.3371	8
40.073	-74.7243	10
43.8804	10.8097	3
34.0409	-117.463	8
-8.28728	114.229	1
53.7437	-0.34686	3
19.4495	-155.004	1
-24.6098	-47.4528	1
43.3499	-8.40827	6
49.9655	8.24295	1
41.4153	-87.3559	1
-5.80512	-35.221	59
36.6668	140.136	4
4.68209	-74.0759	29
54.3998	-0.720437	1
41.5405	-8.41098	3
60.9469	76.5621	1
51.1635	10.4541	2
13.5305	100.202	1
47.6728	-117.412	1
-31.2458	-54.066	4
36.6606	-80.9136	1
61.5218	0.00022	5
35.1634	-115.9	9
43.4636	-85.4775	1
24.4964	54.3805	3
45.1678	5.91741	1
34.5486	-78.9058	1
32.3925	-80.6838	1
55.656	37.7517	9
33.8316	35.5434	8
2.39449	111.874	1
34.7544	-77.334	3
-0.869133	121.58	1
41.689	-87.5223	3
-8.98489	-64.5216	5
50.2133	19.007	11
39.64	-4.45989	1
50.4755	4.34585	3
51.2216	22.5635	1
45.5311	8.89318	4
53.4085	-6.27127	27
29.5032	-98.4762	3
53.394	-114.226	3
43.5268	-96.7383	1
53.2977	-3.06855	9
55.7212	37.6037	95
-12.4922	130.979	1
54.0765	-1.58976	1
35.1406	-76.8454	1
35.2426	135.454	2
43.4422	-7.35413	1
50.7782	5.97428	17
48.5303	2.25007	1
31.5213	-85.6612	1
53.044	5.78068	3
38.8954	-94.6792	1
33.5827	-112.169	5
44.6087	-75.7139	1
-19.3419	-40.1093	1
38.4011	27.1238	8
-21.2874	55.4413	1
-4.08207	122.845	1
-22.7604	-43.3144	39
25.9056	-80.1771	10
36.7847	-4.11594	1
54.9306	23.6601	2
-24.1744	-53.0589	1
59.2981	17.9838	14
46.3425	8.01131	1
28.6838	-99.8351	2
25.0756	-77.4226	1
-11.3136	-38.222	1
42.3527	-83.0992	6
46.371	13.3094	2
-1.75216	112.635	7
35.1693	139.643	1
38.9395	141.105	2
54.1933	-8.64507	2
-2.72818	107.631	1
0.898579	-52.0027	1
-27.4315	-48.7294	1
40.7667	-73.9149	27
-5.14383	119.426	81
39.0947	-9.04127	1
48.0459	37.9683	1
55.7481	38.005	2
39.7058	-105.039	1
18.1251	-66.4993	3
51.9285	8.8763	2
38.2753	24.508	182
19.4299	-99.2116	67
19.3287	-99.4658	1
-23.1595	-45.7999	5
50.9419	0.206954	1
43.5604	-73.6381	1
59.919	17.6528	1
36.8687	-2.3737	8
20.4199	-97.3112	1
42.0147	-92.9098	1
40.8124	-73.5775	1
60.9715	25.6661	1
45.8018	10.1081	2
-27.1211	-48.9046	2
21.0981	-101.601	5
2.30121	102.912	1
53.401	-8.30764	1
-25.6576	28.0885	2
43.8942	12.8673	1
30.6221	-88.1596	1
37.1105	-113.543	1
-21.3928	-50.1297	2
-21.2051	-41.8908	2
-23.621	-45.4901	2
41.6717	-93.7896	2
48.2293	16.3281	5
40.1427	-87.5562	1
41.6025	-87.851	1
50.786	16.2979	1
65.5374	72.553	5
-23.54	-46.3466	15
55.7179	13.2202	1
30.5892	31.4801	1
4.17582	73.5053	1
40.9531	29.3925	1
33.5508	-116.129	2
46.5287	6.65208	12
52.3326	0.529435	1
42.7558	-84.5073	9
1.27756	101.851	2
5.58836	116.013	2
49.9179	8.61057	1
-22.3069	-42.4674	1
3.48624	103.39	7
43.0841	-89.4064	5
42.7783	-81.1827	1
39.2263	-94.9099	1
42.7449	-73.6779	1
50.5977	36.5848	1
-22.6133	-43.7186	25
50.8648	-0.116079	4
-22.7373	-42.0436	2
38.0218	-87.3577	1
-22.3352	-47.3295	1
-18.4056	-49.2144	1
44.617	-76.6916	2
47.6967	2.01914	1
44.9868	-73.4405	2
-12.8753	-38.5026	72
51.6684	19.3582	1
41.9589	12.7562	2
51.7614	5.78157	3
5.52689	102.957	3
56.0611	-3.44352	3
42.9906	-7.57063	5
37.4701	126.668	2
5.7133	100.994	1
33.4337	-117.62	2
40.4238	-79.2673	1
38.999	-81.9914	1
35.231	136.962	1
64.5245	39.7407	2
-7.76213	113.437	1
-12.8687	-38.3019	1
38.9629	-76.9224	44
37.8391	-3.4732	1
48.9389	2.21579	13
37.6202	-99.1038	1
-35.4319	-71.6374	1
43.2235	-2.73976	1
39.7666	-86.4413	1
-27.5839	-48.5419	9
21.4387	-157.751	3
43.8996	-91.2409	1
40.7456	13.9312	1
-23.3921	-46.4539	85
32.3311	-106.811	1
60.149	30.2106	2
-19.5537	-42.6053	5
0.348253	-78.1306	1
36.8512	-76.1926	2
40.6449	-112.043	4
-7.88475	110.157	1
41.9912	-92.5835	3
39.5357	-74.644	1
-5.189	122.64	1
51.48	46.1262	2
31.6511	-94.6686	1
-15.4298	28.2782	2
43.3531	-5.88123	9
-25.4912	-50.8622	6
5.94106	116.667	1
37.7703	-122.436	54
40.5665	-74.5944	6
39.2605	-76.486	19
39.9568	0.263752	1
36.5974	-119.441	2
6.40447	5.63178	1
17.9879	-92.8286	6
0.148723	117.473	5
52.8294	1.39688	1
30.7603	-94.9261	1
-7.00899	-35.8802	2
41.8381	12.2676	2
41.6915	-0.927332	5
49.2146	1.79848	1
35.5951	-82.5488	2
2.71563	101.953	47
36.4751	-95.0172	2
44.5872	132.812	1
-7.46479	112.444	2
3.63298	114.533	1
-23.607	-46.7506	265
-22.5841	17.0831	1
20.0115	-99.5117	1
50.006	36.2396	3
24.9517	67.0464	1
32.9666	-96.7654	1
50.2157	21.4842	1
16.9457	121.772	1
34.4706	-79.3426	1
42.1971	-8.77156	9
17.8006	-101.457	1
53.9586	-0.994515	1
27.7247	-97.4127	4
37.8109	-122.245	2
-7.19354	111.402	1
-16.4298	-49.1948	1
37.5856	36.8654	1
-5.47237	-35.8787	5
47.8598	-122.291	4
39.6549	-94.7882	2
61.0466	73.4479	3
21.0017	-89.5742	10
50.6293	2.73713	1
-21.8308	-41.2715	1
-20.7205	-46.6124	1
29.8738	-97.6662	1
-32.2122	-52.378	5
39.5583	-76.8309	1
41.1621	-8.62191	18
35.9264	-115.089	7
-23.6828	-46.5955	835
42.2937	-5.54685	1
38.0533	-97.9275	1
43.6009	78.2528	3
35.6895	139.692	20
54.5359	52.8014	1
44.2838	0.24769	1
46.0656	-0.321107	1
0.371094	32.6401	4
43.4782	-80.5283	6
32.6669	-97.3838	7
36.6259	-121.832	1
-14.5043	-56.8506	3
40.8717	-4.48723	1
43.3997	10.8917	7
46.8415	-71.3703	1
6.09406	102.275	8
3.35359	101.253	22
1.22835	110.697	1
-29.8703	-71.2488	4
49.3518	20.006	1
-28.9375	-49.4704	1
39.9132	-83.1495	1
41.1023	-8.47804	2
36.0018	-78.9011	1
34.1812	-86.1277	1
0.830694	104.072	5
39.4277	-76.6187	4
49.2535	4.05493	3
53.587	-2.25784	7
51.1357	23.4886	7
-23.5339	-47.0999	6
34.6167	-98.648	1
32.8995	-80.7065	1
43.6777	13.2102	3
45.4595	-73.8662	2
43.2607	-79.9135	2
3.82881	103.217	24
46.8456	16.7685	2
42.3753	-87.9664	2
-19.8911	-44.0839	103
49.3342	6.06405	20
-22.4209	-43.917	1
-11.9689	-77.0673	23
10.7809	122.538	1
44.8638	-0.586176	10
42.6371	-73.7846	1
-28.71	-55.8067	4
36.3149	-119.332	3
43.3678	-86.1773	1
-6.56218	106.771	85
28.6284	-81.3204	2
37.5816	-122.326	12
38.055	-121.001	1
49.9975	8.819	2
54.0034	-0.430562	5
-21.1309	-42.3602	1
-29.4873	-49.9616	1
-22.1609	-54.8613	5
40.6062	-0.0817124	1
48.0999	14.8532	1
26.9268	-80.1183	1
52.7393	-1.14114	7
18.976	72.8186	1
39.4159	-81.4477	1
13.6847	-89.2969	11
36.3061	-109.213	1
59.9724	10.7215	1
-21.9084	-49.8916	1
14.2081	121.116	1
49.6229	6.5874	1
43.2379	13.6337	3
32.4437	-81.7724	4
42.8844	12.3635	1
34.136	35.6436	2
-16.6161	-43.9388	4
50.4689	3.08111	1
54.9588	73.4725	1
0.41532	9.44645	1
-25.3706	-51.5523	1
54.9179	-1.51894	9
45.3231	9.36708	7
15.9077	120.585	1
35.5261	-90.4341	1
3.89572	103.077	6
52.2252	6.00087	3
41.585	9.26626	1
43.1056	-76.2108	12
37.0918	-89.5447	1
-7.82869	112.02	5
10.3421	-84.4342	1
41.3857	-81.6302	9
29.4416	-96.9457	1
48.6628	2.57576	2
-23.1295	-46.5728	2
34.9939	-81.2417	1
35.2468	-97.3625	1
-1.10699	36.6346	1
0.0	0.0	96
-6.56158	107.758	2
19.1714	-100.113	1
40.5881	-75.4487	2
39.0191	-122.055	1
-5.06421	105.537	1
37.5054	14.8045	1
53.0097	6.07356	2
43.6251	1.33179	3
50.8121	20.3359	1
52.5533	5.93609	1
33.8767	-118.215	18
-34.8471	-56.1714	1
43.827	10.6187	1
50.2478	3.92045	1
36.0354	-115.299	2
-23.4194	-50.881	2
44.014	-116.961	1
34.1228	-114.302	2
45.5434	-122.389	2
47.9424	21.7009	1
-27.0077	-48.6232	9
51.204	16.1524	1
-0.789275	113.921	8
43.0442	141.367	2
-3.0098	-55.1949	7
41.2382	-76.7118	1
49.052	2.04281	1
25.441	-108.063	1
1.64526	103.594	18
56.4126	-3.44786	1
25.0343	-101.167	2
6.86925	79.9206	1
53.5879	15.5522	3
1.93157	102.764	2
-4.42727	-38.8546	2
-7.75501	112.185	2
34.4149	-119.859	2
42.3084	-1.98189	2
51.6299	-0.76511	3
50.5839	17.8031	5
35.4063	-119.132	2
5.03004	-73.9948	1
29.8606	-95.5061	7
39.1223	-76.7388	10
10.2088	-67.5922	8
38.7435	-9.16	25
44.0266	-88.5552	2
0.52698	117.527	1
38.687	-121.783	1
33.3314	131.491	1
-8.42832	115.307	4
51.1492	-2.72307	7
30.8373	-88.1097	2
-24.4443	-53.5732	1
39.0512	-74.843	1
5.52149	100.434	3
57.2262	-2.77727	1
52.573	-1.547	2
40.4826	-111.886	2
18.2621	-66.8485	2
49.0109	2.35625	1
46.5192	-118.124	2
55.615	12.9828	1
45.9125	6.136	1
-33.513	151.316	1
50.5929	137.044	1
-8.57852	116.144	7
37.9999	-87.6498	1
-20.5083	-54.5988	8
55.5228	37.3327	7
55.9511	-4.84349	3
-3.21785	104.656	4
52.6017	-0.255211	1
-21.109	-42.956	2
-26.0593	28.0888	2
18.6391	-91.8271	1
54.748	56.024	47
-33.4143	149.613	1
3.89111	102.602	1
-0.0577484	109.34	9
39.2167	-0.497709	3
42.7466	-75.77	2
42.2865	-82.0927	1
-1.02234	122.783	1
39.4765	-6.33576	1
41.7104	-71.5243	1
-22.2823	-41.9777	2
-22.9923	-43.2569	31
39.8428	-76.8338	1
45.5912	8.01539	1
41.9993	-80.3162	31
21.8092	-72.2933	1
63.3443	13.4725	1
52.7833	0.437848	1
18.9178	-100.301	1
35.9455	-78.0412	1
28.0543	-82.4396	4
-24.9703	-53.4972	13
64.5713	40.522	3
-1.83476	105.694	1
42.3358	-122.874	6
50.0799	45.3835	1
13.3517	74.7842	1
39.6404	-79.9378	1
-24.5935	-50.9566	1
42.0677	12.6213	1
-22.737	-42.5939	1
31.6648	-7.99449	2
47.1951	-122.466	1
-29.3289	-49.8051	3
28.9702	-95.9452	1
38.0677	15.6676	1
36.194	-5.92465	1
49.0835	-123.074	1
8.55041	-71.2355	1
55.4359	65.2991	1
38.8435	-0.114126	1
56.4827	-2.73605	1
0.360225	108.96	1
51.5485	0.64729	1
43.4696	-70.4397	1
18.1456	-94.4435	3
51.8039	55.1908	1
55.6595	37.4108	12
51.5387	19.9821	1
20.7153	-100.441	7
50.6883	7.08859	1
43.2606	-100.829	1
51.2801	-1.07033	2
53.7969	-2.71378	8
-31.3141	24.1216	1
53.5159	-1.17467	3
-6.71811	107.433	1
32.8246	-117.109	4
27.9892	77.3558	1
-20.8756	-54.2616	18
29.3937	-94.9947	1
-4.91336	105.211	1
-11.772	-55.4066	1
39.8973	-79.7244	1
-35.0095	138.54	1
53.1772	48.5103	1
19.6468	-99.2192	4
-6.28169	-38.1587	1
42.2287	-96.4504	1
41.9392	-79.55	2
42.3144	-70.9703	16
52.5784	21.5055	1
34.9473	-88.4654	1
52.3342	-6.46105	1
45.6767	13.7834	1
-19.4679	-44.2477	8
11.019	-74.8117	7
43.9138	-79.0283	5
34.0037	-117.065	1
54.7097	-1.23058	4
37.7876	14.5897	1
9.52456	123.136	1
-5.10117	-37.8857	2
40.8585	-96.7653	1
-30.2914	153.135	1
54.2745	-8.51221	1
39.078	-77.0046	4
-23.9555	-46.5075	53
-27.9931	-54.2949	1
45.364	-92.9962	2
-6.74508	111.155	2
40.4778	-3.70352	102
0.018846	-51.0825	36
44.6545	-76.3607	1
45.512	10.3282	1
-29.706	-51.507	3
41.684	12.6895	2
-35.1601	147.504	1
41.5124	-87.6356	5
25.9105	-97.4005	2
55.5325	28.6589	1
38.8374	-104.789	3
55.6705	37.2691	1
48.8895	8.69866	3
29.4437	-98.711	9
45.9395	9.16727	2
-29.2451	-51.5858	2
41.9606	-87.649	8
33.9616	-116.545	2
51.5077	7.47031	1
8.23658	-81.6611	1
60.6602	17.0263	1
56.0589	54.2785	2
31.1689	-100.077	9
38.4773	-77.4472	3
47.2765	12.7712	4
52.0698	4.32258	5
27.6027	-82.642	1
38.9293	-1.90194	2
-22.0668	-42.9237	5
-33.8237	18.4845	1
57.4487	12.0476	1
51.0097	5.83185	3
51.771	19.1477	2
-22.5806	-45.8213	4
3.33025	101.54	18
34.0228	-118.487	3
8.40615	-82.427	3
54.7042	20.472	5
42.6593	-8.11129	4
19.402	-99.0453	11
4.43242	101.218	4
41.3941	2.1393	86
5.37991	-3.96588	3
52.8427	5.7961	1
40.7405	14.5641	18
40.7352	31.5926	1
41.4529	-4.86535	1
48.7081	21.2608	1
51.5051	4.2956	2
42.6104	-83.3391	9
1.67435	98.9433	2
43.97	4.89811	3
30.0814	-94.1291	1
5.00283	118.358	1
48.4288	35.0398	3
-33.9557	25.5882	1
54.782	31.998	3
54.4254	18.4808	1
53.1682	15.4249	1
33.1123	-96.1089	1
34.2585	-6.58228	6
41.0253	40.504	1
48.6475	44.3981	4
53.1673	-2.36386	2
41.55	2.21084	3
13.9121	100.508	1
-7.89798	110.363	148
-6.07925	-35.3013	3
42.5219	-76.473	2
-26.8143	-49.2703	3
51.0695	3.42834	1
33.6245	-80.9266	2
38.2326	-122.033	1
36.8173	-76.3821	2
34.0203	-6.83744	5
42.5199	-4.00561	2
28.1858	-81.3023	1
-32.8771	-71.2544	2
-26.7559	-53.1977	1
18.4815	-69.9429	7
-7.34404	112.722	197
36.3773	-84.2475	1
45.006	0.0081815	1
-19.1468	-44.9291	5
-41.4707	-72.9381	1
19.5421	-96.8861	5
36.2215	36.1371	1
36.7075	-4.4354	5
7.7036	-72.3528	3
44.1263	12.0622	1
46.9133	142.76	1
-8.43046	-36.7454	4
-3.11937	-59.9857	56
-2.43551	-54.7666	6
-2.55693	112.962	1
-7.63351	108.621	1
29.81	-95.7655	2
33.7491	-84.6918	2
33.3022	-86.3369	2
35.002	135.949	2
43.2038	-3.93088	6
51.1026	0.398353	1
-29.8907	-50.9563	5
42.7689	-78.8539	2
2.05563	102.606	8
51.4817	-3.1705	2
40.1306	-82.1618	1
55.8375	12.4874	1
-5.47137	105.278	8
-12.691	-38.3356	1
54.5363	36.2486	2
-23.2365	-51.7305	2
1.15244	104.038	5
-6.43778	105.939	5
50.4734	2.66216	4
-7.59244	110.432	5
38.533	-121.977	1
-5.77547	-37.5882	5
32.5791	131.512	1
41.4087	-8.50005	1
-27.1854	-49.6228	1
34.522	-82.9015	3
50.4791	4.14984	2
40.3653	-82.6694	4
33.7456	-118.03	16
53.7772	-6.50041	1
-23.147	-49.9738	3
42.8158	-1.6496	3
43.1396	-80.2965	2
52.4179	-4.05949	1
53.747	-0.816283	1
41.2878	-2.16949	2
39.1363	-84.5404	9
-22.6586	14.5389	1
6.59306	3.3301	3
-2.56571	140.512	1
40.4096	-3.36426	14
41.6327	-73.936	4
50.9025	6.04256	68
51.6343	4.93047	2
52.2233	6.86858	6
-38.3852	142.499	1
53.8096	87.2221	2
29.7838	-95.3593	1
-21.2637	-50.3531	3
39.4788	-79.0433	1
11.9572	-85.9922	1
46.5338	-80.9507	2
-27.459	153.023	1
-29.7707	30.8271	1
-10.1713	-48.3191	3
43.5972	-84.7703	2
51.8908	-8.49358	1
14.5711	121.174	8
-3.14081	-58.4455	3
19.4362	-103.48	1
36.0564	-76.6547	1
-30.2041	-50.8677	6
13.7855	100.627	5
49.7758	19.9994	1
45.0221	-93.2707	7
60.7534	15.8205	2
6.44363	3.34297	1
-23.3032	-48.0449	1
46.1726	9.86575	1
55.818	-4.01194	2
53.0021	-2.28031	9
31.0707	-81.4049	1
30.0362	-97.8179	2
43.2141	-8.29132	1
44.1593	4.09442	1
42.5295	14.0704	1
52.4922	-2.1019	53
17.3421	-99.364	2
41.8335	-87.7319	51
39.4622	-77.9679	6
52.443	-1.47366	1
20.0429	99.8867	7
10.6391	122.96	2
-29.7791	-55.791	1
-1.64914	103.617	24
46.9082	18.9807	1
41.0484	28.9867	11
37.7242	-89.2121	1
9.92377	-84.1088	12
43.1534	-8.48066	1
6.01958	102.071	2
1.51839	103.693	6
35.7185	-81.4664	1
37.2968	-121.817	7
37.6529	-120.991	4
53.0587	-2.96594	1
-26.1095	27.8582	1
-23.2816	-51.4158	2
-40.3339	175.606	1
12.8707	74.8448	1
-32.1947	-52.8591	1
36.3422	-88.8524	1
45.5857	3.12843	1
50.4074	36.9101	2
-0.539556	117.283	6
43.8587	10.4683	1
-17.7233	31.1478	1
-14.8623	-39.353	10
38.1365	-1.20244	1
-32.3595	115.763	1
3.04324	101.517	192
55.5558	37.5863	6
44.1454	-120.583	2
59.438	40.1646	1
56.3584	44.0692	3
43.4646	-3.82615	3
41.0525	0.906135	1
39.7379	-86.1518	2
54.1924	19.4337	1
-23.2514	-47.0591	5
50.7887	-0.683757	1
56.8423	62.7206	2
-6.7114	107.001	1
53.7142	48.024	1
38.2144	-85.7201	4
33.7093	-111.918	1
-3.49101	-39.5741	1
39.8159	-82.7159	1
52.3806	4.88293	6
-26.2485	-49.9051	2
-1.74911	102.839	2
39.6143	-0.308381	2
51.3241	-1.92567	1
-27.2447	-48.6992	3
38.699	-3.76826	1
13.5112	144.806	1
32.6555	-115.432	1
3.23187	101.386	11
55.8869	36.7381	1
-27.3972	-51.5977	2
24.6748	46.7093	1
20.8759	-156.479	1
37.6075	-97.4062	2
52.4949	-1.88127	21
57.2578	24.415	3
27.6423	-80.504	2
49.1846	-0.372109	3
-5.21107	-40.6755	1
26.1496	-80.3101	10
53.1077	49.9535	7
51.5416	0.00272605	13
35.789	-5.81352	2
-15.8088	-54.2038	1
-19.6019	-40.7725	1
49.1994	-122.913	78
44.1647	-93.9998	2
45.6991	-122.647	4
-7.32409	108.229	3
33.9327	-83.3625	2
-22.916	-43.4474	186
39.3495	16.2421	2
38.2365	-0.646418	2
-4.06767	-40.9618	1
-0.927575	119.862	6
37.5538	-77.6744	1
42.5654	20.9269	2
-28.7303	-51.6044	3
52.3332	5.615	1
42.3433	-7.90485	1
0.463948	101.453	11
33.8431	-112.102	1
52.354	-1.2866	2
30.2778	-81.387	1
1.39262	103.899	72
41.2683	-87.2984	1
55.2989	-4.83465	1
45.5097	6.66798	1
53.7357	-2.34708	2
29.3675	-98.522	36
-7.60949	-43.03	1
41.7211	-81.2039	2
57.6508	39.8704	3
39.625	-86.3107	1
-22.3872	-43.1873	1
-5.62487	-37.8661	2
51.7311	36.1419	2
51.9331	5.715	1
51.7471	-0.224794	7
-6.98563	109.159	2
33.8043	-117.892	15
40.2161	-74.7742	4
-23.6566	-49.7803	2
34.0609	-4.97544	2
-9.94966	-67.8349	4
39.0221	-76.5973	1
-0.466425	117.154	11
51.4498	6.70563	2
54.361	-6.41453	1
28.0671	-97.4966	1
36.1133	-5.48741	2
51.6198	4.7406	4
35.3816	-101.506	1
36.6387	-120.626	2
38.0386	23.6837	6
-23.9278	-52.3169	2
36.8093	-119.757	8
-2.58642	115.384	1
49.7556	0.368052	4
31.3027	121.529	1
43.0335	-78.7969	3
9.04975	-79.471	16
36.183	-115.05	15
42.0986	-79.3412	1
-42.9006	147.328	2
2.50685	102.834	2
42.9261	-88.061	1
37.8488	27.8445	1
53.9	27.5667	8
43.5766	-116.211	4
39.4162	-0.788652	1
36.7383	-108.353	1
49.1839	-2.10619	1
38.5734	-85.1798	1
20.1789	-98.0445	1
44.7833	4.83324	1
51.4736	5.6531	8
-3.13547	-58.7839	3
32.8629	-96.9614	3
-1.44517	-48.6382	1
38.1022	-86.2759	5
44.3992	-122.702	1
32.3444	-94.3508	1
29.4915	-98.312	2
41.0356	-75.3298	2
-7.66955	112.9	2
15.6428	-91.9848	1
42.2198	-83.4838	1
40.5223	17.5674	1
4.15635	101.3	1
40.5097	-3.91632	5
39.2524	-86.4177	1
23.6914	-166.6	2
37.7351	-88.9357	1
40.1327	-86.0137	1
57.4093	21.5963	1
39.7419	-75.6902	2
-31.4082	-64.4868	1
51.9037	-9.03369	10
44.201	0.62755	2
57.4572	33.6629	1
39.7299	-75.5295	4
44.781	-93.2317	3
8.06801	-63.5555	2
52.1892	-1.48013	2
37.2461	-8.19459	1
-20.4274	-40.3758	3
55.8368	-4.26463	11
20.6767	-103.337	10
38.691	-1.42896	1
43.5104	-79.8199	6
-27.2766	-51.6758	1
-7.27382	108.454	1
44.84	-92.9506	1
-9.53333	-35.6873	14
41.0078	29.1263	2
33.4191	-82.405	1
36.7967	-4.68937	3
13.3409	-88.4147	1
-25.2239	-50.6319	1
42.5236	-83.5121	4
42.4276	-85.4411	1
49.2985	6.20288	1
43.7807	11.2448	9
18.5208	-88.327	2
-26.1568	-52.6728	13
54.1479	45.2109	1
51.808	-0.741476	1
21.8495	-102.327	14
41.3682	33.7655	1
41.3551	-73.5961	3
53.1463	-3.74294	2
8.95257	-75.4464	7
52.0182	4.7085	4
56.865	35.9106	1
38.6492	-6.64593	1
55.5785	37.9224	3
51.3551	-0.0803756	4
39.1696	-76.604	8
41.2808	-81.7799	1
33.4916	-112.022	24
-21.2527	-48.3317	11
43.855	144.463	1
20.5365	-97.4475	2
47.1034	-122.267	2
51.5034	-3.58893	1
39.1282	-75.6131	2
-34.9752	-71.2271	8
35.8753	-86.3617	2
-20.8472	-41.1389	1
47.2994	9.62963	8
52.061	4.4828	6
31.7897	-115.229	1
5.85564	118.109	6
35.2994	-97.5148	1
0.484728	34.9991	1
43.1168	-79.3299	2
-25.7507	28.2364	5
52.7069	-1.98265	2
41.0136	-76.4479	1
37.3841	140.105	1
22.3111	-100.956	2
27.2665	-82.5565	1
-9.99076	-67.4265	1
-19.6295	-44.0563	1
-20.4597	-46.0594	1
-18.8617	-41.9525	3
46.0777	18.2504	2
-27.1111	-52.6609	3
29.1909	-94.981	1
35.9948	129.387	1
39.6716	-104.783	1
53.9318	-0.766809	1
37.8476	-4.67425	9
-23.7363	-52.5974	1
45.3091	12.0005	1
-6.49044	-36.3411	1
52.1617	22.2758	4
1.02688	97.7678	1
43.268	132.065	1
18.8825	-96.9263	1
-7.12668	107.425	2
9.86282	-83.9106	1
43.7773	-79.6551	1
36.1905	-119.824	4
49.6267	0.770682	1
-14.2393	-53.1848	26
28.555	77.2028	4
35.6085	140.115	1
44.8061	11.67	1
51.3927	6.14933	2
-26.8549	-58.3088	1
41.521	-72.8357	4
53.391	-2.1197	26
56.2771	44.7651	1
36.3534	-82.21	1
51.463	-0.300524	5
51.5008	16.0882	1
-29.2155	-51.9275	27
0.913554	108.984	1
55.1559	61.3679	13
40.0076	-3.69751	3
-25.4596	-49.528	16
31.7926	-106.302	1
34.318	-80.0904	1
60.3192	24.9696	3
53.6141	55.9453	1
32.0376	-111.271	1
-1.71186	113.698	4
23.6254	-102.558	1
-21.9575	-50.5321	3
41.9955	-4.56808	5
41.1552	-87.8597	2
-6.32813	108.321	1
-7.16065	107.955	2
56.8767	53.1966	12
46.0232	-1.38466	1
-35.0062	138.776	1
48.1169	13.8704	1
40.4148	-75.6111	1
38.8186	-76.891	2
6.02962	102.403	1
-7.95184	-40.2153	15
36.6168	-88.3255	2
53.0774	-0.63651	2
50.2042	17.8307	1
4.30213	113.992	1
-15.7964	-47.9422	12
51.7193	94.4305	1
-30.377	-55.1591	1
-17.4297	-39.8367	1
42.8905	-70.8734	1
-3.0586	-40.1406	1
49.3967	6.98621	6
40.9998	-95.806	1
52.8471	-2.29813	4
44.3746	-100.349	1
49.0555	-1.44499	2
-6.99891	110.446	58
41.3731	-71.8032	3
-5.57901	-39.4606	1
52.4059	30.9423	2
-6.18842	107.348	11
49.3598	1.79644	2
51.3146	9.45975	1
55.7844	-2.01841	1
35.066	-106.502	5
42.4426	-83.2742	50
-25.4665	-49.0602	3
45.7323	4.86406	14
44.8545	-92.6199	1
20.1171	-98.7431	6
28.6123	-17.9072	2
-5.18412	-80.6438	1
35.6425	129.35	1
33.7148	-85.8526	1
-23.6661	-46.4412	69
44.9177	8.20244	1
57.1454	-2.10232	3
41.3622	1.4371	5
42.4029	-88.3562	1
-7.14941	-34.882	48
-26.8728	-49.1096	19
-25.3137	-57.6094	2
35.475	-77.2601	1
53.1958	45.0387	9
58.5534	31.2773	3
-20.3075	-40.4704	1
54.9389	-7.20699	1
46.2171	-1.0127	2
53.8169	10.3664	1
40.3938	-74.1777	2
43.8843	8.02086	1
-22.5778	-50.4376	2
41.7625	-91.48	4
50.6486	13.4525	1
-32.5802	152.155	1
38.6637	-78.4605	3
43.3161	-3.09129	13
40.886	-8.60967	2
44.2333	8.32421	1
20.3296	-97.8959	9
32.5694	-85.5144	3
56.4652	-2.96344	2
-23.2842	-51.2562	3
-21.2364	-45.2338	1
40.3009	-3.73084	6
35.5719	-97.676	3
40.3483	-94.8538	1
53.0947	6.42258	1
48.2491	7.52806	1
29.6607	-95.2287	4
41.0843	-81.513	7
41.6566	-83.5743	3
51.6355	38.9364	4
28.5001	-81.1395	1
46.1541	5.14483	1
39.8044	19.8336	1
-8.9356	-36.4725	2
-6.74538	-38.2186	4
-6.84663	107.925	1
-28.2499	-54.3217	2
51.4708	-2.617	26
-22.5918	-47.3616	4
40.5492	-87.2082	1
53.391	-2.64106	9
-6.44057	107.052	10
28.463	-16.2626	2
50.0463	20.0057	5
34.1201	-117.882	17
41.5961	-4.13128	1
-30.3045	-52.3667	1
44.105	-79.4658	3
41.226	-84.2662	1
51.8735	0.24286	3
32.215	-98.2162	1
-29.5919	-51.3723	13
39.0099	-94.843	3
30.1419	-106.881	1
-20.1957	-44.7117	1
57.4232	25.9003	2
-37.818	144.968	5
18.504	73.873	3
2.82017	101.443	2
39.6617	-80.8561	1
30.1565	-115.58	3
38.6484	-8.51836	1
-22.7484	-47.5033	7
53.7662	-3.02517	2
50.9404	0.366004	1
41.1687	-112.046	1
4.79811	6.99258	1
42.5378	-92.4473	1
4.64226	114.401	1
-7.32762	109.588	2
43.6188	-81.5411	2
47.2652	11.3986	1
35.3681	136.519	1
52.0828	-0.739571	2
45.4477	-98.969	1
51.4272	7.33482	3
44.315	11.356	1
41.2489	-82.5232	2
55.574	42.0314	2
48.7505	1.92924	1
-22.3282	-49.0572	15
50.5289	2.8929	3
50.5032	5.22641	1
39.98	-0.0503112	18
36.1434	-97.0826	2
51.8139	-1.29479	4
4.54976	-74.2404	1
45.4539	-122.774	3
51.566	0.185657	6
52.576	-1.16182	2
18.3339	-66.0756	6
-20.7841	-42.2826	1
-30.0997	-51.1593	194
41.7772	12.4402	6
60.4797	25.1039	4
44.9766	9.82742	3
39.8113	-84.2022	1
32.3959	-84.8227	2
51.0768	13.7725	1
51.4636	-1.00952	10
54.661	39.7144	5
45.5566	-73.5676	1
-23.8963	-48.8749	1
41.1252	1.26876	1
42.5999	-2.81228	1
19.679	-99.0314	5
-21.708	-43.4227	9
56.6696	23.7579	1
40.3714	-80.712	2
42.4516	-83.945	1
-29.1925	-54.8575	3
39.9632	-4.83169	1
-22.9976	-50.0858	1
28.0217	-80.7227	2
51.5264	45.9785	8
40.0534	-95.2028	1
4.89089	114.886	5
39.1059	-93.1953	1
54.3609	18.6908	3
-29.7174	31.0337	1
54.2384	-0.421442	1
-20.5973	-40.5401	4
-6.82355	107.14	4
37.93	15.8681	1
47.4371	21.3803	3
43.3079	-2.38473	2
-27.0529	-52.9701	1
30.165	-95.5103	1
48.5693	7.76221	6
-1.26089	116.901	11
45.5341	9.59091	2
-9.71929	-35.9061	1
21.0487	-87.0317	3
-7.20109	109.022	1
39.0465	-87.4097	1
31.3676	-109.691	1
34.7066	137.742	2
-7.2529	-39.4228	2
42.9656	-81.2536	2
-22.308	-54.7785	1
55.6081	-4.68082	1
48.0802	39.3565	1
45.1751	-72.7785	1
-8.36213	114.641	1
49.4321	2.08653	1
-23.8633	-46.2901	81
3.60956	98.4328	4
48.1549	11.5418	4
3.94543	109.455	1
52.307	104.253	2
-29.0929	-51.4637	23
-23.086	-45.5067	24
-3.68082	-79.6827	1
41.0913	-84.9825	3
-29.7528	-53.8242	8
60.3592	5.42348	1
52.0508	113.401	2
42.7084	-71.4438	1
34.1583	-119.162	5
45.6432	25.6249	1
30.0608	140.596	6
34.7739	-92.3611	3
44.9008	-89.5695	2
47.4549	-0.52491	1
42.3871	13.4136	4
49.4549	-2.54558	5
-23.195	-50.639	1
54.3714	60.6892	1
61.6319	23.8303	1
45.552	-73.7359	5
41.0593	-80.6289	5
17.6237	-94.3846	1
-20.3679	-48.9863	1
40.4664	-80.0284	8
38.7019	-6.41853	1
-20.0211	-46.3742	1
47.1168	17.6673	2
-3.64357	-41.0183	1
-0.587732	111.388	24
4.19791	100.705	7
42.3933	-71.0992	9
41.583	2.0064	10
53.4569	-2.35846	17
50.362	3.51427	1
38.9103	1.42366	5
52.3851	-2.27787	4
36.0697	-119.316	1
54.2287	-7.07374	2
37.7069	-84.3176	1
32.1871	-82.5925	1
-16.0891	-44.1033	1
51.917	4.47593	18
53.206	5.97229	4
41.0786	-81.7504	3
33.829	-116.493	1
-2.63132	-56.7364	1
-8.0436	-34.9394	67
37.8214	28.2501	1
36.3336	-78.4403	1
-9.12833	-70.3057	1
-6.29732	106.113	3
18.9321	-99.1916	2
38.6574	-121.002	1
-36.7374	-71.0353	192
-20.0759	-43.8929	11
-20.5187	-48.6196	2
51.2542	-2.2163	1
-21.1302	-48.955	2
-5.40065	-47.5474	5
34.4217	135.578	1
33.8906	-117.293	1
52.2562	18.2626	3
39.9367	116.451	1
37.1812	-7.37344	2
-22.7449	-42.2907	1
-15.4552	-55.8425	8
40.9691	-111.891	2
5.23036	97.0331	1
39.8575	-75.0985	1
36.4199	-82.0676	1
41.3801	-73.3756	2
37.6884	-75.6632	2
45.6054	-62.6735	2
50.3881	-4.11457	4
32.5171	-92.7167	1
-26.2617	-48.9665	40
28.2478	-17.14	3
39.73	37.0395	1
46.4429	4.11139	1
25.8364	-98.3625	7
-1.51817	110.461	4
37.983	-122.08	1
38.5675	-92.1695	1
56.8949	23.8435	2
33.3754	-82.0668	1
19.1182	72.8948	1
35.2118	-118.841	1
-6.39189	107.299	6
30.2036	-85.6033	4
48.0809	-3.07886	1
41.2743	-82.8482	1
-7.83643	110.923	2
43.1998	6.00046	1
5.20376	96.6594	2
33.7458	-118.29	8
34.5056	-90.1939	1
14.6732	120.55	1
50.8182	-1.09673	6
51.5215	6.92255	5
53.1638	-2.73732	2
39.5148	-104.806	1
-8.1851	-36.0151	3
52.6316	5.07012	1
52.9539	-1.1665	9
34.5623	-83.5359	1
59.366	28.1106	3
35.3238	-78.6532	1
-22.9195	-43.0731	17
40.0887	-75.3064	2
-7.32732	110.497	5
47.1946	18.4412	3
-33.6082	-71.6077	1
-23.4478	-46.6121	26
43.0681	-87.888	12
30.4602	-91.1116	2
37.1871	-3.60181	13
-26.8211	-52.9771	1
43.5733	3.81762	1
29.1145	-98.4322	1
54.1125	-126.558	1
28.9316	-81.3003	1
-21.1872	-45.4382	1
49.0739	2.78598	1
12.1285	-86.2648	4
36.7297	-120.072	2
1.00185	116.394	19
59.2268	39.8381	3
-11.0019	-37.1007	18
38.1755	15.55	1
30.1486	-97.6564	3
29.7039	-95.639	6
-34.6433	-58.5635	6
36.7613	-2.61121	3
50.9502	-2.51629	1
37.9834	-1.12989	20
34.8876	-120.361	3
40.5916	-74.3147	13
45.4985	-94.2012	4
38.5308	-0.157648	1
46.3326	2.57916	1
38.097	-0.795556	6
52.6373	4.75456	7
-19.7278	-43.8514	3
-8.63314	115.245	80
30.9373	-91.4009	1
43.3918	-80.3071	1
26.1265	-80.142	1
38.7477	-4.02455	1
21.4953	-158.071	1
33.9548	35.6721	3
47.2611	39.628	17
33.7678	-84.4181	5
40.7313	-74.1821	9
-16.4024	-41.0586	1
53.1089	-0.922045	2
-24.4399	-50.7457	1
38.4779	-0.77089	1
60.5966	24.8374	2
56.5736	-2.60397	2
57.1515	24.8771	1
44.2597	4.19589	1
37.4793	-121.934	6
38.5774	-90.5896	2
18.8986	-98.4445	1
39.983	-82.9772	4
2.46447	99.1466	2
26.1378	-97.643	1
14.4081	120.935	9
49.6105	20.7044	1
40.778	29.9916	2
49.8397	24.0297	2
34.3966	-118.547	2
52.7384	39.2486	1
-21.5005	-48.0285	1
-11.0382	-37.3178	1
45.4434	8.61637	1
53.3942	-7.70814	2
55.1254	73.3788	3
-28.9801	-51.5664	1
52.6022	12.3452	1
29.1379	-80.9845	2
46.1144	13.12	1
51.3308	5.97766	4
-7.68905	111.454	10
-23.3804	-46.3128	3
-0.42274	116.984	2
41.7776	-2.3213	9
-13.3766	-41.358	2
-1.99644	-54.068	1
45.011	-0.608399	1
33.7998	-116.972	1
3.14845	101.705	490
-34.64	-58.403	2
46.4419	-93.3613	1
45.6628	-93.9142	2
-11.3217	-41.8392	1
46.1005	3.94505	1
18.1163	-66.1405	1
42.7186	12.1389	1
33.3141	-111.986	15
-3.85328	122.052	1
52.2604	-113.768	1
10.6078	-71.6471	3
32.2756	-107.764	1
34.4026	132.479	1
-15.7763	-47.7966	135
44.6994	10.6322	1
59.7552	18.6935	1
39.4923	-77.3415	4
49.6079	6.1358	1
-22.8871	-45.4893	3
39.1843	-77.2337	5
-22.866	-47.7365	2
45.0432	11.8111	6
56.3486	30.4984	1
36.9865	-120.628	1
43.6785	10.4741	1
19.6014	-90.3361	15
-23.1018	-54.0488	8
1.47326	124.871	11
-26.7888	-50.999	2
41.065	-85.1273	2
52.3056	6.51773	2
30.1948	31.4621	2
42.851	-2.65087	2
34.4009	-118.078	1
-4.67227	-37.6746	1
-19.8995	-43.9024	7
14.2724	-89.8147	2
-6.97905	111.493	1
35.4472	136.782	1
24.3993	54.4977	1
53.5203	49.4315	1
40.6227	-79.7332	1
37.2633	-80.1609	2
55.4028	-1.74111	1
49.4117	1.04164	7
26.226	-98.2567	6
46.7916	-2.04792	2
52.1714	6.32514	1
25.5966	-107.963	1
20.3906	-99.9879	2
27.6986	-83.8046	3
0.247298	-51.0637	43
-29.8312	-51.8879	1
36.7783	-119.418	8
38.2181	-81.5289	1
-20.0545	-43.4527	2
31.4523	-106.568	2
-21.7554	-48.1719	10
36.2058	-121.145	1
55.1312	14.9843	1
46.1558	-122.97	1
43.8517	1.2298	1
-22.5985	-46.5122	2
-19.7833	-40.1376	1
4.82842	100.769	6
36.0655	-91.8875	2
38.0543	-84.7175	1
51.728	8.76856	1
66.4951	25.7535	2
52.1683	-0.456959	1
-6.54949	-36.0482	1
43.7651	-79.5125	4
38.8453	-84.6701	1
39.0951	-84.8512	1
3.56164	101.54	3
38.2508	-122.63	1
-21.65	-41.4319	3
-24.7139	-53.7378	2
43.3838	5.04366	1
18.5028	-69.7905	4
46.882	-71.2173	1
40.0843	-80.6911	5
45.6883	1.62067	3
37.0271	-76.3834	1
40.8641	-82.3246	1
45.4348	-65.9859	1
-22.629	-43.2185	1
40.422	-3.53147	1
34.5847	-120.137	1
-6.3308	106.953	16
52.2328	21.0607	12
-15.5771	-56.1137	1
40.1936	-85.3706	2
-26.2273	-48.501	3
6.11885	99.9883	1
38.781	-90.3609	3
-21.604	-45.5858	2
20.1857	-100.142	2
33.2142	-97.1435	3
54.4899	9.04677	3
53.8381	-1.62704	10
41.2369	16.5004	2
54.8905	52.3391	1
42.675	9.43475	1
50.9793	3.21672	1
41.2646	13.6595	1
-21.6468	-49.6923	3
41.6858	-77.0702	1
40.4207	-90.7932	1
-20.0904	-41.1119	1
39.3166	-85.3281	1
42.4282	-8.62728	7
43.2769	-4.07187	10
37.6633	-0.724804	1
39.2675	-8.37657	1
26.6701	-98.5639	1
-5.64371	-36.517	1
14.5106	-90.5791	9
37.7421	-81.1406	1
25.7662	-100.409	20
-19.8655	-40.6404	2
4.71945	103.42	18
34.9228	-81.9342	4
28.0424	-16.6654	2
37.3904	-4.76994	1
19.7496	-88.0135	1
51.3525	-2.97132	2
51.6022	5.57079	4
35.3545	-94.4432	1
42.0726	-88.3556	2
-6.84759	106.76	8
47.646	6.84105	1
50.0338	-66.821	1
42.6093	0.528115	1
43.2446	1.36499	1
42.8793	-5.64463	2
-27.6129	152.884	1
-21.7916	-51.8625	1
50.823	12.8918	3
41.3147	-80.7237	4
43.6293	-79.2725	23
-1.26861	36.8318	7
54.777	49.9181	1
0.636223	101.961	1
55.8727	26.5453	1
-19.7132	-40.4356	2
46.3707	-96.1663	1
61.2734	73.4332	2
24.6625	-107.342	2
39.5956	3.37981	2
-20.3498	-41.9347	1
44.5726	4.39251	1
-22.3737	-45.7964	1
34.0858	-117.649	6
52.6983	5.21271	1
-6.19885	106.846	822
-22.442	-44.5232	4
-6.03212	-56.4421	1
52.7775	13.2808	1
46.7336	-117.166	1
-20.7065	-48.958	3
33.5804	-85.9726	1
57.4739	-4.25961	1
31.7882	35.2382	1
33.5934	130.326	1
48.9174	11.408	1
-6.93356	107.771	12
18.4328	-67.1484	1
-7.93645	110.6	1
36.556	-4.68407	7
0.427534	101.881	1
25.8591	48.8838	1
30.1325	-81.7542	1
-6.52434	107.461	3
52.3871	13.1165	870
45.5193	10.0764	1
37.5624	-1.26597	1
30.5964	-96.2957	2
45.6095	0.107974	2
56.8155	60.6136	35
-2.54526	118.03	7
59.9394	30.0922	24
1.84467	102.978	9
41.9135	-99.5333	1
51.6793	39.236	38
33.1219	-117.317	1
55.8811	38.7853	1
52.5094	4.64422	12
50.652	-4.03372	1
5.6426	102.508	1
42.1259	-89.3954	1
41.5798	-71.4377	2
-29.9961	-51.5598	1
39.0261	-86.9358	1
49.8764	-119.496	5
42.2039	-84.3843	3
-24.1265	-52.366	2
42.6658	-88.9834	2
41.6136	21.7433	1
38.5372	-82.6938	1
42.3154	43.3569	1
-33.6063	-70.8959	3
-20.785	-49.3592	15
52.5046	6.09212	2
-3.89664	122.536	4
46.6945	0.35547	1
62.0846	129.292	7
3.7257	103.077	2
39.8991	15.7809	1
53.5927	-0.575417	3
0.07868	111.505	3
-5.36311	-49.1082	1
34.6997	-118.113	1
53.4784	9.16889	1
42.9546	-85.776	4
34.2214	-118.416	9
35.4008	139.376	5
-25.7744	-53.2679	1
4.47079	101.38	3
30.5386	-87.3388	1
53.4346	23.4208	1
1.42922	110.333	26
5.38418	103.113	26
36.1866	-86.7851	6
16.922	-89.8984	1
58.0394	60.5549	2
56.537	21.0366	1
-12.6956	-55.9291	1
20.6402	-98.6553	1
-24.4945	-53.3	1
35.8035	139.463	4
51.8714	0.862885	1
-8.09071	112.187	1
45.6537	9.18684	1
51.7734	19.4806	4
43.235	-5.74075	4
51.3281	12.3468	4
-21.4642	-51.4294	3
51.8566	-4.3105	1
53.3433	-9.1065	1
-2.57242	-59.9803	217
2.86881	102.469	1
34.0012	-81.0167	1
51.2476	4.7174	2
-28.3491	-49.0251	1
52.2727	1.10078	1
-24.073	-49.9808	2
45.1722	-91.139	3
51.2848	-114.005	1
37.9457	-121.314	3
51.3972	0.400914	5
37.9944	-122.532	1
43.5188	-123.308	1
44.6958	-73.4567	1
32.029	-102.122	1
38.8048	-77.237	13
4.64713	101.203	35
32.1774	-110.884	3
-18.3797	-49.4663	1
49.3168	7.3393	1
54.4838	-3.53548	2
34.7053	-81.1866	1
38.6948	-83.5911	1
-9.02805	-42.652	1
53.1897	-2.88774	1
55.0193	-1.65244	8
-23.7454	-45.6207	1
47.0632	-122.743	1
29.2252	-98.802	1
38.263	140.88	2
43.5619	1.45967	1
37.7388	-97.2382	3
45.5743	11.9494	1
-7.11628	112.519	7
56.9553	23.1635	1
-33.5044	-70.683	16
43.4604	-76.5043	1
36.0016	-88.4307	1
36.8207	-78.6957	1
45.5249	11.6327	1
51.509	-3.35849	1
38.7326	-82.9972	1
33.6337	73.065	1
2.24357	102.277	35
52.3995	16.9063	1
3.47844	101.868	1
30.3477	-90.4156	1
42.0484	-88.114	1
-8.1365	113.216	1
-14.8186	-39.0383	1
-7.45791	110.223	3
44.6841	-1.00946	1
31.5456	-84.1249	1
39.0364	-9.30221	3
47.4254	20.8631	1
43.0399	-71.4564	1
35.7411	-109.069	1
42.2706	-85.4752	1
51.9585	6.28045	2
52.1976	0.126573	3
55.795	49.0696	12
0.631816	101.416	10
41.2826	1.57328	3
48.9996	2.93333	1
20.5227	-100.772	3
-21.6987	-45.2245	2
28.4701	-81.4629	4
-29.3448	-50.7668	1
-5.97877	-38.727	1
40.708	-112.248	1
41.6925	-74.0649	1
-22.9088	-45.2346	4
52.7277	6.51833	7
44.6605	-63.6545	1
59.8115	30.563	4
35.8852	-83.576	1
-21.2475	-43.7915	1
33.6942	-116.192	1
21.4329	39.3035	1
13.1068	99.9605	1
-6.07815	-49.8976	1
44.8038	20.5235	2
38.416	-81.552	1
-6.96009	111.896	1
-6.9376	-40.2588	1
53.2231	-4.16382	2
3.5881	98.697	118
-21.9643	-51.3537	3
49.3326	11.4328	1
41.1646	-80.0572	1
7.89471	-72.4938	1
51.5074	-0.59668	2
34.1515	-79.7053	2
52.5067	13.4246	22
-29.0227	-51.2341	1
-7.15448	111.888	1
38.0782	13.5131	1
56.0897	12.7645	1
6.4398	100.53	2
-4.67982	120.098	1
51.7313	0.473346	1
10.6218	-61.3208	1
42.7206	-8.71744	2
43.1614	10.6173	1
62.4242	17.4246	1
-25.4539	-54.4571	10
67.8642	74.04	1
35.1545	126.846	2
42.5122	-8.75489	1
47.3496	0.676549	2
55.7525	36.9747	2
-22.7405	-45.1143	4
35.1118	-89.9839	1
48.9944	7.95275	1
10.2909	-61.4602	1
1.5254	103.838	58
50.9576	6.96746	1
-23.5594	-46.1857	15
53.8672	-1.35182	1
46.9393	2.52124	1
8.93072	-79.7355	4
39.5335	8.91733	1
49.3798	8.56735	8
34.1467	-118.76	6
56.7673	60.7558	1
38.6385	-77.3233	2
53.1754	-1.17753	3
18.4397	-66.541	2
-6.90745	108.49	2
51.1977	3.21692	1
17.3917	-99.7242	1
44.3369	4.7897	1
38.4167	-82.437	1
5.90927	116.106	11
50.8333	4.0	1
-23.4139	-46.9485	3
37.4142	-77.6419	1
55.5967	36.6901	1
40.1732	29.0784	1
50.6564	17.9305	4
39.1827	-78.1937	1
33.9789	-79.6767	1
43.0473	-75.3814	1
50.6215	6.32316	1
39.2291	9.12478	2
48.341	39.9838	1
38.8355	-9.36057	3
41.2927	12.5735	11
-7.07575	107.578	2
28.103	-15.4598	2
42.3964	-88.1798	1
10.3688	123.914	4
8.45084	4.5243	1
51.6588	-0.393912	4
-1.55868	101.236	1
32.3039	-107.048	1
40.0014	-3.02281	1
-6.8973	107.451	12
52.4704	9.39882	1
39.2798	-103.386	1
37.3548	-4.55025	6
-20.6696	-43.8044	8
39.4651	-87.3758	19
0.993845	103.429	1
8.97398	38.764	1
54.3257	17.7873	1
41.4421	-81.4264	1
50.498	30.5933	8
26.4604	-81.9665	1
44.3405	1.21982	1
20.5779	-100.359	2
55.0811	36.6037	3
38.4355	-82.1148	1
-21.9024	-42.5653	1
2.92472	112.544	1
47.8337	1.92768	1
54.6669	-6.79809	1
19.0322	-98.1543	10
-28.3065	-53.9244	5
45.3274	5.55517	1
-24.3077	29.5451	1
40.2258	-3.43423	8
61.7464	50.8191	2
48.2328	-4.26413	1
45.4757	12.5623	1
5.68888	100.508	1
39.9991	-74.5997	1
33.9901	-118.065	45
57.6365	-3.29553	1
45.207	7.59776	1
18.3197	-64.8824	2
41.4577	-86.4801	1
37.6957	-1.70501	1
53.7205	-1.95008	2
39.9674	-82.0021	2
49.0967	6.15472	1
41.5229	-7.645	1
-23.4752	-45.0719	1
38.6328	-0.66846	2
40.5574	-75.9773	1
60.1595	25.0186	3
40.4723	-86.1388	2
49.4708	7.61807	13
40.6331	-89.3985	1
2.60047	99.0167	2
52.3103	-1.03522	4
17.6225	121.711	2
37.0455	-86.1625	1
51.7648	-106.049	4
39.056	-95.692	1
53.2364	-1.78652	1
6.34835	99.7226	1
-8.2012	114.965	1
-20.7352	-48.5892	1
-3.62505	-52.4801	1
44.4058	12.1449	1
-12.1588	-45.0044	12
40.3817	-79.8099	9
34.1146	-118.246	194
-2.62921	-44.3026	15
43.4802	13.2037	2
52.8177	-2.11131	1
-33.9619	150.984	3
16.0188	100.492	1
34.8733	136.998	1
33.1135	-96.672	14
29.8907	-93.9284	1
51.2239	1.40208	1
-14.6179	-57.4837	1
39.5368	-119.745	1
52.656	-8.6042	2
42.2047	-74.2165	1
43.2943	5.40513	4
-8.05391	112.355	1
32.8207	-96.7315	10
42.6257	-83.0942	2
33.6559	-117.901	3
-19.6047	-47.9692	2
36.0558	-80.2602	1
44.7663	11.817	62
40.7059	-73.7794	3
35.2035	-80.836	7
41.817	-71.421	15
36.8513	-119.965	1
61.7359	34.4038	1
26.5613	-80.0526	1
41.5076	-4.9974	1
68.954	33.1359	6
38.8253	-0.607783	2
45.9375	6.6325	3
30.2051	-81.5533	5
48.6997	2.77173	1
-3.62687	128.252	1
-22.5605	-49.1177	1
-28.2628	-52.4442	6
43.2989	10.5022	1
42.0696	-76.8084	1
51.6302	0.32312	1
53.4035	-0.77854	4
51.1307	-2.98626	1
45.1667	5.71667	3
-6.23915	106.704	176
3.22814	113.072	2
33.7009	-78.8691	1
-27.9291	153.308	1
33.8229	-88.546	1
49.0597	-1.02363	1
32.8327	-83.6442	1
5.02892	100.637	2
40.5347	-85.626	2
26.3403	-80.2396	3
-0.59305	117.038	1
-7.10796	112.163	1
36.2582	139.4	1
-7.9725	112.629	97
28.0948	-17.1674	1
57.8106	28.3618	3
-15.3568	-52.6376	1
23.7855	90.3591	1
54.6341	18.2233	1
52.4786	-0.901222	1
-19.604	-43.2996	1
51.8976	-0.171554	3
34.8091	138.286	1
44.969	-93.085	2
36.5546	140.629	1
38.9953	-0.220727	5
40.7062	-111.9	19
51.9737	6.73806	1
51.4075	5.37308	4
51.3364	0.808984	16
51.8074	-2.50337	3
-23.4357	-52.3035	1
39.5261	-0.468201	4
-22.8952	-47.0303	50
-22.9365	-46.5619	1
50.8317	40.5415	1
39.1734	-89.5223	1
32.6889	-97.0323	4
39.1476	8.96152	7
39.2949	-76.8783	2
55.8041	37.8048	21
-27.6534	-51.0923	27
53.722	-6.36297	1
4.52048	101.015	5
-20.1397	-40.3039	33
-33.9339	150.767	1
53.1826	5.81839	6
-2.97146	104.679	30
22.273	-101.972	1
45.5855	-93.6565	2
50.9579	7.98626	1
-6.71589	108.549	15
26.1709	-98.1063	13
37.5444	-77.4403	5
47.613	-122.342	7
52.1434	11.4339	1
-21.2905	-49.923	1
42.4485	-5.37907	1
-22.8158	148.705	3
-21.4063	-45.4872	4
-18.4448	-70.2982	5
43.2519	-2.93316	26
31.0971	-97.7492	1
39.5486	2.50857	5
46.268	-119.162	1
-23.2169	-44.7282	1
40.7703	-74.4035	3
59.3942	18.6174	4
-22.8383	-48.5474	5
0.371579	101.091	4
33.5811	-101.885	6
42.4991	-6.56031	1
37.5214	-6.27264	2
56.3431	36.7211	1
58.5239	13.4996	1
29.7936	-90.8234	4
3.39015	-76.5429	3
-30.5529	-53.4955	7
-7.62772	-34.8119	1
53.3596	89.9062	5
26.8782	-101.221	1
32.335	-95.2833	2
53.8437	-1.85083	7
40.1697	48.667	1
38.0881	-3.63952	1
53.6586	-1.41183	6
33.8994	-117.486	3
-20.087	-40.8168	1
6.01225	116.396	12
40.854	14.2435	5
-8.45547	115.072	6
2.04811	103.382	83
-15.6079	-47.6608	2
40.9276	24.3868	1
-19.7464	-47.9074	1
33.577	-117.174	2
36.3811	-120.345	1
52.1908	4.4131	3
-8.55243	114.099	1
-23.7494	-49.6565	1
43.0014	-83.5881	3
-6.21871	106.53	24
2.96375	101.783	38
38.4927	-8.85268	1
43.6484	-79.8993	1
43.9502	7.66126	3
38.9735	-5.79028	2
53.5846	-2.48296	4
51.3253	3.53527	1
42.8	-87.7927	3
13.0518	77.5968	2
41.8094	-72.2479	1
51.1272	16.9913	16
3.30508	103.121	2
44.0021	3.5508	1
33.997	-86.0266	2
41.6756	-86.157	4
-28.3896	-54.8743	1
41.5679	-93.6653	1
41.8707	-80.125	4
43.0068	-76.0104	3
35.6581	139.296	2
16.8514	-99.8454	1
10.562	7.44702	1
37.9566	-4.79305	8
-7.30713	110.124	3
51.917	0.695224	1
25.7575	-80.3943	6
49.2771	2.46442	1
49.7927	-97.1535	1
45.1943	0.711136	3
32.9078	-96.6057	3
-3.78965	-38.5199	23
-6.92641	106.923	3
14.9168	120.759	1
-33.7771	151.118	2
10.4923	-66.857	4
-20.9392	-48.5262	5
41.2446	-80.8898	1
6.23406	125.082	1
-23.2981	-47.2769	2
48.9906	23.4353	1
52.4157	5.84023	3
39.1451	-75.3867	7
14.0427	-60.9548	1
43.5655	7.01648	1
38.3553	-0.515529	16
35.3596	129.359	1
-8.15517	113.715	1
55.8868	-3.60885	1
37.1792	-93.2956	1
-32.9275	-71.5214	5
27.7732	-82.3623	1
35.0658	-78.8987	2
34.6777	-120.452	1
47.1257	17.9073	2
40.8583	-81.7065	1
14.6063	120.99	61
51.8047	-3.21603	2
38.1456	-87.7971	1
41.4881	-73.0532	6
45.3469	37.093	1
-26.8274	-48.7225	7
38.824	-78.5636	1
5.0551	-75.4841	4
-22.6965	-43.5244	3
41.146	1.12437	2
-37.068	-12.3113	1
51.5163	3.83821	3
35.1256	-81.8418	1
31.9967	35.863	1
10.2429	-67.9636	2
53.879	-2.18935	9
47.0739	5.50228	1
48.383	31.1814	197
-4.08929	104.662	3
-5.21541	-42.8028	22
55.0015	82.9557	7
-24.2832	-47.0136	7
37.3087	-121.994	2
27.1654	-80.2779	1
42.0085	-94.3769	1
7.89241	-67.4682	1
40.8257	29.3059	1
4.30028	103.476	3
52.6247	1.24897	3
41.6228	-4.75703	5
-26.2715	27.8658	2
39.5881	2.68433	5
5.29184	115.206	1
30.5074	-81.6129	1
16.2586	-92.301	14
3.73678	98.6521	1
21.2978	-98.3734	2
59.4094	24.6932	2
3.05767	103.078	1
29.3294	47.9677	7
56.2847	43.851	6
40.6832	-75.2419	1
38.0835	-0.951624	1
26.1752	-81.6818	1
28.51	-99.8337	2
36.5997	-79.4924	2
58.3788	13.4678	1
-1.46455	125.22	1
-29.4585	-51.2683	2
40.6301	-6.92291	1
41.0936	-74.8326	1
52.7842	4.78773	3
19.1644	-98.4097	3
56.8729	24.3542	6
-4.77289	137.78	2
59.9342	30.3287	100
-29.8024	-56.7397	3
43.0886	-80.7838	1
44.882	9.95413	2
-20.6488	-41.9102	3
32.4839	-99.7454	2
33.3955	-111.738	2
51.703	5.32469	8
-6.35789	106.495	2
19.1804	-96.1451	2
38.3284	-89.0319	1
41.1505	-81.3389	9
49.2126	-1.52822	1
19.1003	-103.657	8
52.2509	0.69847	1
34.6302	135.424	2
53.3151	-4.63943	4
40.7435	-3.63419	2
-6.38887	106.798	83
-23.6482	-52.8722	1
56.1408	37.0374	1
41.7253	-85.7513	1
-34.1022	18.4777	3
34.5944	-98.4303	1
37.3831	-5.92355	17
35.5074	139.762	3
-5.48052	120.255	1
41.9594	-72.3026	5
-7.48257	-43.153	1
14.6574	-90.587	14
9.97831	-84.8241	1
39.9385	-75.6022	1
41.9884	-71.1399	3
51.5584	-1.78204	2
-30.4164	-53.6701	1
54.0141	-1.46208	2
-0.15995	100.661	2
-7.1731	112.653	63
53.7172	27.9867	101
48.6881	6.17345	3
33.2968	-117.307	2
40.7218	-3.0578	1
39.7055	-3.17134	1
-6.06137	106.519	1
55.3251	50.766	1
-7.7149	-35.327	1
41.5851	-81.548	5
37.6474	-121.893	3
51.8911	-0.427445	1
-23.1873	-47.756	1
43.1154	-77.4811	1
-20.5596	-46.935	1
48.9953	8.39826	7
41.5174	-84.1343	2
-7.73202	113.101	2
34.4358	135.245	1
43.119	131.887	4
44.6094	-79.452	1
-6.18702	107.038	71
40.0263	-105.488	2
46.8138	6.83217	1
42.6096	-88.6088	1
44.8294	37.6465	2
35.3889	-115.844	1
54.7623	8.28944	1
30.0396	31.3376	6
53.002	17.7461	1
41.7656	-72.6803	7
40.1147	-88.193	1
5.66931	116.364	2
30.2946	-91.9129	1
41.593	1.75982	1
-25.1476	-50.071	10
-23.0845	-48.9251	1
16.4171	101.158	1
53.3923	-6.42762	3
39.3627	-77.1792	1
24.4913	39.618	8
36.2896	-93.578	1
50.8406	16.4923	4
51.7372	5.4678	1
45.3991	-75.813	2
40.628	-8.63966	3
-29.9346	-50.1143	2
-23.5337	-49.2398	1
-28.976	-51.9984	2
38.6531	-90.2435	1
59.3474	30.1389	1
41.3026	69.2944	1
38.9637	35.2433	44
0.782592	127.386	1
47.8795	7.38359	3
-18.4532	-50.5312	2
-23.513	-51.0998	23
-21.2385	-44.2815	2
31.0781	29.8403	1
-16.4175	-71.5138	2
36.4435	-85.2131	1
36.2047	-119.468	1
9.03919	7.50053	3
52.7431	6.87731	2
53.2249	50.2437	4
-0.870593	114.931	1
52.9061	-4.12244	1
-7.71078	109.025	5
-5.18745	-37.3473	8
34.9641	-80.859	1
-25.2963	-49.3218	4
38.5359	-75.5561	2
52.6088	38.5318	1
-34.5619	146.981	1
41.0062	-85.7742	1
54.0673	-2.84976	2
47.9614	11.7875	2
37.7623	-87.523	1
-8.77075	115.173	1
39.2936	-78.4295	1
36.0531	14.208	1
49.7987	7.56698	1
37.2171	127.532	1
45.6243	9.89756	1
-33.3099	26.5188	1
52.0435	0.959768	1
21.3106	-157.862	6
-26.2551	-49.383	1
43.8576	7.22183	3
41.8984	12.5451	52
38.4741	-9.11776	2
32.8266	-115.555	1
45.4613	9.15934	19
-0.363503	103.102	1
33.0008	-83.8602	1
30.4232	-84.3317	6
40.7419	-84.1162	1
34.8472	135.42	1
-8.12121	112.573	1
3.3453	99.1617	2
39.7625	-104.892	2
4.34935	100.965	3
-27.1532	-48.5723	1
38.2485	-76.4593	2
10.2516	123.801	7
-28.0015	-50.3477	1
36.0466	-89.9003	1
5.53286	5.78013	1
-8.05065	111.717	1
41.3764	-81.993	1
40.5906	-80.1059	1
-17.9138	-43.6532	4
41.7581	2.06928	18
-21.6182	-48.4446	2
49.6847	-124.991	1
34.9643	138.391	1
40.989	-73.9107	22
20.5971	-102.559	15
38.3554	-81.6925	1
54.8664	83.1052	1
41.9668	-77.1208	1
51.4191	-2.39751	5
2.7987	101.681	4
8.64364	-82.9602	1
41.3298	-72.9359	4
51.8461	5.10909	7
41.9236	-72.6549	3
46.884	-95.7384	1
-7.7957	-34.9709	1
-29.0686	-51.0353	41
40.3104	-76.8705	3
8.91238	-79.593	1
-35.6955	-71.6857	1
-15.3283	-40.0771	2
-6.28788	-35.2169	1
50.3148	18.7951	5
54.338	48.6904	1
53.1779	8.54549	1
-20.595	-47.3472	5
-6.51908	110.775	4
52.8943	7.03856	4
-22.5927	-46.0515	1
2.84794	117.364	1
44.2151	20.9238	1
40.9543	-74.2188	6
58.0811	7.76356	1
19.4704	-70.6791	1
30.3449	-81.6831	3
4.02437	9.69666	1
-20.0322	-44.4428	3
40.9635	-76.613	1
-27.7658	-51.5708	1
-31.2525	-52.1256	1
52.2689	-2.16109	1
57.3041	29.4247	1
35.8417	-78.6893	2
-15.7994	35.0266	1
42.6787	-82.7666	1
47.4825	19.0715	9
41.4931	-94.2773	1
40.3199	-3.89323	10
43.7937	11.099	1
41.9719	-75.1969	1
39.5672	3.21833	2
57.1506	65.5568	4
32.4532	-96.8459	1
48.7556	7.56114	1
-20.9768	-46.126	2
41.1889	-73.1834	7
-29.3559	-51.9688	7
-22.6211	-48.8039	4
41.7306	13.3433	1
47.8538	35.1188	1
-26.3061	-50.5016	2
36.8537	-120.451	14
40.0821	-74.9729	11
-23.1117	-47.1947	12
-1.49348	102.112	1
43.0771	-77.6753	1
43.2779	-1.98771	5
2.50099	102.993	1
-3.44046	114.845	1
52.9778	-2.11201	1
55.0921	38.7751	1
53.1548	-6.81533	1
46.7899	4.85034	1
45.5432	-122.655	7
-12.6901	-38.4864	1
50.5265	9.00444	1
-20.1651	-47.4249	1
45.5705	9.30854	6
51.7446	-0.98464	1
54.6851	-1.79769	3
39.8873	-80.7442	1
-23.4254	-46.0575	1
-23.3552	-47.9037	3
-5.15527	-44.1652	11
44.7031	-88.8973	1
-23.8308	-46.8122	5
-29.4661	-51.7702	9
10.4836	-66.5341	3
54.8886	38.0836	2
21.6267	-104.873	1
-3.1107	-41.4845	14
58.0225	56.1443	8
68.9592	15.0172	1
38.8014	-8.95089	2
42.662	2.98956	1
-8.27649	-35.0925	1
38.0643	-1.51597	1
33.7976	-84.2766	5
16.4041	120.604	1
42.7431	11.1074	1
48.3463	3.97261	3
-5.12239	105.306	6
-2.89392	-41.6207	1
-2.78878	-56.9094	2
-30.1749	-50.2096	9
40.7958	-77.8677	2
52.9563	5.91072	8
35.7141	-6.91635	2
4.39265	-76.0689	2
33.0426	-96.9552	12
42.0618	-72.4988	2
-22.1994	-55.544	1
39.4758	-95.721	1
46.4499	-120.477	1
35.7428	-84.0044	1
-16.3051	-48.9725	4
48.8097	3.09159	9
35.8944	139.237	2
-29.641	30.3723	1
50.3354	19.1238	1
35.1901	-92.4531	1
26.376	-98.818	1
45.4749	4.51627	1
35.045	-114.568	1
44.9917	0.179534	9
51.6546	-4.08823	4
42.6233	-71.329	3
39.7198	-81.5107	1
15.8716	120.895	1
47.1612	19.5059	1
32.461	-93.8138	3
36.602	-4.53189	5
49.7859	73.1375	1
42.3446	-3.68944	10
4.44569	-75.2293	1
47.031	8.1752	19
-7.15012	110.412	1
-12.0206	-45.4874	3
52.3805	17.4439	1
40.1144	-87.7777	1
56.0018	-3.77093	1
43.617	-83.9407	2
-30.3352	149.765	1
-23.0614	-45.9175	55
41.7364	-71.1614	1
48.1225	-96.1576	1
10.6185	103.505	1
42.1626	-72.6405	2
51.798	4.72446	1
19.9404	-97.9612	1
-25.5268	-54.6375	3
25.6768	-100.196	35
39.7393	-89.2665	2
36.3596	-94.232	1
-9.75808	-36.6473	2
38.9141	-94.4087	2
40.992	-109.721	1
42.5647	-6.86053	5
5.16695	100.494	1
17.0915	-96.725	1
-23.444	-46.7966	40
35.9758	-85.1708	1
5.56178	-0.171655	7
30.0708	-90.478	1
40.0529	-78.9945	1
3.95627	102.421	1
38.9308	-95.2637	5
44.018	10.4405	1
2.36479	102.182	2
39.1007	-83.1346	2
35.486	-96.6973	5
33.2216	-87.5451	2
8.34647	-62.6512	1
-34.4558	147.655	1
-41.4491	147.135	2
48.362	-1.20667	1
52.1682	5.00572	5
34.0024	-5.5429	4
49.9471	10.7242	1
51.1252	-114.185	2
12.828	80.0428	1
38.4981	-98.3201	1
-19.0045	-48.3585	23
37.9289	-5.74381	1
50.6077	3.02167	8
25.6097	-80.3412	4
38.4393	-78.8712	1
38.4125	16.0591	1
-22.5461	-48.6355	23
-27.3654	-48.5787	1
-29.7433	-50.5784	2
-22.2295	-49.6901	1
65.0851	76.9518	2
36.6693	-119.786	1
61.0693	42.1036	1
29.5802	-97.9519	1
33.5231	-86.2935	1
44.2005	43.1291	4
-5.63852	-35.4249	2
40.5987	-80.2533	2
-12.0826	-76.9824	8
48.0002	-4.09522	1
-7.55223	112.227	1
56.3975	8.55838	1
2.14784	117.489	1
18.2007	-66.2844	1
14.7648	120.25	2
31.1697	-106.505	1
37.7529	-25.6739	1
6.24089	-75.5967	1
41.9192	3.15463	2
48.1139	-1.63288	2
41.0927	16.875	1
51.8067	-4.96206	1
45.1102	-93.4635	1
-25.6313	-49.4623	1
41.1179	-77.6047	8
49.6614	8.34217	3
47.1388	21.7029	1
50.1801	19.2869	1
51.8406	-2.22733	1
3.45208	102.415	3
40.9383	-81.3605	3
-0.942439	-80.7302	1
39.2141	9.26856	1
-7.74269	110.411	45
40.9254	-74.6705	1
-3.29735	114.583	9
41.7769	-114.75	1
-21.7896	-48.8606	3
45.4443	11.0005	3
35.3242	-80.7356	1
15.4854	120.591	1
36.1067	-85.6983	1
54.2729	55.8809	1
-38.2534	-72.6704	1
51.6109	-1.24306	4
55.5287	-2.78637	1
52.5179	-8.05519	1
19.7084	-101.165	3
3.75431	101.949	3
-5.43678	119.441	1
56.9715	24.1287	8
40.5824	-4.06047	1
54.5463	-1.21134	1
35.6077	139.512	1
-30.3331	-54.374	5
53.057	18.5017	1
-26.9981	-49.2271	2
55.951	-2.98654	1
49.1512	9.17326	1
42.7018	-82.9644	3
30.3638	-89.7504	1
3.88144	100.831	5
-6.89185	109.62	2
40.6181	-74.0231	9
50.4592	17.3366	1
0.625004	33.5038	1
41.0105	28.535	3
46.7978	17.1824	3
