Latitude 	 Longitude 	 Weight
43.8127	7.76592	1
41.6814	-72.941	2
-19.9187	-43.9598	52
39.0664	-84.2017	1
43.9291	2.13251	2
10.4396	-64.154	1
42.1414	-83.1934	2
41.6856	-71.1047	3
-22.8129	-45.2349	3
33.9023	-118.082	55
-3.76324	102.283	1
16.959	-99.7356	2
5.19934	96.7021	1
-34.0394	150.848	1
5.40103	-3.98776	2
-3.85604	-32.4342	1
38.7788	-94.6656	1
55.4715	-4.29541	1
58.5255	13.4626	1
54.2685	-0.417182	1
40.5247	-3.81615	17
39.1564	-76.9915	10
28.6024	-81.3416	20
-3.68096	-79.6827	1
-7.37955	109.241	2
31.0544	-97.5045	1
46.0452	6.42475	1
46.929	4.77614	1
49.8414	-97.152	2
54.0019	-0.44364	3
48.7793	9.17735	1
28.5905	77.3374	1
39.4487	-83.8163	1
33.2173	-87.5488	2
42.0918	-71.0196	5
50.1212	8.63661	3
38.502	-117.023	2
4.93197	-52.313	7
45.641	0.258407	2
52.2648	-1.53987	1
1.40264	124.959	2
13.9336	121.164	1
53.0153	17.7251	2
47.6975	2.01961	2
43.6814	-79.7831	22
10.4807	-66.5918	1
-26.4195	-51.8397	6
35.8305	-85.9786	1
39.0711	-108.47	2
53.2775	-2.89531	4
14.84	-91.5295	1
58.8932	17.9428	2
48.8254	2.13053	91
44.9088	-74.3486	1
-20.6364	-44.2754	2
30.3863	-91.5225	1
41.5342	-8.62018	1
50.7043	4.23713	2
-7.65633	112.907	2
53.1039	-1.03438	1
30.4208	-97.9225	1
-1.48433	-48.4968	5
37.4499	-4.45184	1
43.1059	-80.7545	1
38.9798	-94.7856	2
55.1872	34.3036	1
-19.4731	-40.6271	1
26.2316	-98.2207	2
3.18654	101.605	62
42.2945	-85.6512	3
26.3064	127.767	4
3.62601	98.4994	2
2.83864	101.752	14
33.5226	-84.3557	4
54.6303	-5.94374	1
35.5242	-108.721	1
36.7349	-108.21	1
52.6003	39.6002	1
9.90948	-84.5164	1
25.5901	-80.3875	7
33.3808	-79.1068	1
18.513	-69.8242	5
41.817	-71.4212	19
-23.6839	-46.9469	16
52.2858	5.65324	7
-8.21467	114.354	1
-33.308	26.5221	1
33.9169	-117.211	11
34.0161	-118.497	13
9.18046	-79.2727	2
45.1557	5.75038	8
-29.9153	-51.1771	33
46.0844	-100.628	1
32.3329	-95.2843	3
-7.01965	-37.2632	4
50.8399	5.31865	1
-5.11026	-36.6291	1
-8.59047	116.116	2
51.4	5.26978	1
33.4312	-82.0648	2
55.9183	-3.26502	3
33.377	130.49	2
-29.1662	-51.1825	2
31.8622	-81.6381	2
6.25384	-75.5968	2
41.9119	-87.9312	2
18.352	-67.0021	1
-26.4283	-49.3274	3
51.8954	5.07865	3
35.4483	-80.8525	2
-28.739	-49.3605	11
33.9088	-116.48	1
38.6463	-77.3461	8
38.3655	-93.7629	1
33.1688	-90.4994	1
30.3349	-82.7671	1
-23.5781	-51.4235	1
43.6777	13.2102	1
43.3955	6.29457	2
37.9777	-87.4585	9
-10.2392	-48.8529	1
40.6809	-89.6215	1
42.7478	-88.5522	1
-3.99241	122.498	1
37.9319	-1.20803	2
49.3039	8.10471	1
28.0328	-97.5071	2
42.5092	-7.58527	2
14.4504	-60.8768	7
29.0856	-80.995	3
42.7489	-84.4805	3
41.2447	-80.8899	2
47.2262	2.05921	1
51.62	19.3657	2
-25.9289	28.254	1
10.2536	-67.6076	6
38.5731	-76.0657	1
52.9974	6.55836	5
39.285	-8.40527	1
42.2607	-84.4255	2
10.6041	-71.658	7
38.8808	-77.1022	36
52.7016	6.18915	3
47.7456	-3.37891	1
40.0149	-75.076	24
2.69053	101.881	5
45.8583	4.95212	2
45.5588	5.89786	1
52.8471	-2.29813	3
19.2843	-81.3815	6
19.4325	-99.1534	54
-13.8375	-171.77	1
23.4781	-75.7553	1
-19.6263	-43.8892	3
4.04619	100.823	1
34.9091	-82.2144	1
-18.734	-39.7575	3
-7.46064	-35.1597	1
42.5666	-96.5158	2
-26.4233	-49.1569	2
40.8481	-8.46797	2
45.3914	11.7935	2
-23.417	-54.5603	1
10.07	-69.2913	5
-24.6352	25.9342	5
55.819	-4.03966	1
43.6144	-84.2233	1
-30.9286	-51.8289	1
51.0847	1.13573	1
22.8259	-100.317	2
-5.90692	-36.7753	2
35.9559	-83.9287	1
35.5238	136.167	1
52.2346	-0.881222	1
33.6911	-84.6256	1
39.956	-75.2413	25
45.0973	6.0811	1
-29.6334	-50.7686	7
35.6069	-97.5472	1
-23.4057	-51.9683	5
30.4454	-84.2453	12
45.005	-64.6031	1
41.9286	-74.0077	1
46.0443	4.08052	2
40.7394	14.6806	1
39.458	-75.7276	2
34.7233	-92.3379	3
48.9655	4.38	1
31.1085	-83.4246	2
59.3507	26.3605	1
39.9979	-83.1499	3
-29.6877	-49.9908	3
51.3587	5.56415	3
31.4802	74.2813	1
12.1274	-86.2648	1
29.5846	-98.2438	5
55.6594	37.9464	2
26.3251	-80.9939	1
53.4108	-2.97784	31
39.1175	9.52031	1
3.58111	98.6676	26
54.0536	-2.19073	1
47.1453	8.33557	1
-27.8411	-54.5215	1
42.9117	-87.8607	3
54.8744	20.5387	1
46.8901	-103.007	1
48.3966	2.47701	2
40.4244	-3.69168	4
-2.64275	-56.7431	2
48.1114	-1.72194	6
30.5141	-97.7049	3
35.309	-98.7166	1
10.9543	-63.8669	12
-23.3552	-47.9037	4
38.8169	-76.7549	5
50.406	6.83129	1
29.5812	-96.3305	1
53.6799	9.37268	2
-3.79757	-49.8633	2
47.5576	-122.19	5
53.6424	-1.7902	2
22.7392	-102.589	1
38.0402	-78.4849	4
30.3449	-81.6832	1
34.7359	135.575	1
-0.479125	117.156	3
34.088	-84.205	4
6.60011	3.23036	10
45.7578	4.8351	30
39.081	-94.3669	1
33.5786	-116.094	1
52.0828	-0.739571	4
55.4427	-1.69756	1
42.473	2.75637	1
55.8516	-4.51094	1
-22.8738	-52.5483	1
35.1788	-111.651	2
-21.4566	-41.6664	1
-20.8668	-51.308	1
33.6579	-117.906	12
52.3517	6.8595	9
40.0911	-104.806	1
52.5379	5.34582	2
41.1355	-85.0619	1
-5.89638	106.024	1
7.60731	5.30594	1
27.8773	-15.4801	1
49.6616	0.928599	2
-31.7484	-52.3994	2
25.559	-97.5474	1
-36.7325	144.288	1
-12.0374	-77.0847	10
41.4935	-90.4398	1
24.4878	54.3603	5
42.1498	-71.4885	1
45.4771	-122.848	2
-22.1148	-45.0545	1
17.0713	-61.789	4
48.4561	135.099	1
29.6679	-98.6497	2
45.6742	1.07781	1
51.9346	4.55594	11
52.7528	6.71888	1
50.6729	4.57014	3
36.101	-94.1813	1
29.3235	-89.3959	1
36.7821	-119.8	2
41.5938	-87.3418	2
48.7143	1.35211	3
35.4137	-119.501	3
-27.6364	-52.2459	1
-27.1	-48.635	2
53.3549	-6.2474	8
34.0609	-4.97538	1
39.8769	-7.1126	1
54.3695	11.0645	1
33.9113	-6.97045	6
-19.0705	-40.1465	1
33.8395	-118.247	72
39.1047	-77.5322	2
30.2172	-92.0386	1
50.3312	3.40581	1
13.5251	2.08931	1
49.8513	20.2544	1
42.2313	-71.1776	10
30.7136	76.7611	1
53.1955	6.29097	1
43.5398	7.00931	7
38.7921	-90.5164	1
-4.24577	-44.7828	1
33.7532	-112.317	1
44.702	-93.246	2
40.7368	-73.3564	16
13.442	144.792	2
-6.12445	106.66	31
-37.1136	-56.8603	1
-18.578	-45.4518	1
57.385	21.546	1
38.8778	-99.3181	1
45.4718	-73.8733	1
46.7925	-100.751	2
37.0567	35.3516	1
-16.3856	-46.8307	3
5.95387	104.191	1
9.04648	7.51198	9
50.7715	5.47086	1
39.5919	-0.587357	1
59.4268	17.9449	1
-32.0735	-52.1608	1
17.9968	-76.9259	4
36.1102	-95.8471	2
40.5626	-112.296	1
0.0675273	32.4756	2
-23.0614	-45.9175	21
-1.41893	36.9638	2
34.7124	-86.6664	3
48.5457	7.76367	16
-6.93841	108.482	1
45.7032	9.03668	1
-26.7242	-53.4817	1
48.7207	1.17068	2
-5.36709	-49.1241	1
50.6463	5.59416	1
64.1047	27.4529	1
44.6448	10.8969	1
37.2692	-119.307	24
47.9749	-122.349	1
47.8026	13.0543	1
-22.1868	-49.9589	7
51.138	6.74008	3
37.7153	-121.71	1
32.5762	-86.6807	1
-8.50846	115.265	5
42.4956	-8.77461	1
50.3545	3.59525	1
31.9918	-81.2688	1
49.1037	-1.11188	1
-22.6446	-43.3052	7
10.3524	123.89	4
33.5527	-112.259	4
14.5721	-90.4729	2
-27.1111	-52.6609	2
14.6134	-61.0962	41
49.8621	10.8501	1
-34.5993	-58.4105	4
-26.4775	-51.4095	1
45.5617	4.28996	1
7.28574	5.15005	1
18.4228	-77.1644	2
38.6669	0.0655531	1
-21.8793	-47.9053	5
33.9355	-84.3792	3
-21.893	-45.0983	1
43.6384	4.86301	2
-24.8917	28.9165	1
33.8605	-118.42	11
39.6226	-75.7677	8
51.4727	-2.81238	1
37.001	-121.556	2
-33.9284	18.8334	1
-29.392	-50.9007	1
39.3621	-111.584	1
35.0282	11.0021	1
47.4317	9.40213	1
-3.27028	-79.9659	1
37.9695	-7.85798	5
42.5643	3.01809	2
-29.1921	-51.3739	1
52.8947	-2.13544	2
37.4669	127.037	1
39.5071	-84.7452	1
-19.4679	-44.2477	2
35.8833	139.737	1
51.5207	-0.142822	1959
-6.0	35.0	1
-5.7915	-35.5497	2
-26.1206	-51.0906	2
26.4772	-81.7868	1
13.9128	120.907	1
36.2329	-115.238	29
48.516	2.63661	47
-6.9958	110.428	10
38.4634	-76.479	1
-20.939	55.2963	3
-20.3371	-43.3298	2
-25.4951	-49.2884	183
53.8089	10.1616	1
51.4471	-3.40543	1
38.1984	-81.5024	1
29.481	-98.4934	11
2.44051	-76.6188	1
-23.0595	-46.972	9
48.8371	2.48126	348
40.556	-74.2876	8
38.6855	-87.5089	1
38.7407	-121.232	6
38.3934	-120.679	1
34.8694	-118.158	2
-16.9046	145.76	1
38.185	-85.627	4
8.12923	-63.5409	2
16.2026	-61.6052	15
51.868	-8.43868	1
41.703	-88.1607	1
4.73156	118.1	1
42.7846	132.867	1
48.6772	2.50266	122
51.9561	7.62691	2
1.86117	104.63	4
-12.3487	-46.5503	2
53.5339	-2.18322	9
-3.8318	-49.6803	4
45.0403	7.65917	2
48.7951	3.2737	1
44.0358	-78.8645	2
-29.787	30.9576	5
28.0133	-82.0188	2
6.44918	3.25695	3
40.6795	-8.43651	2
50.9619	3.62986	1
55.9018	37.4381	2
53.4301	14.6255	1
48.8292	44.7576	1
-23.2877	-45.9637	5
56.2339	-3.14363	1
4.34365	100.904	2
-12.124	-60.2921	1
38.5617	-121.461	22
4.84982	114.886	3
51.2667	22.8865	1
40.4767	-90.6911	1
41.3781	-83.645	1
48.5053	-2.73249	1
49.0936	-1.3432	2
41.9348	-80.5743	2
54.1937	37.6289	1
41.2316	-80.6106	4
39.0149	-76.9853	22
43.3298	-87.9276	1
-26.9875	-51.1292	1
53.0957	5.82788	1
51.4602	0.0949146	10
-23.5195	-46.5305	12
48.7241	4.58354	2
39.3215	-82.0992	2
36.1143	-111.262	1
54.3179	48.4689	1
39.4523	-84.1888	1
40.5952	-73.6611	4
39.1752	-75.5353	3
37.5245	-77.4932	9
5.39716	100.315	4
46.6272	13.3653	1
33.1735	-96.9695	1
40.8632	-74.7517	2
50.6887	3.18426	25
39.3917	2.76997	2
33.7554	-116.302	7
-26.0838	28.0782	12
-20.7898	-41.1967	2
-10.1156	-48.1132	1
52.5103	6.46649	6
-1.27293	-48.4598	83
49.0921	1.48259	1
6.26061	100.421	3
39.4866	-77.9491	1
39.9926	-75.7982	2
-25.9152	32.4707	1
-20.566	-47.8592	1
41.3255	-74.167	4
45.0538	39.0332	1
35.0826	-106.678	9
52.2561	18.2626	1
-25.553	-48.4967	19
6.59291	3.38056	3
49.5004	0.159609	4
-6.00147	-37.8323	1
-20.2351	-45.5266	1
-40.3352	-72.9554	1
39.1423	-77.163	10
37.7403	-81.8792	1
33.7529	-84.2609	8
35.0797	-80.6562	5
37.9532	-91.7625	3
42.8946	-83.79	3
32.7995	-97.2914	6
49.3081	2.61529	5
37.7185	-121.443	1
8.45117	4.5248	1
39.9638	-75.6016	1
52.8118	-0.0167856	1
48.2403	-102.504	1
39.4224	-0.352546	1
47.5105	-52.8133	1
35.9869	-114.968	6
34.6233	-85.8479	1
-20.2601	-43.7964	1
38.6248	-82.839	1
31.981	-106.443	1
26.2195	50.5	1
42.0202	-88.2466	1
0.330453	32.7531	7
53.8222	-2.71083	6
2.96171	99.0491	1
50.5113	30.4159	3
-2.68333	111.624	1
40.073	-74.7243	1
0.38164	109.951	1
1.91295	103.015	3
51.8789	6.07713	5
35.1295	-90.0268	3
-7.14948	-34.8822	81
54.02	-6.4022	2
48.431	0.0922661	1
-6.2189	-35.818	1
-23.0651	-51.0559	1
-22.0585	-46.575	3
45.1447	-89.1493	1
-15.8845	-55.1062	3
-27.9356	-52.9175	1
41.1118	20.7969	1
45.2482	-75.8001	3
5.63259	-73.5227	1
53.2864	-3.78634	1
35.1634	-115.9	3
20.4874	-86.9521	1
29.5862	-95.6384	8
15.4882	-86.5809	1
42.221	-97.0763	1
38.656	-78.6999	1
36.6797	-79.8652	1
47.0558	6.74292	3
50.6217	-2.47486	2
40.8596	-81.4905	2
-27.111	-49.0343	1
32.8309	-115.556	1
21.7812	-72.2476	2
50.2133	19.007	2
56.9519	24.1198	5
51.2216	22.5635	3
18.022	-92.9165	2
35.206	-78.3412	1
43.6008	1.4329	17
40.0206	-3.98008	1
48.5501	5.81096	1
19.6527	-101.276	2
16.0189	-61.7044	1
-2.16351	115.404	3
-18.889	-41.5273	1
-5.5979	-35.387	4
25.7211	-80.4504	4
42.4406	-79.3316	1
30.7019	-88.0889	1
39.1101	-9.27397	2
49.2882	-123.073	15
27.5002	-82.538	1
-0.0278347	109.306	2
-19.3419	-40.1093	3
40.2175	-75.3965	2
35.2954	-106.662	1
58.1574	8.03269	3
-26.7023	27.7828	1
48.303	1.99482	2
38.7874	-77.524	4
-33.6586	151.31	1
28.1744	-81.4634	4
40.0648	-79.8841	3
40.0624	-8.59427	1
42.3527	-83.0992	18
-26.165	28.4056	1
-1.75216	112.635	1
43.8715	-1.31843	2
37.556	-97.2559	3
40.3359	-76.7365	1
36.1028	-78.9132	2
-4.0766	39.6725	4
-27.4315	-48.7294	6
41.0023	-74.2849	4
-5.14383	119.426	15
18.1141	-66.159	3
43.751	-121.514	1
44.5719	-123.278	1
43.605	1.075	1
43.4974	-88.5514	1
38.2753	24.508	3
-6.98253	107.832	1
11.1235	-63.9293	1
32.6548	-96.8968	4
30.3777	-95.6309	2
42.3565	21.1528	1
34.5315	-92.2244	1
37.8223	-85.7682	1
39.7064	-78.5788	1
21.0981	-101.601	1
35.2715	-120.67	1
50.7444	-1.83886	3
-15.8048	35.0267	2
35.6201	139.571	4
36.7248	-76.3137	9
40.6067	8.2752	1
-21.3928	-50.1297	2
-23.621	-45.4901	3
41.2983	-72.9292	9
39.4625	140.561	2
-21.3228	-42.8846	2
40.1918	-75.1311	2
34.1778	-118.165	4
-33.8887	150.969	5
53.4093	6.66888	6
7.70001	-72.3562	1
33.279	-118.46	1
53.3587	6.45953	1
57.2578	24.415	3
50.0526	1.37299	1
11.8805	-86.2414	2
39.2508	-9.31059	1
35.0125	134.996	1
-22.7612	-49.5745	1
-2.57242	-59.9803	123
41.7425	-87.5745	3
37.8038	12.4661	1
35.0052	135.738	2
41.6987	-88.361	1
30.0042	-95.5314	1
3.35359	101.253	3
43.0841	-89.4064	1
39.9239	-105.084	3
19.1075	-100.034	1
46.1364	-122.941	1
41.1385	-81.8073	1
-29.5985	-52.4412	1
-29.3207	27.5044	1
41.2449	-111.935	3
44.617	-76.6916	2
-33.0121	27.9088	1
39.708	-81.5139	1
-12.8753	-38.5026	55
46.2088	-119.142	1
45.7407	9.61546	4
-20.1841	-42.0865	1
37.0757	-76.5039	4
39.7083	-83.8818	3
6.43	3.42925	3
3.81346	103.371	16
-6.77035	-36.3964	1
34.8298	-86.5101	1
47.3193	-122.202	12
32.1767	-90.2865	3
55.7649	37.5876	29
36.086	-79.8906	2
33.19	-97.1234	1
38.4375	-90.4694	1
48.9425	3.33123	1
32.3311	-106.811	1
35.4854	-82.4954	3
33.5827	-85.101	1
-22.4873	-44.1755	2
35.9703	-86.7738	1
35.3343	-81.8737	2
41.9327	8.70883	5
37.7703	-122.436	32
52.8718	6.03287	1
51.0664	-1.31715	2
28.0057	-82.3014	2
-21.5047	-47.3558	1
42.2733	-83.7377	1
40.0691	45.0382	1
15.5915	32.5752	3
5.55654	-0.305626	18
-26.7896	153.141	1
48.7646	2.31052	177
41.073	-73.9181	3
26.5227	-78.6797	2
40.9437	29.1228	3
41.5806	-87.7937	2
38.9672	-76.7939	26
58.9764	16.3461	1
-23.607	-46.7506	94
48.0809	-3.07886	4
5.74397	101.864	1
49.2042	-0.332246	12
-5.28852	-35.6104	1
18.4224	-65.974	2
51.1516	15.0178	1
11.4178	-69.6515	1
37.4692	-121.145	2
-10.8316	-63.2903	1
-22.5927	-46.0515	1
20.5944	-100.351	2
40.0101	-76.3049	1
10.065	-65.0214	1
38.433	27.1712	1
-26.8728	-49.1096	6
41.9678	-71.1832	2
13.746	-60.9612	1
-21.6182	-48.4446	1
5.94822	116.078	2
7.96236	-80.4173	2
51.8691	5.608	1
-32.2122	-52.378	38
47.8731	-0.16799	1
7.49201	4.53225	1
39.2666	-82.8067	1
30.0807	-81.8619	1
-23.6828	-46.5955	661
41.2403	-77.0207	2
0.958023	34.9702	1
52.0081	5.19539	7
41.9172	12.4404	3
66.0829	76.6821	1
50.7924	-1.0808	1
41.7799	-69.9922	1
46.8415	-71.3703	6
-6.70257	-35.1591	1
39.6488	-3.51545	1
51.56	0.236186	2
42.6973	-87.8685	2
3.53034	98.1441	1
-22.7106	-47.7943	7
51.1357	23.4886	1
6.89258	79.9812	3
-34.1218	18.4889	2
35.4473	-97.4878	1
-16.4616	-50.3607	1
-18.3797	-49.4663	1
20.1056	-98.7758	5
55.0193	-1.65244	5
50.0127	2.08635	1
-22.4209	-43.917	44
52.4472	5.21763	2
42.3232	-85.1724	2
12.939	100.88	1
32.265	-107.762	2
21.4599	-71.1475	2
-7.57933	-37.5187	1
-25.4539	-54.4571	2
22.3233	114.227	1
19.6511	-155.861	2
52.1733	4.72028	10
28.5814	-81.7494	1
-3.32976	114.597	5
40.3233	-104.98	1
-22.1609	-54.8613	6
53.7949	-1.54836	6
30.0571	31.3431	1
14.6625	-60.9594	12
59.9724	10.7215	1
14.7281	-92.4315	1
42.5244	-71.7722	1
-15.3568	-52.6376	1
-16.6161	-43.9388	2
53.4016	-2.56133	1
42.9322	-85.7004	1
43.7003	-79.5251	7
47.3928	0.67853	2
52.8088	6.9266	5
3.89572	103.077	2
53.5259	8.10882	3
41.585	9.26626	3
-5.79931	-35.2216	76
52.5002	13.6084	5
35.2508	-81.6682	1
51.2095	6.59225	1
-19.4455	-42.6011	3
50.1843	5.5768	1
33.806	-117.915	23
42.6705	21.1713	1
0.0	0.0	45
43.7726	1.28821	1
52.3766	9.74059	6
54.104	22.9291	1
45.6502	-122.677	4
36.5449	-4.62583	1
-29.5001	31.2424	1
13.1905	-61.2463	7
41.6945	-86.2833	1
10.4862	-66.8209	8
34.96	-120.45	5
1.54897	104.217	1
0.252118	32.6339	6
16.686	121.551	1
51.7536	-1.22448	2
-28.854	20.9986	1
36.5005	-6.27491	1
5.10606	-1.27613	1
-25.3104	-52.3928	1
38.216	-75.6965	1
-0.789275	113.921	1
33.9009	-5.57829	1
32.3653	-90.1373	2
52.7117	5.23118	2
1.64526	103.594	1
49.4412	1.0912	12
34.1932	-77.8133	2
-25.3897	-49.1921	2
5.68556	-0.160535	16
50.3252	2.9813	2
21.0487	-87.0318	1
-3.14106	-58.4454	1
-31.5701	28.7815	1
-23.6859	-70.416	1
39.4207	26.8072	45
-7.08721	-36.3705	1
51.8426	5.83296	8
9.93728	-84.2178	10
-2.15735	-79.9293	9
49.4749	5.94063	1
19.1999	-99.0089	2
52.4675	-7.88881	1
35.24	-78.0134	3
-29.106	-51.5365	6
49.0207	6.76573	3
40.056	-80.5976	1
29.3162	47.9986	4
44.9719	-122.988	3
37.0251	-4.55589	1
52.573	-1.547	6
15.7672	-96.1375	1
46.2575	-63.1437	2
41.9041	-8.86167	6
40.5753	-105.133	1
39.9334	-74.9185	1
-23.1036	-45.7178	2
50.3463	7.58951	1
-1.47131	-56.3737	1
33.1654	129.718	1
51.3283	-0.06739	9
-37.7835	144.993	6
-2.2064	-80.9678	2
57.6247	18.2949	1
35.7293	139.709	15
6.6025	0.489926	1
50.8452	-0.130547	2
38.3517	-75.5991	1
34.7286	138.228	1
51.5939	-3.32852	1
31.5667	-110.278	5
-24.5886	-54.161	1
32.3527	-92.7251	1
42.7466	-75.77	10
-34.0416	151.122	1
47.1281	7.25354	1
43.1861	-79.0269	1
36.6866	-121.641	4
40.3469	-8.59126	1
48.4308	3.55807	1
39.3853	-76.7042	14
-7.87571	110.721	2
19.1943	72.8174	2
64.5713	40.522	3
44.1658	10.1192	1
54.2721	-2.79158	1
56.3385	9.88076	1
57.6811	11.734	3
-22.9195	-43.073	8
52.4991	4.74875	8
22.2858	73.1649	1
-7.96043	111.037	1
-31.7193	115.797	2
-8.43982	116.039	1
55.4359	65.2991	1
-13.5233	-71.9472	1
45.4203	4.39862	3
51.2701	3.19635	1
51.744	-0.343592	4
8.38708	77.1095	1
18.3465	-66.1399	8
-29.7338	-51.0571	19
42.465	-70.9615	10
41.8122	12.7385	1
36.1723	-82.7628	1
9.47299	123.201	1
43.5449	-1.09903	1
32.8246	-117.109	19
51.7206	9.04076	1
-20.2806	57.3708	1
56.2522	-4.32618	1
41.6086	-93.653	4
-20.8756	-54.2616	35
-37.7098	144.79	4
41.1196	-80.334	1
51.0063	6.86873	1
44.0358	42.8779	1
48.0138	7.3824	2
33.6822	-117.654	4
49.3715	6.14425	19
51.4044	-0.287107	2
20.9971	75.5557	1
42.3144	-70.9703	22
48.6216	-123.755	1
52.6748	-1.34497	1
33.1957	-117.357	3
39.1499	-94.5408	3
21.5335	-101.869	1
53.5519	-2.63118	1
-8.13217	113.221	2
51.8298	4.13725	2
31.4963	130.507	1
-23.9555	-46.5075	35
47.4079	6.49083	1
50.8559	4.3779	29
34.0273	-118.159	76
53.0627	5.4073	1
44.191	-87.7379	1
20.0822	-155.438	5
47.2436	6.00636	2
-29.706	-51.507	1
-7.15262	111.583	1
19.0232	72.8296	1
46.1825	6.08737	23
37.6829	-122.088	11
51.5393	5.0748	6
-23.1566	-49.9598	1
42.7271	2.94237	4
-23.5918	-48.0111	4
37.6852	-81.0481	1
41.5008	-72.7575	1
40.1573	-74.428	1
48.6132	7.54396	2
31.1689	-100.077	3
51.4716	-2.59232	5
50.749	5.05229	1
12.4668	-61.4783	1
-28.946	-49.4603	1
-22.0668	-42.9237	5
53.1366	6.73306	3
-22.5806	-45.8213	1
45.1396	-122.846	2
18.0252	-66.6372	3
-31.2458	-54.0659	2
-23.194	-49.3852	6
53.4052	-2.26044	13
6.47011	3.59004	1
39.4399	-8.14751	1
45.4921	10.8656	1
41.3941	2.1393	18
-7.87197	111.469	2
49.2454	0.941208	5
0.177371	-51.3389	1
45.1534	-79.7216	1
56.5576	-2.60082	1
37.2304	-80.4311	3
39.6632	-104.925	1
33.6176	-83.8406	1
39.3237	-78.0373	1
51.5051	4.2956	4
40.928	-98.3538	1
15.4537	-87.9271	1
29.2473	-81.0671	4
28.0692	-82.5799	3
31.3215	-86.4451	1
36.1294	-97.0728	1
-22.7855	-43.3698	3
42.3642	-122.381	1
45.5922	12.7261	1
33.6017	-7.60975	10
-25.3706	-51.5523	2
34.2585	-6.58228	6
4.9302	-1.74272	8
48.6475	44.3981	1
53.1673	-2.36386	1
33.8661	-77.9858	1
56.8345	60.6169	7
41.7813	-72.5168	7
49.5501	2.51287	3
-26.8143	-49.2703	1
-25.8335	25.6058	1
33.6245	-80.9266	6
54.7844	32.0521	1
33.8797	-117.586	3
38.2326	-122.033	1
-26.6479	-48.7357	3
39.6497	19.8609	1
34.0203	-6.83744	2
-5.57728	-36.9084	9
-7.39285	108.184	4
-23.5501	-47.8728	2
60.9342	26.8318	1
-22.737	-42.5939	1
34.8007	-87.676	1
-27.3654	-53.4184	2
-10.1874	-48.3175	1
-13.9565	33.7666	2
52.0046	4.21273	28
37.9179	-84.367	2
2.06667	45.3667	6
-6.77022	-36.9928	1
-25.6835	-49.3049	2
18.9338	-99.2608	2
35.6138	-115.385	1
-8.43046	-36.7454	1
-17.8012	31.0619	2
37.1465	-83.7665	1
51.1673	4.13428	1
50.4594	4.85369	3
54.7305	56.0375	1
50.2015	8.85839	1
37.0564	-88.6329	1
36.1797	-115.095	8
-7.63351	108.621	1
29.5507	-95.0925	6
35.14	-97.8217	1
41.0774	-81.5123	9
-29.8907	-50.9563	2
-6.27823	106.991	39
36.8455	-76.1326	11
43.281	1.98269	1
34.5698	132.753	2
-23.2365	-51.7305	3
-23.3921	-46.4538	45
29.5125	-98.7129	5
44.1473	-79.8859	1
27.987	-80.6491	2
-29.0087	-54.012	3
-8.18811	113.647	1
-3.32739	36.4519	1
19.2524	-99.5724	2
-30.2041	-50.8679	3
38.7724	-92.3074	2
31.9627	-110.344	1
-22.7373	-42.0434	4
3.88336	-77.0249	2
40.3653	-82.6694	3
50.4083	4.45484	1
38.9961	-5.72451	1
39.1363	-84.5404	7
40.6117	22.9809	1
39.9844	32.8495	3
30.3973	-88.9308	1
47.8001	7.32587	2
36.8757	-94.8669	1
-7.89058	110.337	16
-3.30786	119.196	1
39.2106	-76.6786	2
48.3909	1.04065	1
-12.8381	28.0857	1
26.1322	-80.2963	15
-2.61207	140.68	1
47.49	8.75055	1
49.5571	2.93379	11
38.9658	-94.9754	1
46.2515	6.33152	1
35.821	-90.6687	2
43.5972	-84.7703	3
39.6146	-77.7839	2
53.9951	-1.5392	1
32.6772	-100.913	1
8.95264	-75.4465	3
35.9886	-77.8162	2
-27.8534	-52.1704	1
29.7185	-95.3457	9
-21.3328	-42.6531	1
-1.40158	36.7617	14
-8.80483	115.166	4
3.84404	11.5335	3
41.0414	-73.5776	4
8.53564	-82.8466	2
44.3212	-61.8117	1
40.586	-74.4768	5
4.32632	113.971	1
-43.5323	172.581	1
35.3822	-77.9245	1
40.9602	29.3006	1
15.3196	-91.4739	1
37.2968	-121.817	12
37.6529	-120.991	6
33.8492	-80.8673	3
30.3726	-103.669	1
20.6542	-87.0703	7
51.2229	-1.4366	1
47.273	-120.882	2
51.6546	-4.08838	3
-14.8623	-39.353	1
32.7475	-116.984	8
-22.3971	-47.613	10
34.0525	-84.0657	3
38.5589	-89.9918	1
3.16794	113.049	1
56.2771	44.7651	1
43.367	-1.77014	2
35.995	-115.138	9
32.4579	-98.6828	1
36.5234	-77.5862	1
-22.1998	-51.302	1
28.4944	-81.4576	7
-1.74911	102.839	1
52.495	-1.88127	13
47.9984	2.73301	1
-27.2447	-48.6992	4
-19.8865	-43.634	1
30.9213	-93.2831	1
3.23187	101.386	6
34.2633	-88.7253	1
34.4387	-118.618	1
47.4029	-101.533	1
16.8587	-99.8896	1
45.9666	5.83109	1
34.011	-83.9043	4
39.1594	-84.4002	1
-23.4594	-46.7499	4
23.5971	72.3796	1
-19.6019	-40.7725	1
-8.69046	115.261	15
-0.957382	36.6288	1
29.7959	-95.8299	1
33.9327	-83.3625	2
-22.916	-43.4474	131
53.3215	50.0679	1
-33.5781	-70.6374	5
42.5654	20.9269	4
30.0836	-95.9871	2
-28.7303	-51.6044	2
9.90735	-84.0687	6
25.81	-80.1401	16
10.4429	-85.7746	1
-23.3995	-49.5154	2
42.6385	-71.3551	6
37.3357	-120.494	2
52.1575	5.2966	6
46.6945	0.35547	13
43.7383	4.19211	1
49.0209	2.60279	16
25.3244	55.4473	3
47.5596	7.58314	1
38.7508	-104.835	3
4.64713	101.203	6
61.5218	-75.0065	4
51.6631	5.65647	1
50.1548	4.62511	2
38.9754	-121.547	1
-22.2849	-45.9067	3
43.4465	3.75877	1
10.5066	-61.5346	1
29.8239	-95.4621	28
13.9332	-90.7126	1
18.4296	-69.9811	1
50.631	3.0472	28
50.1659	-5.10417	2
13.5006	-88.8732	1
10.1583	-64.6947	2
28.7406	-81.3739	1
-18.135	178.425	1
36.9612	-121.997	1
52.1109	-2.73995	1
-29.6926	-51.2449	2
38.6876	-87.0184	2
41.2919	-96.0407	1
51.4736	5.6531	24
32.8629	-96.9614	5
44.3992	-122.702	2
-40.8777	174.997	1
40.5851	-111.845	3
36.3227	-121.244	3
8.922	-79.6948	3
34.0836	-118.004	18
29.583	-97.9828	2
52.1515	6.39524	1
41.4599	-75.1862	1
-43.8949	171.761	1
3.61117	101.95	1
44.201	0.62755	1
50.281	-3.78303	1
25.6503	-100.366	13
-20.4274	-40.3758	18
20.6767	-103.337	3
48.8128	1.94829	23
6.42484	100.416	1
43.5104	-79.8199	1
-22.6133	-43.7186	3
-9.53333	-35.6873	14
3.09604	98.4934	2
36.7967	-4.68937	1
-6.28588	107.363	5
-3.13832	-60.0125	72
52.8083	4.73476	2
38.8827	-75.3754	1
44.9709	-93.2615	2
35.515	-97.7689	1
54.1479	45.2109	1
42.2447	-83.3419	3
31.7761	-106.288	4
21.8495	-102.327	3
-22.7046	-51.3568	1
0.553025	35.3154	1
42.1985	-122.719	1
51.6821	39.2585	2
29.973	-81.5293	1
46.3268	4.80807	1
-22.4361	-45.3967	1
22.2925	-97.841	2
51.1732	-0.154622	2
34.5242	-77.3479	1
48.3144	-3.56532	1
-23.513	-51.0998	22
10.4667	-68.0167	3
49.1883	6.8999	3
52.9499	7.11599	1
43.1169	-79.3299	2
-23.7811	-45.385	1
43.6041	-71.6345	1
38.5532	-122.811	1
9.36643	-70.4326	1
10.2078	-68.007	5
56.1308	47.2532	2
31.7897	-115.229	1
-6.90387	106.856	4
43.8903	20.3426	1
38.9675	-95.2384	2
49.6182	0.768295	1
39.803	-75.0441	4
-20.4597	-46.0594	1
-1.10323	36.6312	2
29.1738	-82.1567	1
39.5146	-8.56205	2
-23.7363	-52.5974	1
52.3461	5.4624	5
37.2791	-80.0165	10
39.1071	-76.8471	4
51.2418	5.70368	2
51.516	4.46009	1
44.8342	-93.3572	2
38.429	-121.386	2
-14.2393	-53.1848	30
5.66656	-0.0182949	2
50.5298	7.13144	1
38.3159	140.266	3
62.1344	25.6558	1
51.2097	0.251052	1
34.9388	-81.0267	1
34.8045	137.352	1
-29.2155	-51.9275	4
-21.2134	-47.818	13
13.1757	-59.4685	3
52.1016	6.58058	2
55.1559	61.3679	7
28.873	-81.3136	1
-20.0225	-40.1618	1
36.7173	-4.86936	1
49.344	2.9743	1
43.5794	-116.213	1
41.6375	-122.528	1
51.8714	0.862851	1
-1.71186	113.698	2
-26.3075	27.9439	16
32.9545	-111.654	1
41.1552	-87.8597	2
58.5905	49.6388	2
-19.3804	-47.5054	1
19.4734	-70.667	5
-29.0686	-51.0353	10
43.4554	11.9101	1
38.0034	-79.4209	1
52.237	13.437	2
-17.4297	-39.8367	2
19.6302	-99.1307	20
32.5362	-84.8988	2
-18.1336	-49.0228	2
35.0702	-78.8937	3
48.6829	2.18475	20
-5.569	-50.0651	2
35.2302	-89.3554	2
49.5072	8.66993	1
51.1986	4.47731	9
46.8359	7.65833	2
40.7326	-111.938	26
-25.4665	-49.0602	2
-1.36408	-48.2946	1
-21.6649	-42.3505	1
-25.5178	-54.6285	3
44.7969	-91.4712	1
35.6825	-105.982	1
51.4666	-3.20636	7
48.5973	-3.82258	1
40.107	-75.2774	2
43.17	2.83262	1
2.44375	101.863	4
-21.9751	28.4218	1
40.3487	-94.8786	1
47.7559	-122.343	1
5.33387	6.65493	1
-23.5108	-46.8823	18
22.3111	-100.956	1
48.7803	5.29377	1
-21.112	-42.9762	1
53.1958	45.0387	1
58.5534	31.2773	3
-20.3075	-40.4704	2
-7.04882	107.129	1
42.997	-78.7888	4
45.7766	6.65455	1
48.0049	0.199297	5
-28.3924	-49.5282	1
29.5309	-95.3038	3
20.3296	-97.8959	1
29.8904	-97.9373	2
41.9593	-72.3033	1
45.3415	5.624	1
56.4652	-2.96344	1
-29.553	-52.2026	1
3.47874	101.868	1
44.0217	1.36496	1
45.5032	-123.163	2
-26.0483	-53.0508	1
53.0947	6.42258	1
18.3419	-64.9573	8
-20.1139	-44.9368	1
43.5964	5.0098	3
42.8439	-106.27	1
-6.08926	-38.1235	1
40.446	-80.1532	2
-2.42814	-54.7077	7
-8.9356	-36.4725	2
-6.74538	-38.2186	5
36.0487	-80.1364	2
41.8056	-72.2508	2
-28.2499	-54.3217	3
-0.343536	-78.4385	2
48.3225	3.13735	1
43.1009	131.926	1
40.4542	-79.8637	7
18.2763	-70.3285	1
46.667	-1.28332	1
33.9498	-117.399	10
-22.5918	-47.3616	7
28.16	-82.3417	2
38.3097	-104.71	2
42.1511	-72.6464	4
-17.7577	-71.2113	1
4.68209	-74.0759	14
39.8121	32.5695	1
-20.2804	-40.2928	79
3.54863	101.659	1
41.226	-84.2662	1
30.2928	31.7459	1
34.6883	-79.1007	1
32.215	-98.2162	1
43.526	-79.6745	3
31.5229	-97.1267	2
52.0384	0.733362	1
32.7886	-117.25	10
41.5246	2.37556	2
54.7838	39.3606	1
-16.7041	-49.2745	10
45.7881	15.9411	1
38.9679	-92.3036	1
46.8717	-96.7489	1
-27.5825	-48.6727	3
4.70037	7.15535	1
13.69	-89.19	25
37.074	127.031	1
34.0635	-117.268	5
43.2011	-70.7976	1
49.0983	2.75373	2
27.7602	-97.4057	3
-41.3255	174.827	1
20.8711	-156.674	2
50.5289	2.8929	2
38.9369	-94.6096	4
51.1797	6.0188	1
-22.3947	-44.9683	1
1.38576	103.999	10
50.8774	5.96095	7
41.7797	-87.8511	17
-28.3542	-53.5479	1
-21.5453	-42.6605	2
-30.0997	-51.1593	114
48.3435	10.3669	1
52.0286	5.38838	1
39.5782	-79.8737	6
40.551	-84.3719	1
26.7059	-80.0524	5
14.8182	120.95	1
52.5418	9.45383	1
50.4968	5.88334	1
41.7577	-70.6991	3
-21.708	-43.4227	4
35.7782	-78.8294	2
-0.362939	35.9293	1
-29.1925	-54.8575	2
45.5346	-73.4101	5
47.4898	-117.58	2
28.8517	-82.275	1
-29.6368	-54.1842	1
51.7835	-0.808262	1
51.5077	7.47031	2
50.8707	-1.57766	1
-12.9611	28.6423	2
34.1876	-118.89	3
34.6985	-82.7837	1
-15.3959	35.3324	1
-20.5973	-40.5401	1
44.0413	-123.098	1
41.0328	-71.9462	1
49.1501	2.2728	3
53.4733	18.7869	1
9.20035	12.5014	1
34.2111	-119.179	6
12.869	74.845	1
-33.3562	-70.252	1
31.4366	-110.93	1
52.6665	4.67241	1
40.6283	-75.4373	1
52.0509	1.20963	1
29.6621	-82.2951	3
30.0813	-94.1291	1
48.9751	1.71	12
25.1097	55.1481	1
34.1088	-117.463	12
51.2789	-0.373759	5
48.1549	11.5418	2
25.0569	-77.385	13
-23.086	-45.5067	9
33.9421	-80.015	1
40.2139	-74.0248	3
-29.7528	-53.8242	5
-1.21955	36.8761	20
21.3404	-157.869	16
30.0608	140.596	1
42.2964	-88.0032	2
35.3644	-94.3597	1
-20.8814	55.4488	2
48.019	6.58899	1
50.9486	1.95061	2
-13.7803	33.7812	1
45.552	-73.7359	15
48.95	2.92635	11
41.1463	-81.3568	2
-29.9356	-54.7843	2
51.3315	4.08017	2
10.6296	-61.3549	2
8.62514	-70.2063	1
-0.587732	111.388	28
35.9261	-89.8943	2
49.8988	2.28468	1
41.6994	-72.6619	20
52.5068	13.4246	7
-19.5891	-44.8814	1
4.24884	117.907	1
48.4791	34.91	1
15.225	145.737	1
40.8366	-80.5454	2
39.6525	-75.6223	3
43.451	6.79082	7
37.6276	-122.409	2
-25.4694	-50.6579	1
-22.3031	-48.5459	2
26.1801	-80.1565	20
43.724	-0.593434	1
-22.6928	-45.5382	3
-23.5192	-50.7834	1
48.4667	1.76496	2
-8.0436	-34.9394	42
-28.4795	24.6701	6
47.0869	2.38756	1
48.4567	-89.1849	1
26.9165	-82.3287	1
38.6574	-121.002	1
-36.7374	-71.0353	19
48.1639	6.48661	1
-20.5187	-48.6196	13
-31.5614	-52.3342	13
38.8355	-9.36059	9
-21.1302	-48.955	1
33.3449	-110.456	2
45.7851	3.10005	3
42.4575	-73.2557	1
3.05992	101.451	26
39.8257	-84.9358	1
-22.7449	-42.2907	2
-15.4552	-55.8425	2
35.9304	-79.0607	2
52.087	34.4001	1
34.6579	135.892	6
40.0497	-87.8273	1
37.7002	-77.4225	1
48.6839	6.11844	7
54.9606	-1.47435	1
45.9097	9.32164	2
7.00097	81.0531	1
50.3881	-4.11457	1
-26.2617	-48.9665	14
-25.6563	28.2531	3
51.8873	5.39853	2
29.6039	-90.7176	2
51.555	-1.8264	1
-20.5171	-43.7	2
-22.196	-46.7483	1
48.4227	2.15247	2
20.7498	-102.313	1
52.2317	5.16053	4
30.2036	-85.6033	2
33.9931	-80.9341	3
34.3985	-119.75	13
51.977	6.29161	2
49.1144	6.16554	3
-12.5584	-41.3875	1
27.5191	-97.8612	2
36.3229	33.8882	1
34.0341	-80.4905	3
44.6854	-63.4869	2
6.07984	116.16	1
33.6007	-84.1055	2
36.3554	-119.07	2
-8.1851	-36.0151	8
34.4741	135.798	4
33.4875	-80.8655	1
51.1666	7.08455	2
32.4194	-81.7817	1
30.4602	-91.1116	7
-36.5967	-72.1063	3
18.4502	-69.6133	1
33.4387	-117.141	1
41.4462	-82.7072	2
-20.7279	-46.6212	1
34.5544	-118.056	3
43.825	4.35399	1
-33.9545	18.4743	1
42.1971	-8.77156	1
1.00185	116.394	2
48.3588	10.9021	1
-7.2771	112.717	48
-11.0019	-37.1007	16
39.9541	-82.8669	6
40.1045	-82.9804	5
50.6815	5.33788	1
41.5228	-112.02	1
29.9942	-90.0676	10
-22.5872	17.0641	5
-33.8795	151.215	1
34.1341	-116.062	2
30.9373	-91.4009	4
43.0584	141.372	2
6.50829	124.832	3
43.7216	10.4117	1
-15.8427	-48.0095	3
51.2431	1.32529	1
-7.22489	107.902	3
33.7678	-84.4181	33
51.9675	-1.50898	1
31.5939	-7.95924	2
-22.8643	-43.5814	1
39.7797	-86.1328	3
6.41816	100.257	2
51.3484	3.31486	1
45.3333	-73.6186	1
45.8586	1.23198	13
42.5086	-92.4509	1
-0.336276	100.4	1
-38.5933	145.591	1
9.98191	-84.7592	1
-22.2336	-47.0166	1
-26.8881	-48.6569	3
41.2539	-73.0666	4
32.6765	-114.651	1
21.6531	39.117	5
-7.7366	110.394	19
40.6161	-74.0255	40
4.39977	115.232	5
27.29	-80.3374	5
-20.9931	-49.2025	1
50.6645	6.21891	1
28.3746	-81.3482	3
39.3371	-75.636	1
-32.4029	-53.3233	2
43.5926	3.36692	1
-23.2212	-46.8259	18
4.60165	101.053	2
-15.5585	-56.2538	1
-9.96766	-67.8117	2
-22.803	-47.4357	3
35.1264	-106.523	2
35.1705	-79.861	5
40.8267	-73.0771	3
53.1225	6.0943	3
33.7259	-117.008	2
49.1474	0.242507	1
-15.7763	-47.7966	90
52.7069	5.50797	2
32.8207	-96.7315	1
42.6323	-88.6471	1
51.6491	10.3345	1
19.5138	-90.7914	2
37.1195	27.2913	1
-6.96636	107.576	58
49.8477	3.2792	2
41.8874	-87.641	6
-19.0577	-56.6532	1
-22.919	-43.2628	4
-36.9173	174.887	12
-10.0678	-37.6185	1
46.9188	-98.0046	1
33.8946	-116.973	2
19.1645	-98.4098	2
54.5135	-5.6262	1
42.1771	-84.6456	1
43.0019	-88.0446	5
53.5203	49.4315	1
60.1595	25.0186	2
-24.0958	-46.8159	3
-20.2774	-50.555	2
34.2047	-82.1367	1
-6.16896	106.827	159
58.1996	15.0636	2
27.6986	-83.8046	7
0.247298	-51.0637	58
36.7783	-119.418	2
-7.53211	110.792	3
-21.7554	-48.1719	4
-22.2973	-42.8797	2
41.1621	-8.62191	1
51.5608	15.5169	1
57.6964	11.9774	2
-27.4024	-51.2119	1
-28.487	-49.0457	1
51.5818	0.800536	1
39.3881	-74.5084	3
49.7856	0.452327	1
-21.65	-41.4319	2
-4.63165	-40.1716	1
41.2714	-8.09671	2
42.6598	-83.2472	4
46.7688	23.6078	1
44.85	-0.588012	30
41.5833	-72.3712	1
14.309	-90.3656	2
-25.2936	-48.7089	2
8.64224	-82.9607	3
35.9173	-81.1685	1
9.46059	-64.462	1
41.4063	-82.0867	1
5.18089	-52.6864	1
47.0148	142.67	2
1.69096	103.924	1
46.8071	1.68788	1
37.3509	-121.954	20
38.3553	-0.515521	1
-27.6481	-48.5253	3
6.53731	-0.747167	1
33.0163	-84.5035	1
42.7027	-71.1839	14
-7.52078	-35.3209	2
38.4172	-78.7156	2
29.3751	-94.9804	3
48.6189	2.97564	6
43.4782	-80.5283	4
52.6231	-1.68424	1
2.44135	103.986	1
37.1059	-113.56	1
-22.8437	-47.2618	19
-25.3223	-57.6344	2
39.1737	-76.5241	3
39.1713	-86.5319	2
42.5051	-71.2049	10
38.2392	-86.1319	1
10.41	-75.5338	3
61.1089	-149.44	3
43.511	-1.46727	3
25.961	-80.3938	5
10.3937	-71.4474	1
49.1994	-122.913	71
43.6293	-79.2725	25
11.1541	7.65173	1
4.91025	6.29689	2
-5.1331	-39.7297	1
-33.3682	-70.5003	2
52.7057	6.37347	2
47.6588	-117.423	1
46.3707	-96.1663	1
47.6653	-2.90366	1
53.3677	-2.09521	1
38.9961	-77.4045	8
-23.546	-47.1376	16
-36.8513	174.757	2
38.3811	-81.7632	1
56.0229	92.8965	2
31.5736	-91.3879	1
-18.8141	-48.892	1
39.7681	-75.8815	1
-22.442	-44.5232	1
41.2372	1.71072	1
17.9978	-76.7813	9
-28.2628	-52.4442	2
49.3294	8.43412	3
10.4303	-66.9758	7
-23.2663	-47.2852	1
42.1637	-81.9581	1
31.8063	-106.455	7
0.481197	101.501	1
37.9923	-79.1385	3
-17.901	-39.3747	2
48.9174	11.408	1
48.8447	2.82593	18
37.9679	-121.289	2
18.3838	-77.3698	1
38.6054	-76.926	2
-22.4173	-49.1949	1
43.1489	-88.2428	1
45.6221	-73.2231	1
52.3871	13.1165	4836
16.2955	-61.3541	4
43.536	5.3879	3
38.5741	-121.267	2
30.5964	-96.2957	1
34.0929	-83.7619	9
-2.54526	118.03	2
59.9394	30.0922	1
38.6849	-9.31918	2
51.9069	-0.454403	5
43.0286	-85.4997	1
45.4702	6.45401	4
42.3433	-7.90485	1
-9.99977	-68.2655	2
41.5124	-81.6672	11
39.8659	-85.9502	1
55.8232	49.0958	1
-13.8764	-171.608	1
51.5858	4.76632	3
41.0558	-76.854	1
43.2489	0.106426	2
-24.1265	-52.366	9
41.6136	21.7433	1
-22.875	-49.9677	1
39.4747	-87.3729	1
47.3321	5.03236	18
-20.785	-49.3592	3
50.4599	9.20066	1
39.5972	-83.6496	1
5.81556	-74.5901	1
41.0881	-80.656	1
49.0918	0.590981	1
-0.0092146	34.5918	1
4.19421	103.436	1
3.03296	101.654	72
30.6334	-87.0535	1
40.8119	-96.6925	1
-20.4819	-54.625	5
47.8614	-122.156	1
1.42922	110.333	3
39.854	-76.7061	4
36.1866	-86.7851	4
14.5577	121.012	21
59.0838	17.5272	2
56.537	21.0366	1
39.9775	-86.1641	1
-16.1054	-47.9561	3
40.7883	29.412	2
28.7069	-81.8879	1
13.2836	-61.1232	1
47.9827	-4.12806	2
-28.4934	-49.3216	1
-23.1418	-44.6958	2
44.4178	12.2057	1
-23.54	-46.3466	2
32.6782	-83.1783	9
51.2476	4.7174	1
33.9282	-84.554	3
50.5421	-4.15403	1
45.5535	-94.1924	1
42.4661	-87.8446	2
40.4354	-111.905	1
33.746	-85.8852	1
49.0118	2.03587	46
-24.1518	-49.818	1
24.7124	46.6727	3
50.9336	3.97556	5
38.8048	-77.237	19
42.8506	-2.69861	1
32.1774	-110.884	8
50.7975	3.7596	1
-6.81394	107.284	1
38.1374	-83.1459	1
50.0167	8.29803	1
43.6863	-85.4866	1
49.3168	7.3393	1
36.62	-121.856	1
43.0818	-79.1299	1
52.1724	4.97775	3
37.7762	-81.184	1
50.5841	21.686	1
36.0528	-115.28	5
40.7666	-73.5302	2
36.8754	10.2199	43
48.4714	2.33058	3
39.2048	-75.876	1
44.8913	-0.734876	1
43.2365	-86.2565	4
33.9813	-78.7097	1
-25.1834	-49.3145	2
38.27	-122.419	4
39.6901	-105.126	3
-18.8575	-41.9548	3
20.2948	-98.893	1
0.295431	32.4827	7
51.4617	3.57696	1
-7.00267	-43.1151	1
55.6605	11.6044	1
0.631816	101.416	4
-23.9506	-46.2257	84
-28.1373	-54.7218	1
20.5227	-100.772	1
-21.6987	-45.2245	2
-6.27501	106.658	23
34.0071	-118.761	1
-29.3448	-50.7668	1
42.2397	-96.4715	1
38.4425	-81.6274	1
52.7277	6.51833	2
-20.7541	-44.6953	1
-7.58889	-34.9452	1
36.929	-5.25646	1
37.992	-121.731	1
1.35368	103.834	44
37.0544	-7.90709	1
30.033	-89.8826	8
51.4485	5.453	8
38.5419	-121.741	2
-21.9643	-51.3537	4
49.2644	-84.7477	2
53.2385	-1.43681	3
42.7418	-71.4552	1
14.0198	-60.9796	4
49.2477	4.03252	2
20.941	-89.6236	4
-3.48871	-39.1179	1
51.5273	46.2015	1
-7.41845	109.648	3
42.8158	-1.6496	1
-29.5883	-51.3433	2
53.8549	34.4503	1
37.1816	-7.44996	1
3.19218	101.771	10
17.3421	-99.364	1
44.0636	-91.66	2
1.5254	103.838	7
-23.5594	-46.1857	11
-25.7733	-49.7135	3
30.2978	-97.7534	7
48.1107	-1.19703	1
-23.0617	-54.1995	3
53.0324	5.68487	1
-3.94581	-38.3718	1
5.34004	100.481	1
9.03863	-79.4898	14
26.2791	-97.7537	1
38.725	-89.9666	2
48.2632	2.71856	3
53.2767	5.98029	1
51.5616	7.23263	1
43.0971	-93.6127	1
-17.3235	-53.2158	1
-0.428548	36.9303	2
41.2927	12.5735	8
21.3318	-158.027	2
35.5174	-78.3211	1
-22.2387	-49.1125	3
9.91925	-67.374	2
39.3825	140.06	1
39.7256	-75.4633	3
-26.1077	28.2356	4
48.7199	44.5228	1
33.9213	35.6235	12
47.4578	-122.342	4
43.3916	-124.228	1
51.7688	4.75251	10
51.8174	5.25599	1
-26.0616	-48.8685	1
47.3548	8.32699	2
52.4073	4.63979	6
48.9569	1.54012	3
-20.0806	-44.5819	1
48.845	2.63336	60
32.3783	-83.3604	1
21.44	-158.187	6
44.447	-79.8013	2
38.9421	-9.14701	2
-7.51809	110.591	1
42.3957	-82.9336	2
-12.4223	-41.313	1
19.0322	-98.1543	6
-28.3065	-53.9244	2
0.84751	100.667	1
41.122	-75.9529	1
38.9089	1.43238	4
15.3012	-61.3861	1
-16.5715	-54.6067	1
-36.792	-73.0837	3
26.9268	-80.1183	3
40.7134	-73.7589	44
43.0951	-0.040271	1
1.46337	103.698	7
51.6468	-0.0323284	7
50.6234	9.73215	1
40.4723	-86.1388	1
53.1597	-1.18425	3
30.2231	-93.2224	1
-24.9546	-53.5032	7
46.5143	0.286433	6
-36.8589	174.608	1
-20.0759	-43.8929	2
27.9484	-82.4639	1
6.38828	2.3672	1
49.245	-0.0244	1
14.4679	-61.0667	4
-3.29008	102.875	1
34.1744	-79.7849	2
-33.8906	18.6333	3
36.6209	-119.325	1
-32.5295	115.714	2
50.9127	-1.34376	3
51.3217	6.08998	4
41.121	-112.047	1
-2.62921	-44.3026	12
37.2843	-76.693	3
48.2771	4.04685	5
39.5954	-106.094	1
52.2318	10.9964	1
33.1135	-96.672	4
-29.0994	-52.5902	1
40.8946	-73.8485	21
-33.8762	25.4813	1
-23.0558	-44.8942	1
5.68123	-76.659	1
32.9933	-80.03	1
-26.3749	25.4619	2
34.5699	-77.9171	2
-7.12959	111.743	1
63.1668	25.7494	1
50.8088	7.04008	3
35.2035	-80.836	20
3.68009	101.014	1
52.9147	-1.46997	4
42.4219	9.0665	1
38.7591	-85.9346	1
-7.32746	110.494	3
6.87083	7.41049	1
40.5814	-112.046	2
35.7739	-78.5837	23
-30.8563	30.3682	1
32.0496	-81.0535	5
42.5737	-70.8597	1
37.8118	-121.229	2
28.5748	-14.6268	1
-18.7968	-40.0622	2
-22.0619	-42.3393	1
42.4504	-85.6746	1
6.67287	-1.55592	14
-26.3199	28.3914	1
39.3395	-77.2394	1
46.9503	-104.094	1
-23.7454	-45.6207	3
50.0489	14.3411	2
-7.9725	112.629	25
48.0582	-0.769184	1
43.7051	-70.308	2
-6.62828	106.672	4
38.7965	-76.9693	16
39.3999	-77.4423	2
0.712061	35.1287	1
-23.5259	-45.8662	1
-19.604	-43.2996	1
33.5423	-5.10417	1
-15.839	-50.2209	1
52.9908	6.25623	1
41.3387	-72.6905	4
32.3924	-80.6837	5
39.1756	-96.6036	2
37.7587	-122.235	10
-22.8952	-47.0303	23
-22.9365	-46.5619	2
41.4321	-8.42094	3
46.7877	-1.62297	1
-6.53332	106.814	17
-27.6534	-51.0923	16
37.5394	-122.282	6
46.4877	6.77179	1
39.7308	-121.844	1
-1.5942	103.619	2
31.2081	29.9625	3
43.8673	-79.254	4
38.7989	26.9688	1
33.4441	-117.706	2
35.1891	-119.037	3
-22.4758	-46.6045	1
54.5673	-1.24886	1
36.302	-75.8016	1
51.5906	0.471691	3
32.3223	-86.2304	1
43.412	3.30164	3
46.1621	-1.17657	1
-11.7057	-40.1396	1
-15.6159	-56.0566	1
7.76174	-80.2672	1
47.613	-122.342	20
41.5559	-73.0391	6
43.6548	-116.669	1
29.746	-94.9762	1
-22.8383	-48.5474	2
52.7438	4.89545	7
27.7877	-82.3417	5
30.9815	-87.2659	1
6.11659	102.261	1
40.1182	-88.2714	2
19.4742	-99.3104	6
-30.5529	-53.4955	15
22.0834	-159.353	2
36.7919	-108.693	1
43.0694	-88.5014	1
-28.9358	-51.5434	1
53.8437	-1.85083	1
-6.15044	106.193	4
40.3703	49.8125	2
53.6586	-1.41183	1
51.7481	-3.37323	1
43.5518	10.4737	1
52.2694	6.24166	7
6.01225	116.396	4
33.1579	-117.096	2
41.1159	-74.0641	1
51.4518	-0.93297	1
-8.45547	115.072	1
34.6733	134.944	2
14.9252	102.014	1
33.7925	-84.7813	3
2.04811	103.382	25
-23.9162	29.477	1
-0.903136	100.358	2
59.9341	30.3287	10
43.8482	-79.0435	2
-6.91833	-36.8987	1
52.1908	4.4131	9
50.6846	16.6244	1
39.9981	-81.7337	1
40.7809	-73.9772	83
49.5426	5.68366	10
35.264	-116.689	1
17.8006	-101.457	1
27.0524	-82.1013	1
6.67667	3.60298	1
48.5629	3.28426	1
38.4927	-8.85268	1
28.2491	-81.2751	2
40.637	-80.4521	1
53.5846	-2.48296	2
-23.7108	-46.4227	38
-28.7189	-53.5192	2
43.2519	-2.93316	2
-21.3646	-46.0058	1
51.1272	16.9913	1
3.30508	103.121	1
0.0373329	-51.0701	49
45.4203	-122.666	9
-28.3896	-54.8743	1
41.8401	-0.894539	1
33.5786	-101.877	9
41.2898	-8.38489	2
51.2711	7.19657	1
-6.54626	107.446	6
34.2647	-118.338	10
46.9542	6.84222	1
35.6285	-77.3252	1
47.1612	19.5059	1
10.2755	11.178	1
49.2771	2.46442	7
-3.78965	-38.5199	15
-31.949	115.856	2
-27.6164	153.034	3
38.4328	-85.1673	1
11.1688	125.01	1
52.2939	8.09987	1
29.9841	-90.2641	1
61.2047	-149.864	10
-7.47569	112.637	1
52.3331	-2.0624	2
43.8374	3.75508	1
39.1451	-75.3867	9
53.2321	-0.544599	1
-2.87612	-40.496	1
42.0634	-87.7189	1
51.5416	0.664369	2
-30.1649	-51.4437	1
43.1786	-77.6096	1
35.7088	-86.9072	1
48.3884	2.96241	2
18.6552	-95.9613	1
40.3002	-74.7132	3
-1.04612	36.782	1
-34.1959	-70.6273	1
12.9609	77.6025	4
5.78895	-55.1856	1
41.3986	-81.5078	9
-8.36507	-35.2299	1
48.1634	-122.136	1
33.6851	-117.204	5
64.8838	25.3777	1
38.8745	-6.85618	2
-22.4704	-41.9413	1
35.2468	-97.3625	1
51.5163	3.83821	3
19.3615	-98.9738	9
60.6505	24.8377	1
34.0014	-81.2845	1
48.383	31.1814	22
-24.6742	-51.7844	2
-5.21541	-42.8028	5
55.0015	82.9557	3
-24.2832	-47.0136	1
-6.33062	106.836	35
-19.9422	-44.1928	5
42.3786	-71.1122	16
-30.7883	-52.2777	3
41.3035	-81.2221	1
16.2586	-92.301	25
49.5004	8.50214	2
7.77522	6.7374	1
43.7087	4.63576	1
-12.6734	-38.539	1
3.26505	99.3892	1
34.7318	-82.4423	2
-7.27568	-35.9777	15
-12.6667	-38.2047	1
56.2847	43.851	1
52.3445	6.65941	3
32.8247	-79.9705	4
-23.1958	-49.6809	3
44.069	-89.2877	1
-29.4585	-51.2683	2
47.1825	8.03068	1
51.4409	7.016	1
32.6074	-117.09	10
52.2051	6.79929	1
53.5827	-0.647898	2
-29.8024	-56.7397	1
50.5811	2.3688	1
35.2906	136.893	3
17.405	78.4113	1
17.9832	-93.3677	1
33.3955	-111.738	7
-6.35789	106.495	1
53.7619	-0.331942	4
-28.0967	153.373	1
42.4879	-83.2486	10
55.9104	-123.87	1
42.6848	-73.7956	1
8.6996	-83.1086	1
33.8673	-83.9666	2
43.7267	7.41481	2
-22.9527	30.5537	1
41.647	-91.5361	1
33.6438	-111.92	2
19.9165	-99.3233	1
33.876	-82.0105	2
1.46377	124.826	5
43.1215	5.93033	3
-7.29943	108.759	1
-23.6482	-52.8722	1
48.9967	8.4325	1
36.613	-88.3257	1
-30.7969	27.9638	1
37.531	-121.995	1
37.3831	-5.92355	6
-5.48052	120.255	1
49.5148	4.38139	1
50.967	5.48989	4
43.6237	-94.9845	2
39.4732	-74.9919	1
52.1105	6.11219	2
35.9902	129.476	1
50.4598	4.00123	1
14.9205	-92.3094	1
52.3548	4.90405	24
53.7172	27.9867	14
38.4792	-75.5284	1
41.3399	-83.1168	2
21.5044	-158.002	3
42.0712	-88.0456	2
30.5211	-87.2029	1
55.5799	12.9349	3
45.6164	5.15501	1
47.4824	19.1295	3
-7.36648	108.558	1
-27.7689	-48.6676	1
-11.4119	33.9994	1
51.0801	-2.88089	1
39.5922	-8.37447	1
-3.12394	-47.6536	2
51.968	6.73115	1
-6.6801	108.533	2
35.0985	-106.277	1
41.5174	-84.1343	1
42.8756	141.603	1
52.0182	4.7085	4
-21.2635	-50.3531	2
20.544	-97.4488	1
-3.44671	114.847	1
37.2337	-77.3353	5
39.8733	-75.3927	3
-10.2231	-36.8433	2
41.4496	-75.6394	3
54.9826	-2.83287	2
33.5907	130.407	12
-25.1476	-50.071	5
42.9064	12.3288	1
34.6999	-118.132	3
18.0238	-66.7896	1
-30.2911	-56.1623	1
31.8815	-91.1388	1
36.7856	34.5941	1
46.2008	0.163321	1
49.3762	3.32463	2
34.5872	-117.407	3
56.9663	23.7219	1
40.628	-8.63966	3
-29.9346	-50.1143	3
31.5738	-84.1427	1
30.1535	-85.8143	1
35.3525	-118.983	6
40.1288	-8.2315	1
47.282	-122.382	5
38.6531	-90.2435	3
47.3588	7.90362	1
-7.61267	111.652	1
38.9637	35.2433	24
0.689581	122.785	3
41.7026	-71.5135	1
44.733	4.78885	2
-21.2385	-44.2815	2
41.4729	-71.5231	4
30.5898	31.4767	2
40.3106	-79.5587	2
-29.081	-49.6543	9
-20.3498	-41.9347	1
-5.18745	-37.3473	7
49.4434	2.0882	2
32.6202	-83.6429	2
51.6629	4.53624	1
38.6749	-75.1991	1
48.4504	6.74343	1
51.8766	-2.21307	2
52.9549	-1.15201	4
34.2128	-118.606	9
33.5881	-79.0377	1
35.8956	-95.1609	1
47.4738	-0.551939	5
-7.73126	113.61	1
44.8488	8.21925	1
44.5759	-1.08104	7
51.3993	6.87196	2
16.7419	-93.1397	11
37.4584	-122.143	4
-27.3037	-49.0462	1
52.4567	5.93873	6
-23.3502	-51.1717	1
52.5142	6.10694	10
36.5134	-121.44	1
-34.0364	23.0397	1
35.6463	140.033	1
45.519	11.3153	1
52.1332	1.41998	8
41.1754	-82.2136	1
53.2417	6.56275	5
39.9811	-0.0426974	1
18.2358	-65.8994	7
50.5578	3.4683	1
38.2983	-77.4899	3
25.7198	-80.2747	23
41.0187	28.6027	2
3.81135	100.818	1
41.7581	2.06928	1
33.7801	-79.0155	3
10.7227	-61.5631	3
38.506	-78.8637	1
8.57501	-71.1776	1
51.5824	-0.350803	8
43.0495	-76.1559	2
34.7225	-77.3157	2
38.0325	-84.5259	2
42.9035	0.359224	1
10.2305	-66.845	2
10.9547	-74.7981	11
-1.23159	116.838	7
53.9394	-1.39207	1
37.731	-97.4553	5
-0.942439	-80.7302	1
44.4496	8.88085	5
9.14655	7.3263	1
26.3964	-80.147	4
49.0212	7.96563	1
-6.28788	-35.2169	1
43.703	7.25302	12
40.9151	-74.1677	11
-20.595	-47.3472	1
50.4307	30.5407	1
56.0356	-2.82898	1
15.6827	119.937	1
34.0936	-117.857	1
38.3785	-78.9669	2
-25.4912	-50.8622	1
36.0242	-108.627	1
44.2151	20.9238	4
34.7414	-82.2701	1
44.345	-0.876887	1
-15.0709	-40.868	1
48.4479	1.50475	3
51.0432	2.41163	1
29.5125	34.9251	1
-31.2525	-52.1256	1
40.0529	-78.9941	1
25.4394	-80.4908	1
47.0889	-122.319	7
20.883	-156.475	1
41.7022	-86.1375	1
55.8554	-4.23242	3
51.7724	4.44567	6
38.0975	-122.188	2
57.1506	65.5568	1
40.6476	-4.05851	1
46.0717	14.4821	1
-33.4354	-70.6522	7
42.6447	-83.094	2
37.3841	140.105	5
37.948	-0.737627	1
-26.3061	-50.5016	3
17.764	-64.735	5
-23.1117	-47.1947	9
47.6598	1.6203	1
52.6316	5.07012	4
47.2359	-1.52084	11
33.4727	-84.5672	3
52.5663	-2.16616	5
-23.7208	-49.9596	1
51.9995	4.36409	7
11.6529	-70.2139	1
40.6962	-74.2672	17
4.08311	9.67571	4
43.5106	-96.7767	2
37.5336	-78.5274	2
42.4219	-71.4403	1
13.4138	-16.6934	2
33.5797	-112.063	8
5.12262	100.481	1
-5.15527	-44.1652	10
34.4012	-118.917	1
7.35552	-2.32778	1
37.1792	-93.2956	2
-24.109	-46.653	4
7.12596	-73.1105	1
-23.8308	-46.8122	5
-29.4661	-51.7702	2
41.8529	-72.7423	3
-3.1107	-41.4845	9
45.4967	-73.579	1
48.9509	3.12943	3
14.6648	-90.5818	6
33.5842	-86.6843	2
52.605	-1.97522	4
39.5491	-76.1087	1
39.7058	-74.2764	1
-6.81602	39.2835	1
14.1182	120.881	1
32.7018	-97.1355	3
41.2912	-86.6186	1
34.0544	-117.654	15
50.8434	3.28495	1
51.5481	4.07922	1
-2.78878	-56.9094	3
35.1535	-89.7099	1
48.1271	-96.2143	1
13.8759	-88.6292	15
30.1876	-81.7277	2
35.7141	-6.91635	2
39.4199	29.9817	1
-22.1994	-55.544	1
45.7883	-122.471	1
35.0393	-85.3084	1
-12.0376	-76.9371	1
43.6104	3.87434	11
19.685	-155.087	1
52.1794	5.90278	1
37.7799	-77.892	1
41.1848	-73.199	2
48.8097	3.09159	2
5.3592	115.224	1
40.2031	-85.4073	2
39.8736	-104.799	5
-22.2679	-46.3762	1
-23.2966	-46.2331	3
47.031	8.1752	1
53.5517	-0.0962857	1
-15.4421	28.3142	5
48.7784	7.45324	1
52.6363	-1.13111	8
47.9044	1.91745	9
51.3869	5.78222	1
37.4201	-94.7048	2
30.3085	-81.5282	3
14.6167	121.167	1
40.5043	-80.0107	4
-25.4516	-50.0507	6
40.9986	28.7984	2
57.8762	34.1117	1
-3.70095	-43.3738	1
-22.3872	-43.1873	2
2.20133	102.248	6
43.2836	141.827	1
-33.8963	-70.7344	1
39.7393	-89.2665	3
-21.4967	-48.034	1
53.3253	-1.21945	3
54.0788	-2.72119	1
37.8904	-122.058	2
39.0861	-108.65	1
-26.8815	-52.4157	2
41.0959	-73.4268	5
53.3653	-2.7497	1
34.0438	-81.0827	1
-2.95564	104.788	2
28.3267	-82.6147	1
-29.122	26.2048	2
53.173	6.98185	2
46.6145	6.62251	6
43.4798	-83.9451	1
40.5858	-124.259	1
26.0398	-80.1753	8
27.1659	49.5724	1
26.2383	-97.58	1
14.2753	121.009	1
48.056	-119.898	1
46.2253	7.34328	1
41.4738	-74.0284	9
53.3669	-1.36785	1
35.8057	10.6076	2
-34.4052	-70.8696	1
31.4838	-86.9434	1
-19.0045	-48.3585	10
-23.2184	-54.9524	1
-25.9084	-53.4768	1
3.36838	101.532	1
-22.5461	-48.6355	9
0.337883	101.007	1
-22.8103	-50.4201	1
44.0399	-70.1655	1
48.9925	2.38562	118
40.587	-3.25901	3
14.7516	-17.4522	11
-30.4164	-53.6701	8
47.9607	-122.044	1
47.7448	11.5144	1
39.857	-84.1133	1
32.8412	-83.6624	7
44.2005	43.1291	1
41.95	-86.3399	1
48.9467	2.23953	30
48.8748	6.09476	2
19.2843	-70.2462	1
38.3419	-75.1964	1
52.1683	-0.456925	1
49.6105	20.7046	2
61.487	21.7451	1
33.1234	-115.518	1
43.2993	5.38161	22
3.41826	-76.5167	1
-23.47	-47.4366	14
36.6379	-119.787	2
33.8866	-84.1323	5
34.8774	-94.6318	1
-34.6369	-71.3588	1
-22.5593	-47.9314	1
47.1583	-122.522	11
-16.3947	-71.5334	1
53.8245	-3.02998	1
39.3678	-76.4653	5
14.3995	120.871	3
53.9129	30.3445	1
10.5968	7.48282	1
18.5081	-72.27	1
43.415	-1.62313	1
42.4753	-96.3628	2
5.42458	103.061	3
39.5398	-119.848	3
21.2958	-157.694	1
39.6105	-75.9307	1
-8.27649	-35.0925	1
45.2268	1.27945	2
34.0248	-118.311	14
39.9999	-74.1818	1
38.7435	-9.15999	14
50.6472	11.9848	1
-30.3331	-54.374	16
53.4039	-1.5631	3
-16.0861	-42.1338	1
48.3022	1.21279	2
49.1512	9.17326	1
27.8641	-97.2214	2
18.9253	-96.937	3
-6.3708	107.14	6
29.4459	-96.3971	1
43.4346	5.0377	3
33.3942	-111.91	10
51.5927	5.31726	2
37.0923	-95.9415	2
-1.12757	-79.4343	1
42.5887	-83.3754	1
39.4401	-78.9772	1
