Latitude 	 Longitude 	 Weight
37.2376	-6.9188	1
-19.9187	-43.9598	37
25.5399	-103.389	1
38.1377	13.3472	1
51.3881	-0.0788833	4
2.83046	101.621	7
55.5715	38.2275	1
1.44812	110.453	11
26.6416	-81.9978	1
48.0979	7.35439	1
24.124	-110.338	1
51.4732	11.9725	1
47.2493	-122.457	1
28.0311	-82.757	1
38.8976	-91.6	1
39.8439	-75.3748	5
43.2341	76.9053	1
43.0368	-76.1672	1
52.1674	-2.40599	2
8.46169	124.616	1
57.0056	40.9439	1
-6.83421	39.274	2
13.5445	100.259	2
48.2247	8.38952	1
38.1465	-122.254	1
35.4093	139.597	3
0.0188369	-51.0824	17
35.9459	-78.9058	1
47.184	-1.54343	1
32.3329	-116.929	1
49.6221	6.5865	1
-31.8133	115.822	1
49.4532	-2.54147	1
34.8435	-92.3498	1
58.1761	11.8968	1
40.6279	-74.3042	1
35.7932	135.645	1
31.3266	-89.2892	1
30.5295	-97.5586	1
-22.2916	-48.0552	1
-38.2363	-72.3494	1
41.6002	-72.8803	4
52.6003	39.6002	3
55.8899	37.258	2
44.9719	-93.2175	3
55.8979	-4.24118	5
-6.90558	107.626	54
28.4811	-81.3687	5
39.2091	-0.430216	2
6.11277	100.374	2
52.6511	5.0829	8
32.556	-117.054	1
37.8223	-85.7682	2
42.1255	-80.0785	2
41.8551	-80.7884	1
50.4562	-4.51776	1
59.7285	30.4116	2
45.0011	-86.2707	2
46.0443	4.08051	1
48.1239	11.7964	2
-6.34131	108.33	1
-28.739	-49.3605	1
50.861	5.81868	4
0.336369	32.5505	2
38.312	-77.5039	1
51.8477	-1.47674	1
42.5092	-7.58527	4
-20.0806	-44.5819	1
-22.7467	-47.1389	2
44.9723	4.95055	1
61.487	23.7781	1
52.5055	4.86152	1
-32.1078	26.465	1
56.8105	24.6057	3
54.5191	-6.05729	1
18.1163	-66.1405	10
43.5399	7.00931	5
35.0861	-80.6972	3
44.9393	34.1031	1
39.6061	2.67815	2
34.1682	-111.931	3
51.6752	-4.71038	1
50.1698	3.29655	1
51.1706	16.5965	1
-4.91685	-38.9252	1
57.6811	11.734	3
35.0962	-89.9627	5
-23.5026	-46.6247	8
49.2884	-123.073	6
-33.9176	18.3869	1
39.4642	-74.555	2
48.3571	-4.76601	1
58.2867	12.2874	1
41.2451	-85.8263	1
-23.0614	-54.1993	1
56.1459	8.81087	5
51.5307	4.4403	1
-31.9587	115.871	1
1.32674	103.945	9
42.3614	-71.5951	1
50.3759	18.9775	3
41.8126	-87.6092	12
47.3475	3.9926	1
33.9304	-84.5044	1
53.3215	50.0679	3
59.647	17.9304	1
30.4171	-84.2786	5
-6.28588	107.363	1
49.358	6.16093	1
39.1972	-77.2701	3
54.5986	-1.08026	2
-16.6428	-49.2612	7
55.8819	37.6437	2
34.4249	-119.715	1
-7.80774	110.343	28
6.31927	-75.5579	2
53.4777	-1.60102	1
36.1619	-86.7752	2
53.6424	-1.7902	7
39.1304	-76.6387	1
30.3449	-81.6832	1
16.2586	-92.301	4
45.7578	4.8351	3
29.6598	-81.2891	1
-29.7338	-51.0571	3
12.9161	77.6127	3
46.142	6.06127	1
34.7014	-86.6686	1
47.9985	20.4348	1
27.8773	-15.4801	1
34.2091	-118.401	13
51.6684	19.3582	1
53.0997	7.10982	3
40.4385	-99.3754	1
37.6746	-122.1	5
38.0651	-75.5556	1
26.7153	-80.1288	1
54.9824	-1.58098	2
52.9704	36.0825	1
53.8476	27.4412	4
36.1092	-115.28	4
-21.7619	-43.3419	2
33.8713	-117.949	1
48.4561	135.099	1
36.0614	-115.083	4
56.156	-3.73312	1
-34.0645	22.2014	1
55.4949	37.7365	4
35.1117	-106.623	2
55.1254	73.3788	2
55.3589	86.0515	2
37.3053	-6.11304	1
38.0777	-84.4934	1
18.4983	-88.3039	1
54.13	-2.7684	2
51.7303	5.57126	1
53.3549	-6.2474	10
52.0063	5.66897	2
53.8396	-1.68916	2
33.5701	-7.63608	7
18.4558	-69.9426	2
59.2867	10.1033	1
53.9532	27.7213	4
21.344	-157.93	2
49.8513	20.2544	1
40.4314	-79.9806	8
53.1318	6.05613	5
-22.3737	-45.7964	1
4.80132	101.057	1
40.9132	-88.6304	1
39.9316	-75.2541	4
41.046	-73.7939	1
0.572891	101.415	4
47.8891	-122.251	2
39.6866	-83.885	1
32.6782	-83.1783	2
30.3982	-86.4565	1
48.8719	2.18063	6
47.4254	20.8631	1
33.9649	-80.9438	4
13.6917	100.754	1
-6.70495	110.85	2
-29.6292	30.4153	1
53.3667	-3.08255	2
11.0168	76.9558	1
-23.447	-46.9181	5
68.4761	-85.3612	1
4.91976	-74.0636	1
37.2692	-119.307	8
13.9548	121.647	1
32.8207	-96.7315	2
49.4199	1.09077	3
-26.3075	27.9439	6
51.4797	-3.17205	1
-22.5207	17.0696	1
42.3541	13.3704	2
1.27902	124.888	1
45.1088	-93.3403	2
6.4672	3.17105	1
53.29	83.6478	2
38.7225	-9.39733	1
44.7033	-0.160306	1
-21.8793	-47.9053	1
41.6756	-86.157	1
-29.1066	26.2131	1
53.2204	-0.558267	1
62.3453	5.84261	1
5.64958	-0.185108	1
39.9347	-91.3754	1
28.6546	77.4477	1
43.4707	-80.5525	1
51.908	6.3928	4
48.9849	6.02554	1
-22.8247	-45.2023	2
27.4562	-82.5915	1
41.154	27.8194	1
38.724	-121.382	4
41.7597	-88.3011	1
51.5207	-0.142822	672
37.5394	-122.283	2
55.6993	13.1923	4
44.8294	37.6465	2
19.6796	-99.0116	7
48.8399	2.6517	9
59.2791	15.211	2
13.9414	121.147	2
48.5508	2.65604	8
50.7252	12.0789	2
57.6669	12.3096	1
41.6322	-87.4409	6
61.3663	16.3829	1
32.9706	-96.6498	1
19.3599	-99.3513	2
29.481	-98.4934	6
41.7777	-2.32132	1
5.31386	100.441	1
2.32824	102.081	1
-23.0595	-46.972	1
-21.2133	-47.818	15
43.4765	141.883	1
45.6185	9.21916	3
44.9937	-123.025	1
38.8627	-77.3666	1
1.86117	104.63	1
-12.3487	-46.5503	1
16.2576	-61.6019	1
42.9564	-85.6601	1
46.9853	3.15922	1
52.6727	-1.80462	2
50.1108	18.55	2
-0.302753	-78.4156	1
-1.89091	106.115	1
47.2144	16.6126	1
-6.36333	-38.8318	2
-6.9958	110.428	5
36.1498	-95.9934	1
44.8415	-93.1581	1
33.3861	-82.0909	2
38.5617	-121.461	4
27.7523	-82.6598	1
50.4426	-4.95569	1
51.2667	22.8865	1
9.97462	-84.019	6
40.9723	-5.66106	2
-7.525	112.331	1
-33.026	-71.5601	2
41.3781	-83.645	2
18.467	-66.0905	4
-8.91342	116.751	1
37.6101	-75.8096	1
33.9702	-83.3865	1
-22.1148	-45.0354	1
54.1937	37.6289	2
41.9561	-87.6713	2
53.1166	-2.45509	1
-37.8498	145.053	2
41.7932	-72.6829	4
1.65929	125.108	1
5.39716	100.315	8
19.6328	-70.2838	1
37.9168	-1.11781	1
62.0846	129.292	3
62.3878	17.2903	2
31.1097	-83.4252	1
29.6781	-95.261	2
17.9668	-66.5891	1
53.459	6.62288	5
33.5909	-112.326	1
37.9959	-0.66073	1
-1.27293	-48.4598	8
21.4098	39.5107	2
-6.84646	106.761	1
41.8576	-79.1363	1
48.5105	34.9927	1
51.8029	-0.189305	1
36.7159	-4.20523	2
-34.6132	-58.3772	3
40.0775	-76.7623	1
-25.553	-48.4967	1
-5.98546	106.037	1
50.7654	11.9155	1
-20.2351	-45.5266	1
41.9366	-79.308	1
-30.7969	27.9638	3
45.9399	-74.1232	1
54.3179	48.4689	1
39.4224	-0.352546	4
-2.93349	104.768	5
42.4651	-82.9441	2
52.9815	6.74891	2
59.3597	18.1963	12
40.073	-74.7243	2
-23.6839	-46.9469	1
51.8789	6.07713	3
32.3111	-94.1629	1
48.431	0.0922661	1
49.256	2.48404	3
43.054	-87.9779	6
56.7315	-2.65477	1
33.7547	-79.4463	1
36.6606	-80.9136	1
45.2482	-75.8001	3
61.5218	0.00022	1
35.1634	-115.9	1
51.6467	-0.0320975	3
59.016	16.194	10
52.4687	-0.936134	1
-23.2011	-46.9084	1
2.39449	111.874	1
60.6602	17.0263	2
50.2133	19.007	4
31.1689	-100.077	4
18.022	-92.9165	1
51.8557	54.9668	1
43.2656	5.40242	1
40.8454	-124.053	1
34.7726	-87.5745	1
55.923	37.8667	1
-29.106	-51.5365	1
52.3548	4.90405	7
4.23955	103.192	2
38.9116	-77.2203	6
63.3443	13.4725	1
38.6364	-77.2584	1
42.3527	-83.0992	6
21.2882	-89.6315	1
43.4646	-3.82615	1
52.2178	-1.03675	5
33.71	-117.948	1
16.2131	-61.4447	1
58.9589	5.66414	1
-27.4315	-48.7294	1
-5.14383	119.426	14
32.7237	-97.5	1
50.9138	-1.40057	1
33.8001	-118.328	2
38.2753	24.508	6
-26.9671	-48.7712	1
40.9514	-72.9401	2
41.0204	-80.4392	1
60.9715	25.6661	4
-21.2162	-41.8904	1
51.3819	-0.282529	2
47.0881	8.28108	2
43.3507	-2.65181	1
41.7553	-71.3222	1
-26.1745	27.9961	4
45.6576	9.9636	1
-23.5314	-47.1376	2
-17.7712	-48.6891	1
-3.59278	122.199	1
55.9099	36.8513	1
50.5977	36.5848	1
-12.8753	-38.5026	10
41.2772	-84.3629	1
42.3994	-71.1405	1
34.1358	-117.901	4
51.8986	-2.07653	2
56.9715	24.1287	5
22.3663	114.173	1
-6.71672	107.026	1
46.1958	20.0014	1
42.5021	-92.3267	1
36.5965	31.8207	1
46.3601	48.0341	2
50.8481	4.34928	10
-19.5537	-42.6053	2
-27.4678	153.002	3
10.0738	-69.2783	1
-13.2574	-43.4132	1
53.5494	-2.43295	2
32.8508	-96.9735	4
37.7703	-122.436	7
51.6172	5.46496	1
1.51397	124.888	6
52.307	104.253	3
40.0691	45.0382	2
32.933	-96.8204	1
35.502	-78.3249	1
51.6026	0.523033	1
41.7194	-87.8086	4
51.2355	5.67891	2
48.9502	3.02255	1
-25.4953	-49.2884	18
43.9391	-78.8676	1
59.7506	30.5852	1
52.1481	5.06188	7
52.5325	-0.267495	1
30.0387	-90.3459	2
4.88741	100.722	1
51.2954	0.430936	1
45.2457	19.8396	1
54.0431	38.2417	2
3.9435	103.358	2
41.1621	-8.62191	2
-23.6828	-46.5955	77
33.9772	-84.0639	1
-5.1356	-38.0204	1
-15.8418	-48.0263	1
37.5665	126.841	1
38.8343	-77.0735	11
-22.3787	-41.7985	1
48.6792	9.38121	1
-14.5043	-56.8506	1
-21.1427	-50.6213	1
3.35359	101.253	1
41.9184	-83.4385	1
-7.6525	110.423	2
51.1357	23.4886	3
50.5229	2.56891	1
6.89258	79.9812	3
-34.1218	18.4889	2
-6.23597	106.988	36
13.717	-89.1349	3
-18.3797	-49.4663	1
3.82881	103.217	1
20.1056	-98.7758	2
52.0671	6.56603	1
52.4472	5.21763	1
60.205	25.0501	4
32.7776	-79.9362	1
48.2218	22.0752	1
-1.18851	-47.0957	1
48.2849	4.1098	1
-0.140094	-78.4768	1
-25.4539	-54.4571	1
-33.9241	151.228	6
46.5287	6.6419	4
41.2366	-8.33199	9
12.2217	-86.4017	3
49.9844	19.4262	1
26.9268	-80.1183	1
-21.6519	16.8718	1
18.3999	-70.1285	1
47.2164	2.38393	1
55.3878	13.0158	1
67.4444	32.7364	1
38.334	-121.965	2
51.1107	-2.99975	3
48.7426	7.48166	1
36.8687	-2.37369	1
39.2084	-76.8974	1
49.4973	0.152969	3
3.89572	103.077	1
41.585	9.26626	1
-7.04607	-37.2737	1
38.4092	-82.4789	1
14.0602	-87.1765	5
41.6292	-88.1637	1
50.6163	37.3015	1
0.0	0.0	27
20.582	-100.371	1
55.7126	52.4007	1
54.104	22.9291	4
52.4059	-1.21494	2
55.6317	-4.67595	1
-21.6782	-45.9046	1
58.3788	13.4678	1
56.6282	47.8837	1
-5.79927	-35.2216	17
38.5216	-8.83927	2
37.3515	-78.9117	1
47.9424	21.7009	2
-0.789275	113.921	1
31.0952	-97.7369	1
39.2527	-84.7921	1
52.0084	-0.742502	4
42.3778	-72.5196	1
1.64526	103.594	4
51.5034	-0.575023	3
-13.8448	-171.794	1
17.6131	121.729	1
19.0732	-98.3349	2
21.0487	-87.0318	1
35.846	-78.6572	2
39.4207	26.8072	106
50.5839	17.8031	1
53.623	55.908	2
51.8426	5.83296	3
48.4837	-59.1907	1
42.6843	-84.5063	1
37.1461	-83.7671	1
2.29916	102.912	3
45.1884	-68.9845	1
53.6156	-6.19919	1
38.3977	27.1149	6
41.8465	-88.0303	2
52.151	-7.55615	1
51.5215	6.9226	6
51.535	0.79839	3
55.8528	37.4174	1
3.94649	113.811	1
42.7466	-75.77	12
41.8331	-86.2453	1
39.6319	-79.9562	1
41.6547	-83.6166	2
54.661	39.7144	3
47.4613	-0.55041	1
32.2632	-110.919	1
-34.5757	150.855	2
56.8468	53.2327	1
15.7339	-88.5993	1
55.9433	-3.21615	1
-20.181	-46.5036	1
36.767	-119.835	4
55.6593	13.3644	2
30.0941	-94.1028	1
42.6827	-83.3101	1
8.54611	-71.2405	1
27.5736	-82.4934	1
41.9464	-87.8351	4
-36.7102	144.306	1
10.1541	-68.0275	1
52.2363	5.60717	5
50.5749	-3.73554	1
49.4839	10.9782	1
33.4534	-84.4649	2
-9.99629	39.7114	1
55.7559	37.5483	70
20.7153	-100.441	1
49.1827	-0.370939	2
-33.602	-70.5445	2
52.6006	-2.12334	5
34.0209	-118.211	38
-20.8756	-54.2616	3
57.2263	-2.77727	1
51.4708	-2.61703	5
48.7285	2.28094	8
64.0638	24.6625	1
31.2096	29.9125	1
57.7686	40.942	1
42.3144	-70.9703	4
-6.46158	-37.0474	1
39.7643	-104.855	2
41.8439	-74.0531	1
60.3925	15.9984	1
19.3284	-99.1525	43
55.4767	47.1683	1
-22.9284	-43.342	33
19.114	73.0076	4
14.8346	120.283	1
46.2079	-119.149	1
2.28476	102.564	1
41.5124	-87.6356	2
22.6263	88.4172	2
53.529	8.11164	1
51.4283	5.82441	2
51.213	6.7822	1
50.4755	4.34585	1
18.9832	72.8242	2
50.749	5.05229	1
46.2834	7.31305	1
38.9293	-1.90194	2
6.2664	100.427	2
-22.0668	-42.9237	3
34.0537	-117.69	3
-1.15746	-50.5734	1
51.0097	5.83185	1
53.1366	6.73306	1
-22.5806	-45.8213	1
34.7229	-77.3938	1
48.0755	2.05795	2
38.7622	-93.7255	1
41.3941	2.1393	12
51.5917	5.08074	4
49.2454	0.941208	1
0.177371	-51.3389	2
56.1308	12.9738	2
51.5051	4.2956	4
23.6198	58.5027	1
30.0304	31.0106	2
36.1449	-83.4039	1
41.8012	-72.2552	1
43.3411	-4.04195	1
29.2099	-81.0314	1
62.894	17.8649	1
28.4832	-16.3138	3
48.6475	44.3981	1
47.6767	-122.321	1
26.3356	50.1806	1
53.2495	-2.59379	2
50.8444	0.11724	1
56.6824	12.8442	1
39.6943	-75.717	1
38.6322	-76.9309	1
54.8716	-1.45727	5
4.22447	103.417	1
50.1007	14.4359	1
61.3316	23.7565	1
50.8842	4.70539	1
-22.737	-42.5939	1
19.5421	-96.8861	1
55.4577	11.8079	1
2.06667	45.3667	2
41.9989	9.39908	1
-21.6181	-48.4446	1
18.9338	-99.2608	4
5.55093	95.3516	1
-6.56363	106.73	4
-8.43046	-36.7454	1
40.341	49.974	2
57.6016	-4.87113	1
48.5895	2.24626	3
52.8611	4.83027	3
-29.7529	-53.8242	1
-7.6323	111.375	1
53.5703	-3.01747	2
59.5473	30.8645	1
-23.8107	-47.1875	1
34.0203	-6.83744	6
-7.25109	112.749	35
50.3763	3.07601	1
41.1505	-81.3403	1
33.1331	-96.6452	1
69.6877	19.0026	1
-17.7354	-40.5056	1
33.55	36.2085	1
-23.3921	-46.4538	5
41.4087	-8.50005	1
39.6224	-104.923	7
32.7661	-97.2994	4
3.54919	103.426	1
52.4355	-1.38174	1
39.1363	-84.5404	5
41.5254	-81.5855	6
32.2238	-8.83357	1
-15.4804	-44.3786	1
30.5242	-91.1952	2
-26.1568	-52.6728	1
52.2233	6.86858	4
52.0437	7.48856	1
53.8096	87.2221	1
-6.26795	107.133	1
24.4964	54.3806	3
-19.3796	-40.0642	1
35.821	-90.6687	1
53.4424	-2.23348	7
35.8839	-87.7987	1
13.4071	103.814	2
53.0267	5.64934	2
56.0013	92.8025	1
34.9462	-79.0003	2
32.3795	-95.3223	1
-6.35287	106.877	8
34.7698	-80.2264	1
35.6188	-105.211	1
50.9404	0.366004	1
47.3693	39.4856	2
38.7954	-9.1955	4
40.5972	-3.24311	1
-22.8215	-43.0007	5
37.7242	-89.2121	3
42.435	19.2732	2
37.2968	-121.817	4
28.0807	-81.5033	1
35.6915	-78.5771	1
4.24884	117.907	3
53.4559	-2.61603	14
43.0707	-89.4067	1
38.2382	-85.6821	3
-18.6791	-48.1816	1
-0.532335	117.088	2
2.71362	101.462	1
-7.57044	110.832	5
43.6208	-79.5133	1
17.938	-76.8976	1
45.3176	5.43692	1
-1.74911	102.839	12
1.5254	103.838	10
46.8019	4.4698	1
34.5857	-118.079	3
-27.2447	-48.6992	1
40.8636	-79.8953	1
3.23187	101.386	5
40.5247	-3.81615	6
51.7131	5.31818	9
36.5085	-4.67671	1
49.1994	-122.913	8
44.1647	-93.9998	1
51.4554	-1.01306	1
-32.6271	-70.6982	3
-11.9646	-77.069	3
-21.5541	-43.5037	1
56.1946	15.6113	2
-1.00219	100.379	1
37.7587	-122.235	6
40.6566	-4.63498	7
38.9236	-76.8781	8
56.7426	37.166	1
52.8327	-9.43986	1
46.1365	39.0169	1
9.096	7.41352	1
53.8511	27.6097	1
4.64713	101.203	5
61.5218	-75.0065	2
26.6042	-81.6623	1
13.1759	-59.4575	1
35.4825	-97.4792	2
35.7079	139.958	1
1.47274	103.63	4
52.5067	13.4246	3
21.6075	39.1309	3
50.631	3.0472	10
44.8039	-122.798	1
43.3417	-8.41096	1
-29.3292	-51.5004	1
51.171	7.07052	1
51.4736	5.6531	10
42.2198	-83.4838	1
39.6353	-78.0368	1
59.9584	17.7766	1
-25.3323	-49.2541	1
44.8242	-123.018	3
33.5804	-112.12	1
60.5966	24.8374	2
48.4079	7.45154	1
51.9037	-9.03369	1
51.495	3.51798	1
2.72569	101.835	4
57.4041	15.0842	2
1.423	110.15	1
-20.4274	-40.3758	2
20.6767	-103.337	11
48.8128	1.94829	2
39.065	-94.5857	1
44.9008	-89.5695	1
49.2415	11.0769	1
-9.53333	-35.6873	1
37.1804	-3.59797	3
54.1479	45.2109	1
-23.5368	-46.7805	6
33.9132	35.5893	3
29.8854	-95.6615	1
-3.10974	-60.011	7
52.0182	4.7085	2
41.1192	-73.3731	2
22.3973	-101.935	1
20.5365	-97.4475	2
41.2927	12.5735	10
-34.9752	-71.2271	1
40.7531	-82.5548	1
26.274	-80.1272	2
53.7932	-2.92766	1
36.8498	-76.2668	1
52.9675	5.78885	1
36.2183	-115.114	3
30.2692	-89.7945	1
56.1308	47.2532	2
57.72	11.9351	11
54.9273	23.9492	4
38.9758	-94.6983	4
54.6851	-1.79769	2
29.5626	-98.3702	1
37.0101	35.3235	1
52.3461	5.4624	2
45.7927	3.08072	1
61.2104	-149.863	2
40.9255	-74.1588	3
-10.3355	-58.5891	1
2.70426	101.986	5
-2.22487	106.18	2
30.7965	-81.5554	1
33.9794	-118.051	1
50.583	12.246	1
-33.9765	18.5156	1
55.1559	61.3679	1
-22.7241	-47.2901	3
30.591	31.4787	1
1.29306	103.763	9
-14.5329	-49.1422	1
52.5145	4.70733	3
-1.71186	113.698	2
55.7282	-3.82357	4
58.5905	49.6388	2
48.1169	13.8704	1
43.7697	5.25714	1
48.2365	4.70707	1
34.2132	-119.207	1
24.8236	-107.4	1
56.0451	92.9436	7
63.1602	14.6706	1
25.9545	-97.4841	3
37.8771	-122.024	1
19.4685	-98.7874	6
50.362	3.51425	1
41.2452	-111.934	1
52.1269	1.40069	2
46.8359	7.65833	1
-1.36408	-48.2946	2
33.6211	-86.6765	1
30.2386	-93.3091	1
29.8504	-90.0742	2
60.7534	15.8205	1
22.3111	-100.956	1
45.0929	39.042	2
58.5534	31.2773	4
43.3189	-76.4181	1
28.7678	-106.909	1
-7.04882	107.129	1
47.2732	-2.42916	2
46.5476	0.410826	4
33.8752	-84.3127	9
51.5427	0.115805	7
37.7844	139.258	1
16.5899	121.25	1
19.7969	-70.6896	1
48.5692	7.76221	3
-6.91683	106.965	2
46.4864	30.7409	2
-8.9356	-36.4725	1
51.782	4.5276	6
5.17389	100.479	1
43.1009	131.926	4
40.3922	-3.69237	15
33.8364	-117.186	1
57.2084	25.2601	1
-20.7497	-45.2854	1
15.5644	32.5493	1
51.7495	-1.24103	1
52.4046	-4.00698	2
50.0463	20.0057	5
52.3015	-1.59314	1
37.5395	-77.4651	8
51.2886	1.06364	2
45.5542	12.3301	1
47.8069	13.0377	1
59.8628	17.6296	1
51.443	-0.421358	1
53.558	-7.46394	1
52.5699	6.53484	4
30.1414	31.3986	3
39.6401	-4.45943	1
19.9723	-99.1747	1
39.923	-86.1876	4
29.6086	-95.6114	1
59.6493	16.6002	1
-7.43151	109.247	2
33.687	-117.144	1
-7.11837	-34.8246	14
48.8588	2.34701	71
50.997	2.3822	1
-25.3335	-53.898	1
38.2423	15.4417	1
56.451	9.38422	1
51.0795	-1.82005	1
40.0025	-75.118	8
10.2398	-67.5337	3
39.98	-0.0503112	1
47.5274	-122.318	4
-30.0997	-51.1593	10
21.6735	-158.041	1
52.0286	5.38838	2
51.0768	13.7725	2
-20.2392	57.4592	1
21.2819	-157.735	1
57.1057	12.2714	1
-22.6462	-43.288	2
-28.3743	-53.899	1
33.9818	-117.32	2
59.9384	30.4889	2
34.1148	-117.205	4
39.7031	-104.687	2
38.9189	-92.3104	2
49.8107	7.12866	1
32.7913	-117.158	4
54.3609	18.6908	1
-25.4544	-57.4362	1
49.2752	-122.765	1
53.8438	-1.85079	3
-22.5552	-44.164	1
53.4084	-1.28625	3
53.3933	-2.91859	10
-20.1737	28.5375	1
34.9671	135.773	1
47.7113	-117.392	1
51.5923	4.65186	2
34.8568	32.3629	1
45.5346	-59.3287	1
48.9751	1.71	1
34.1088	-117.463	4
40.9925	-96.3544	1
14.7007	121.126	6
-21.1062	-48.0294	1
48.1549	11.5418	1
-23.086	-45.5067	3
44.0399	42.8722	3
-20.3055	-40.2922	1
30.0608	140.596	1
-22.4378	-46.9978	1
-7.45869	112.709	1
38.6094	-9.08879	2
42.0282	-93.6489	1
33.6946	-116.208	1
45.552	-73.7359	7
41.0205	-73.9363	2
-0.587732	111.388	3
40.9849	28.7165	3
48.295	14.3275	1
48.1752	23.2939	1
-14.8623	-39.353	3
45.6649	9.42777	2
52.3851	-2.27787	2
36.3437	-119.808	1
39.1679	-78.1688	1
34.2599	-6.57722	1
24.8808	74.6376	1
45.852	9.40166	1
6.63934	3.33509	1
-8.0436	-34.9394	42
-28.4795	24.6701	1
62.0363	129.728	3
51.479	-0.865791	5
52.8448	5.70121	1
-36.7374	-71.0353	46
49.3659	8.52617	1
-5.40065	-47.5474	1
56.9184	14.8549	2
53.6758	-1.49784	5
-22.7449	-42.2907	3
-15.4552	-55.8425	3
54.0091	-6.40606	1
33.8344	-79.0426	3
50.3881	-4.11457	6
-26.2617	-48.9665	20
48.3995	-4.41322	1
59.6682	18.6751	2
15.4125	-87.7988	1
7.96238	-80.4174	1
-12.5584	-41.3875	1
52.5104	-1.97917	4
38.3228	26.4038	1
-8.1851	-36.0151	1
43.918	-77.2634	1
59.366	28.1106	3
-7.23531	-39.471	2
38.178	-83.4463	1
57.7482	12.971	2
59.2268	39.8381	3
36.0007	-79.784	2
-11.0019	-37.1007	3
-6.32673	106.729	35
-29.8034	30.9679	2
1.56806	110.038	1
-7.35028	108.23	1
43.6073	4.86874	6
59.1567	15.4665	1
47.2611	39.628	3
33.7678	-84.4181	9
40.7313	-74.1821	6
48.6297	2.44188	6
-9.40373	-36.5882	1
57.0204	9.89013	1
-22.2269	-54.8365	1
49.0011	2.55809	5
47.7162	-1.98116	1
-25.0606	-53.398	1
49.9038	7.25027	5
45.8586	1.23198	1
5.6574	100.524	1
45.4434	8.61637	1
3.39436	101.573	4
41.0093	28.9183	9
-5.47237	-35.8787	1
4.69144	-74.0747	12
40.2404	-3.73186	2
16.4217	120.6	2
25.1444	51.5619	1
51.2517	-0.198239	3
50.7988	-2.07613	1
-1.5942	103.619	1
18.4512	-69.6625	1
-22.803	-47.4357	4
35.1705	-79.861	1
-15.7763	-47.7966	17
2.9838	101.77	23
43.4361	6.72416	3
41.6988	-81.3409	1
50.2057	12.9611	1
47.8734	1.91216	1
42.1702	-4.06645	1
29.4518	-95.0968	1
-24.018	-46.5015	4
19.6014	-90.3361	1
-21.2206	-50.866	1
-34.4175	146.772	1
40.7142	-73.9992	15
59.2008	17.8293	3
50.4546	30.4856	2
51.5265	45.9785	3
42.3386	-7.87478	2
48.0965	-122.154	1
53.5203	49.4315	5
-24.0958	-46.8159	1
42.2856	-83.745	1
52.1714	6.32514	3
27.6986	-83.8046	1
41.4313	31.7298	1
0.247298	-51.0637	9
-20.0545	-43.4527	1
14.3272	120.94	2
28.5847	77.1465	1
51.4516	20.4803	1
-22.2973	-42.8797	1
41.8984	12.5451	4
42.3071	-1.98076	3
-0.923681	119.861	1
51.728	8.76856	3
35.6869	139.756	9
49.9551	-119.427	1
-24.7139	-53.7378	3
47.3773	8.49837	2
5.30095	-0.740319	1
40.8609	-111.9	1
5.40572	103.094	2
49.8942	10.8863	1
52.0081	5.19539	2
54.775	-2.84868	1
52.2328	21.0607	2
47.0148	142.67	6
39.9112	-8.70048	1
6.11885	99.9883	1
47.3821	0.695165	1
55.7241	37.1775	2
63.41	10.366	1
48.1159	-1.68833	2
45.0952	5.72288	1
33.7914	-118.156	6
39.9495	32.8331	2
3.22823	113.07	1
34.2247	-84.4753	1
-29.8631	-51.1772	1
46.1448	-122.885	1
27.9983	-80.6052	1
60.69	28.7722	1
-8.68404	115.196	9
53.6438	11.3852	2
9.41744	-82.5234	1
43.511	-8.26934	2
-13.3341	-43.2735	1
40.4331	-104.754	2
61.2734	73.4332	4
-4.1373	104.184	1
43.8658	142.483	1
42.2754	-71.8077	1
48.1941	6.72462	1
33.362	-79.2548	2
-22.442	-44.5232	1
5.18389	97.1425	1
52.7775	13.2808	1
51.4483	5.45536	2
52.7192	12.6711	1
51.9358	4.57833	4
10.7202	122.559	1
39.9522	-4.85221	1
52.3871	13.1165	2160
33.865	-84.6845	2
56.8155	60.6136	38
-2.54526	118.03	2
59.9394	30.0922	7
42.6347	-71.3363	1
51.6793	39.236	2
38.7447	-77.487	1
25.6412	-100.294	5
-9.99977	-68.2655	1
50.652	-4.03372	1
35.8594	139.419	2
-1.27123	36.8049	5
40.5142	-74.6417	1
-23.6457	-47.5763	1
41.6136	21.7433	2
40.2168	44.583	1
52.0582	4.3378	12
-20.785	-49.3592	2
30.0293	-90.7166	1
4.11001	101.291	1
-6.20211	106.837	83
40.9872	39.7057	1
-27.3642	29.878	1
53.4346	23.4208	2
49.44	11.1354	3
41.7427	-111.814	1
35.0715	-78.9175	2
54.732	55.971	11
59.0838	17.5272	6
56.537	21.0366	2
41.0689	-81.4751	1
34.1302	-114.294	2
-25.6472	-49.0572	1
-17.7853	31.0323	1
36.0349	-80.1999	1
37.2336	-80.4338	1
51.7734	19.4806	3
63.4149	10.5304	1
39.7813	-86.0399	4
52.268	-0.341722	1
2.44133	-76.6084	1
-2.57242	-59.9803	7
53.4084	18.388	1
48.7763	3.71448	1
45.5141	-122.455	3
43.1619	-86.2632	3
51.9245	4.27161	3
56.6056	15.5619	1
31.7581	-106.282	3
42.8506	-2.69861	2
10.3861	-75.4726	1
48.9539	2.87733	1
26.1841	-81.7031	1
-7.62768	-72.664	1
58.0589	14.5121	1
53.9545	30.3645	1
34.2197	-85.5942	1
-9.58735	-35.9608	1
3.2044	101.659	101
50.2875	6.66709	1
8.26764	-62.7562	2
59.9029	29.7478	1
55.795	49.0696	6
33.3366	-111.768	1
57.4972	12.6636	1
-23.9506	-46.2257	7
-6.32798	-37.7136	1
49.1304	6.17925	1
51.458	6.72819	2
-23.9389	-51.9437	1
44.7889	44.1658	1
-6.81182	107.144	1
43.6963	7.28711	6
18.5063	-72.2805	1
53.5884	-116.452	1
48.0111	37.8035	1
54.782	31.998	2
44.8638	-0.586176	4
51.7269	-0.453275	2
41.6445	2.73283	1
45.4265	-75.4865	1
27.8566	-82.3133	1
20.941	-89.6236	3
31.0118	31.4176	1
56.0897	12.7645	3
42.8158	-1.6496	1
52.2984	6.51325	1
41.271	-73.7851	2
1.57231	110.323	1
-30.0394	-52.8919	1
37.6359	-1.00074	10
30.2978	-97.7534	3
-7.47262	110.22	2
40.2583	-76.877	1
37.5717	-4.63799	1
53.7557	-2.70716	3
41.9011	-71.5285	1
61.263	17.1449	1
-29.1864	-51.2062	1
41.2119	-80.4841	1
14.621	-61.0135	1
53.12	8.7361	1
48.341	39.9838	1
7.39288	3.95874	2
32.3325	-90.3212	1
3.07935	101.581	14
4.87427	114.86	1
-26.3062	152.72	1
19.4679	-70.6636	3
18.5025	-67.02	1
39.4651	-87.3758	1
40.8373	-73.8796	9
55.0811	36.6037	2
40.8082	-77.8167	1
-21.9024	-42.5653	1
42.6217	-87.8793	2
52.3004	4.68486	1
58.2742	11.4355	1
15.4003	73.8772	1
-12.4223	-41.313	1
19.0322	-98.1543	16
55.5855	26.5068	6
50.9471	4.07339	2
54.0223	37.4959	1
45.7022	9.58386	1
36.3257	139.209	1
46.5032	-94.3379	1
-16.5715	-54.6067	2
41.0769	-111.967	1
34.1252	-80.9095	1
32.0636	-81.1109	2
40.6065	-112.024	3
40.3831	-86.8397	1
39.3506	-85.9644	1
55.2058	30.2231	1
31.9265	-106.417	3
32.5711	-89.8764	1
48.1508	16.4255	1
51.4782	7.22609	1
57.1558	-2.20275	2
-30.5872	-52.6778	1
18.447	-90.9227	1
56.3098	44.0761	2
36.5389	-119.843	1
49.0772	2.21259	5
-2.62921	-44.3026	6
10.6762	122.941	1
2.64163	101.659	1
-1.43304	-48.4515	3
-23.0558	-44.8942	2
39.4579	-76.8074	3
40.3791	-111.734	1
49.4732	7.59473	3
37.3638	-4.49059	1
35.2035	-80.836	2
-23.3771	-46.7393	3
48.6997	2.77173	1
50.271	19.1946	5
25.8931	-80.1657	9
-22.0619	-42.3393	1
49.594	1.09819	1
42.4797	-83.2602	2
-7.9725	112.629	11
63.8277	20.5759	1
34.4191	-117.376	1
41.6693	-4.77951	1
22.2427	-97.8382	2
57.1526	65.5973	2
-6.74202	108.555	1
51.3364	0.808984	2
-22.8952	-47.0303	4
59.9195	10.7569	5
-29.9424	-51.7216	1
42.0676	-8.64131	1
51.427	7.66398	1
-27.6534	-51.0923	1
-20.1397	-40.3039	3
53.1826	5.81839	3
-0.0785608	34.7797	1
49.1037	-1.11188	1
5.53291	5.77993	3
24.779	46.7515	1
-3.28842	114.59	1
40.2659	-7.5764	1
54.31	10.1351	2
34.8713	136.813	1
26.0907	-80.2054	2
60.2955	23.2921	1
-21.4063	-45.4872	11
-23.7108	-46.4227	2
43.2519	-2.93316	7
10.5048	-66.9057	2
35.8434	139.777	2
59.3942	18.6174	12
52.3272	-3.4395	1
-30.1649	-51.4437	1
56.3431	36.7211	2
48.7839	2.47037	9
64.8838	25.3777	2
33.2745	-86.8238	1
-1.06825	36.7695	1
53.3596	89.9062	1
6.01225	116.396	1
50.8795	6.01774	4
40.854	14.2435	1
52.6424	6.20008	1
2.04811	103.382	12
34.352	-89.5274	1
51.2566	4.67581	1
35.5766	139.66	8
52.1908	4.4131	3
43.0126	-83.6963	2
59.3878	13.4901	2
14.6078	120.99	21
56.5904	59.9662	1
-6.94747	107.766	7
37.8216	-25.7208	1
57.2715	16.4165	1
-27.3882	-70.294	1
51.4546	46.1045	4
51.8436	4.11914	4
51.1272	16.9913	4
20.0301	-102.265	2
19.2708	-99.6499	12
35.4377	139.43	1
43.7159	-79.3283	11
38.0859	-122.554	1
53.3975	-7.73454	1
47.1612	19.5059	1
36.1305	-111.223	1
51.1768	5.9788	1
41.5903	-73.0511	1
47.4098	-0.256167	1
50.8738	-1.03599	1
48.5945	1.68572	1
53.4175	-6.38796	1
39.983	-82.9774	1
53.216	6.26309	1
42.9838	12.55	2
48.7044	2.08172	13
35.9988	138.169	1
37.7828	-3.79123	1
39.1451	-75.3867	2
59.2841	18.4237	2
-0.487941	100.548	1
52.9214	7.1188	1
41.8863	-91.0566	1
41.2148	-73.1547	2
28.3392	-81.353	1
-33.9284	18.8334	1
40.781	29.4819	1
36.2168	-81.6748	1
34.9735	-79.2356	1
25.2605	55.3209	2
31.6464	-8.01268	1
52.5664	-1.50722	5
43.6301	5.16285	3
48.383	31.1814	71
-5.21541	-42.8028	4
55.0015	82.9557	2
31.5729	-84.1658	2
46.9488	7.43975	1
-21.953	-44.6478	1
-7.37831	-39.3199	1
3.45078	102.411	1
40.6788	-4.09946	2
41.3654	-88.8394	1
39.5041	-76.2194	1
54.3061	-2.72833	2
42.6996	-71.1623	2
-7.27568	-35.9777	1
40.3043	-3.44481	1
50.211	-5.28669	1
51.654	7.06471	6
8.12923	-63.5409	1
5.19922	96.7024	1
30.249	-93.153	1
-22.4889	-46.3572	1
59.9342	30.3287	23
5.48389	7.06192	1
-6.35789	106.495	1
52.887	-1.45168	1
51.3126	-0.619224	1
32.6057	-114.573	1
37.1239	-80.5417	1
19.1003	-103.657	1
41.647	-91.5361	1
43.1862	-77.6164	1
37.7772	-81.1776	2
37.3831	-5.92355	2
52.2811	5.27001	2
57.9539	56.2813	1
33.6049	-96.6056	1
41.4672	-72.1086	1
53.7172	27.9867	45
55.5946	37.5437	1
48.6881	6.17345	1
40.7218	-3.0578	1
45.1724	-91.1392	1
55.5799	12.9349	8
-7.40413	111.019	1
55.3251	50.766	1
39.4192	-77.3797	2
-3.78977	-38.5199	22
33.5951	-84.2803	2
52.8013	6.12652	1
-18.1473	178.447	1
25.6909	-80.2464	2
50.7841	0.29945	1
13.8052	100.579	1
40.826	29.3248	1
12.0551	-86.1879	5
43.3215	-0.343157	2
36.0133	-83.86	1
-30.2911	-56.1623	2
50.8406	16.4923	1
3.56784	98.6436	12
34.2138	-82.0973	1
49.5637	7.2499	2
30.0354	31.2143	1
38.6531	-90.2435	10
38.9637	35.2433	45
33.947	-90.9449	1
-23.513	-51.0998	5
26.3406	127.778	1
-29.081	-49.6543	1
-5.18745	-37.3473	8
34.775	135.307	1
56.4625	-2.96735	1
-33.8935	25.6215	4
34.6975	137.741	1
-25.4528	-49.5696	2
50.4168	80.2465	1
-22.7782	-45.0475	1
45.4613	9.15934	3
39.2942	-76.6536	6
-7.2967	112.606	1
51.5943	-0.352264	4
52.5142	6.10694	2
-21.7554	-48.172	1
48.2048	6.48725	1
36.8171	-76.1031	1
46.1273	3.45251	1
34.2223	-118.882	1
15.153	120.598	1
41.7581	2.06928	4
37.4596	-121.156	1
53.5075	-1.13333	2
51.5683	-1.15729	1
41.5376	2.11357	1
-3.81391	-45.4521	1
40.7973	-81.3738	1
-29.0686	-51.0353	5
-7.88473	110.157	1
47.7055	6.92288	1
50.3148	18.7951	2
-20.595	-47.3472	2
56.0848	9.86302	1
44.2151	20.9238	6
58.0811	7.76356	1
58.9194	23.6352	1
-6.76609	-35.0177	1
22.7572	-102.588	1
42.281	-85.6153	1
51.8316	-0.633348	3
59.3446	18.0548	29
61.0395	24.5126	3
5.97713	116.072	6
4.84972	-52.3203	1
57.7875	38.1483	1
45.5432	-122.654	4
54.0022	-0.438413	1
51.2052	-2.18358	1
51.5811	7.53685	2
-23.1117	-47.1947	1
39.4752	-8.20281	1
10.9271	-74.773	1
35.2345	-101.766	1
42.1232	-72.7483	1
50.471	5.69375	1
56.8743	16.6748	1
19.5496	-99.1506	10
47.0946	37.5298	1
54.5547	-1.30309	1
39.0459	-77.127	2
39.7988	-89.6166	2
56.8138	24.1832	1
51.5608	15.5169	1
36.6031	-4.54917	3
51.4345	0.246854	1
-7.29221	110.178	1
-3.1107	-41.4845	4
58.0225	56.1443	8
39.8257	-75.0738	1
57.6417	18.2972	1
-33.4464	-70.5553	4
35.7141	-6.91635	1
43.6104	3.87434	8
46.3826	-120.294	1
52.1794	5.90278	4
-16.3051	-48.9725	5
44.0415	1.4369	1
47.0866	39.434	1
43.1614	10.6173	2
60.2261	17.7097	1
10.328	123.906	4
52.6363	-1.13111	3
-32.0493	-52.1142	5
13.7937	-89.356	1
-23.0614	-45.9175	6
40.0631	-82.5036	1
47.5976	-122.151	1
0.338331	32.7516	1
51.4439	6.07842	2
2.20133	102.248	2
26.1581	50.5327	1
39.7393	-89.2665	1
10.6152	-71.6652	1
50.0163	36.2354	2
30.2234	-92.06	1
37.0757	-76.5037	1
46.1749	8.83789	1
32.6205	-96.9043	5
56.8546	35.8997	3
40.9261	29.1262	2
46.3108	4.88616	1
42.2187	-83.2747	1
42.2911	-84.4241	2
40.651	-73.8712	10
37.4133	-122.081	4
34.0024	-5.5429	5
51.1252	-114.185	2
39.0538	-77.4537	1
-19.0045	-48.3585	3
60.1422	16.1667	2
38.4393	-78.8712	2
-22.5461	-48.6355	6
64.5245	39.7407	2
34.4965	-82.0124	1
43.1534	-8.48066	2
51.4731	3.81444	6
34.2133	-92.0324	1
56.3975	8.55838	7
47.2244	2.06407	1
38.2109	-3.51132	1
46.6106	-122.959	1
-33.4775	-70.7276	9
45.0404	41.9711	3
5.38353	95.8513	1
51.696	4.87839	1
41.0927	16.875	1
49.1723	25.4235	1
-23.47	-47.4366	4
-25.6313	-49.4623	2
42.9664	-73.3474	1
66.0478	21.2542	1
35.7593	-5.86816	1
-21.0578	-45.661	1
11.5423	-72.9204	1
45.4443	11.0005	5
-9.07563	-78.5886	1
47.373	1.73509	1
51.867	0.555831	5
-6.18622	106.637	8
56.3537	41.3264	1
51.1191	-3.44641	1
52.8332	-2.16942	5
53.3191	-3.83208	1
29.7468	-95.3901	7
37.9848	-87.5735	3
4.47946	101.044	2
33.9965	-118.374	3
