Latitude 	 Longitude 	 Weight
33.8337	-118.351	12
-19.9187	-43.9598	33
38.6621	29.3906	3
19.9724	-99.1748	1
52.1184	-1.01848	2
55.5715	38.2275	2
42.7342	-84.6287	2
52.9908	6.25643	3
26.2509	-98.1982	1
35.6649	139.857	18
16.959	-99.7356	4
35.341	-80.7606	1
-23.2765	-46.7111	1
53.2109	5.67335	5
9.18928	12.5042	1
-2.16561	-79.9084	19
36.4181	-95.599	1
33.6039	-117.658	1
36.3998	-78.1593	1
52.1674	-2.40599	1
47.7906	1.03705	1
29.2712	-98.6855	1
37.6792	-121.029	1
50.795	-2.61142	1
43.6166	3.77499	5
37.5153	15.0883	1
51.5466	0.635185	1
41.6194	-93.547	2
42.0483	-72.5696	1
53.6451	11.3582	2
38.502	-117.023	1
-22.4012	-49.4018	1
40.0495	18.0566	5
44.0264	-88.5437	1
-17.7029	-42.4872	1
-15.6069	-47.6195	1
36.0545	-115.279	4
50.6294	-2.46326	1
22.3671	114.174	2
10.6578	-61.4469	2
43.6814	-79.7831	2
33.888	-118.129	18
-26.4195	-51.8397	1
-22.9527	-47.3038	2
35.8305	-85.9786	1
42.4875	-83.2484	52
53.1519	0.34227	3
49.6221	6.5865	1
44.4446	6.28642	1
-31.8133	115.822	1
22.2703	-97.9168	5
34.9167	33.0189	1
28.6522	-81.2063	3
15.5475	32.5648	2
40.7405	-2.54198	1
34.4262	-117.434	1
-37.0419	-72.3728	1
41.3759	-88.6275	1
48.4384	-123.512	2
35.3994	-119.092	1
30.5215	-87.0126	4
-22.5926	-46.0515	1
36.5603	-87.3465	1
44.7243	142.263	1
1.52295	124.881	1
42.2462	-83.234	1
15.778	-86.7839	1
45.7548	21.2216	1
-23.6839	-46.9469	16
52.6752	-1.82349	1
51.6636	-0.810113	2
33.6666	-112.455	1
28.4811	-81.3687	4
40.9129	-74.0973	9
17.6348	120.411	1
-22.2279	-54.809	1
-29.9153	-51.1771	17
53.0195	-2.15902	3
46.2513	7.00218	1
51.9141	6.56715	2
18.0722	-66.7445	1
37.8223	-85.7682	1
-22.4513	-43.4782	1
53.944	27.6765	4
-19.4472	-44.2541	1
55.9183	-3.26502	7
-23.8078	-47.7261	2
-18.4436	-70.2939	1
18.181	-66.2706	3
56.2035	15.2779	1
-23.3116	-51.3669	1
-5.99643	106.009	3
-20.4583	-54.6457	4
-6.29743	107.148	3
36.767	-119.835	2
-6.34131	108.33	1
52.1295	1.4067	1
-28.739	-49.3605	20
52.899	6.885	4
55.1995	30.224	1
28.5091	-16.3378	2
43.3955	6.29457	2
32.3865	-84.9305	1
39.2852	-76.7432	1
37.3831	-5.92359	1
49.5892	10.9845	1
-3.27014	-79.9659	6
3.0996	98.4935	1
56.8544	35.8997	1
42.5092	-7.58527	1
43.4886	-8.22519	1
34.5338	132.441	2
41.7273	12.3005	1
46.3651	6.47418	2
48.8179	2.35853	122
52.5055	4.86152	15
13.7378	100.559	2
50.2891	2.76818	1
25.8111	78.3815	1
-21.1873	-45.4382	1
56.8105	24.6057	3
54.4292	-6.29417	1
38.8808	-77.1022	11
28.9699	-111.498	1
-23.195	-50.6389	1
47.0979	1.86477	1
31.6648	-7.99449	4
44.0562	10.0217	1
38.8347	-76.8925	3
35.0106	-80.561	1
-7.03353	-37.3471	2
6.67731	-1.57305	1
35.3288	139.352	1
-7.42692	108.164	2
-29.601	30.3715	3
21.4269	39.7859	1
31.9855	-87.5928	1
49.1132	-0.366889	2
20.9146	-89.6025	8
35.3519	136.767	1
51.8267	-0.645674	1
49.2884	-123.073	11
43.5084	-5.69195	1
37.8251	-7.87556	1
-6.91243	107.607	41
55.0796	38.7603	1
19.8041	-90.5279	2
-23.417	-54.5603	2
-30.9286	-51.8289	1
-5.11723	105.314	2
45.6762	15.6575	1
56.4811	23.155	1
-23.6716	-46.4477	19
37.9159	139.05	2
28.7678	-106.909	2
29.5669	-95.0587	2
-34.1777	-70.6909	1
1.32674	103.945	51
-23.4057	-51.9683	1
46.1907	6.13808	2
52.3188	6.90207	6
10.4772	-68.2224	1
4.08124	9.75538	4
53.0004	-3.04958	1
53.3215	50.0679	2
-23.2969	-45.9737	5
52.6355	5.05663	5
55.8647	37.6693	5
43.5424	5.44153	1
49.6555	0.872918	2
41.5485	60.607	1
42.0255	-93.6459	1
-27.8411	-54.5215	1
-23.6351	-48.1082	1
6.38993	100.426	4
9.85554	-84.3384	1
42.8962	-78.876	9
40.9173	29.1888	4
38.1209	13.3443	1
-16.6428	-49.2612	14
30.2613	31.7501	1
29.2139	-99.777	4
34.0888	-117.965	1
-9.95786	-67.8066	1
42.6716	21.1719	2
-16.393	-71.5373	1
53.6424	-1.7902	4
35.8904	-78.7183	4
53.4619	-1.04773	1
-26.0509	27.9207	2
-22.1761	-47.3406	1
41.3654	-88.8394	1
48.0114	7.38507	1
48.5345	2.70476	3
51.2518	4.43612	2
44.9636	10.6856	2
52.0828	-0.739571	2
5.33664	100.298	16
-22.7106	-47.7944	5
36.1665	-79.7388	1
-29.7338	-51.0571	6
-22.959	-49.8674	2
53.8484	27.4571	1
51.2858	-0.746423	1
40.7584	-73.0831	1
-19.7553	-41.7484	1
27.8773	-15.4801	1
10.2289	-67.3228	1
52.2078	4.43991	8
-17.3796	-44.866	1
-31.5614	-52.3342	2
52.9704	36.0825	3
45.6583	10.0366	1
57.8651	14.1586	1
54.7515	83.0878	1
54.3051	47.9533	1
-19.4526	17.5892	1
38.748	-75.1595	1
52.8706	6.54419	2
43.5075	-83.9596	2
14.5098	-60.9601	1
48.4561	135.099	2
38.5357	-76.9658	1
55.1254	73.3788	3
55.3589	86.0515	1
50.8577	5.70089	5
-28.7236	24.7328	1
37.3053	-6.11304	1
33.5783	-102.368	1
46.819	-92.0884	2
46.17	10.0384	1
-23.5108	-46.8823	66
36.2567	-86.6202	1
40.878	-73.8565	7
43.0352	-76.1393	3
-26.2945	-49.3292	1
-27.1	-48.635	4
53.3549	-6.2474	21
52.0055	5.94525	2
52.0063	5.66897	2
54.747	56.028	1
26.1959	50.5516	5
23.5316	89.1725	2
-35.7254	-71.679	1
18.2621	-66.8486	6
47.6131	-0.469075	2
-15.7182	-43.4193	1
44.7031	-88.8973	1
48.1795	-1.88882	1
42.2754	-71.8077	1
46.4355	30.7468	2
42.6681	-73.8107	1
40.8174	14.3403	8
38.8199	-7.47794	1
35.345	138.873	1
18.7647	-69.2559	1
52.545	5.92005	2
42.4651	21.4726	1
13.0344	80.2401	3
37.7914	-3.74254	1
-36.8115	-73.0731	1
32.6782	-83.1783	2
-29.1668	-51.1531	3
25.0966	55.172	2
34.5776	-106.792	1
48.4803	-2.65507	1
43.3484	3.2346	1
33.588	-79.0377	2
-25.3102	-52.3928	1
49.3715	6.14425	2
5.05504	-75.484	1
-20.5966	-47.8608	1
19.7246	-98.7579	1
47.2907	7.03242	1
-26.7242	-53.4817	2
41.1488	-104.821	1
2.24584	102.244	11
46.8023	1.69045	1
37.2692	-119.307	10
34.928	136.441	2
-25.395	-54.6406	1
3.20072	113.063	2
-22.1868	-49.9589	3
59.4048	27.2963	1
57.8106	28.3618	1
5.36187	100.462	2
52.9499	-1.1453	3
30.0825	31.3146	5
53.3598	6.41844	2
40.7358	-74.1686	5
1.51464	103.384	1
53.29	83.6478	2
41.8252	-87.7815	2
53.207	6.69752	4
53.9427	30.3563	1
28.0316	-80.6622	2
19.3343	-97.9228	2
1.66329	103.551	2
39.0298	16.4181	1
51.9132	-2.0545	1
38.9656	-95.2402	1
-28.7189	-53.5192	1
19.2708	-99.6499	21
54.5985	-1.08026	1
6.53381	3.38814	2
-29.6926	-54.8034	1
-33.9284	18.8334	1
-7.65408	111.35	2
-6.83272	107.486	1
56.2847	43.851	5
-1.28988	36.8797	6
38.1729	-122.589	1
41.4694	-8.15163	2
34.9716	137.059	1
41.7597	-88.3011	1
51.5207	-0.142822	1656
6.07143	116.183	1
52.5263	13.3926	4
49.4378	7.7067	1
-22.2628	-45.9406	1
37.5573	-122.002	2
-3.77009	102.297	1
39.0115	-76.9778	14
-20.3371	-43.3298	1
39.2416	-94.5656	1
51.272	-0.395409	2
56.6469	60.7841	1
38.5305	-8.86894	5
45.2049	-85.0155	1
49.0226	2.46295	12
42.2817	-8.74072	2
-23.0595	-46.972	1
4.53959	101.083	2
32.5335	-117.018	3
49.5376	-97.6573	1
34.7813	138.02	1
41.5844	-87.6035	1
39.7989	-89.6167	1
45.9746	-0.790735	1
50.2003	3.83717	1
43.1195	131.896	5
36.3921	-86.4253	1
55.438	37.5463	2
36.5896	31.8617	1
53.2268	-6.12663	1
52.6373	4.75451	7
34.8971	-118.241	1
40.1318	-88.2213	1
40.9471	-72.6707	1
-16.4629	-54.6471	1
27.5458	-99.5723	1
40.7366	-73.3558	2
40.3765	-80.0508	2
-29.9906	-71.3297	1
42.2917	-85.5872	3
47.2382	-1.56074	7
51.9413	10.1251	2
55.9229	37.8669	2
44.4006	33.8032	1
43.1952	-2.46631	1
22.5548	72.9208	1
40.0565	-83.0353	3
32.2187	-101.498	1
-22.4361	-45.3967	1
57.1558	-2.20286	5
-7.21096	112.725	23
-27.7689	-48.6676	5
49.1061	0.722818	1
36.6219	29.123	1
-13.434	-38.9034	1
39.8855	-105.053	1
39.5871	-119.708	1
47.8078	-2.38669	1
51.2667	22.8865	3
-24.1434	-47.2845	1
34.1827	-119.225	3
43.5238	13.5472	2
51.0183	2.34338	1
12.4364	-86.8855	1
54.1937	37.6289	4
56.9896	40.9688	1
47.0125	28.8552	1
-20.785	-49.3592	2
41.3278	69.2755	1
37.3238	-122.014	3
5.8924	100.379	1
-22.6784	-46.6768	1
33.7554	-116.302	3
38.7764	-90.5184	1
17.9668	-66.5891	3
-26.4493	-49.6013	1
32.9585	-96.9827	2
-1.27293	-48.4598	41
55.66	-4.94744	1
49.1101	6.70258	1
35.3318	33.302	2
8.25755	-62.7807	3
34.408	132.557	1
32.6941	-117.031	3
-25.553	-48.4967	2
36.6509	-4.68646	2
32.0325	35.7225	1
34.2339	35.659	3
-6.00147	-37.8323	1
64.435	40.7704	2
34.5681	135.516	2
45.9399	-74.1232	1
24.4725	54.3802	3
52.1049	5.12821	19
32.1517	34.894	1
41.7011	-83.5753	1
-29.4693	-54.6294	1
14.0562	121.278	1
29.963	-95.3854	2
53.8222	-2.71083	3
41.5008	-99.6809	1
50.7378	3.25392	8
48.5846	2.56998	9
43.8084	-79.4488	13
-21.8205	-46.5447	1
39.1101	-9.27397	1
-23.5387	-46.5691	11
10.4838	-66.5339	3
-29.7633	-50.0173	1
44.6597	11.1276	1
48.0832	41.2726	1
33.0449	-117.254	2
47.2777	-0.0301418	2
43.7912	10.7102	1
15.4002	74.006	1
2.6891	101.876	11
33.6507	-116.002	3
52.0047	4.76794	9
35.0309	-89.8319	1
-31.2458	-54.066	3
36.6606	-80.9136	1
21.5259	70.4499	1
61.5218	0.00022	2
31.921	131.433	1
35.9094	-78.9466	4
33.7529	-118.043	6
-23.2011	-46.9084	4
45.5228	4.89476	2
45.5542	12.3301	2
-23.3766	-51.1543	6
45.6913	-0.678221	1
40.073	-74.7243	2
4.04852	101.309	1
-22.7622	-46.8919	1
-34.7433	-58.5835	2
45.4907	-122.558	5
58.0394	60.5549	2
37.7289	-81.8061	2
47.9163	106.929	1
53.5211	-2.60669	3
37.601	-122.385	2
52.542	31.9441	1
18.022	-92.9165	15
-2.42022	-54.7105	1
47.2751	39.7779	1
54.7006	25.253	2
-25.3849	-49.2596	45
19.6527	-101.276	3
37.6325	-0.956809	3
21.5509	39.1814	2
-27.9234	-52.4302	1
-7.0575	113.26	1
50.7782	5.97428	7
-29.106	-51.5365	2
46.6409	142.785	1
4.23955	103.192	1
51.278	6.76623	1
53.1004	-7.91116	2
49.0922	1.48259	1
33.9377	-83.9613	1
38.1754	15.5304	1
-23.667	-70.404	2
40.7764	-111.921	4
20.5401	-97.4576	2
-27.5341	-53.8776	2
42.533	-87.8845	2
42.3527	-83.0992	2
-1.75216	112.635	1
49.1048	6.19605	2
28.6006	77.2301	4
39.7071	-81.5094	1
-5.14383	119.426	8
19.3343	-70.5202	1
-2.9299	-41.748	3
38.2753	24.508	60
41.1088	-72.3619	1
-22.0668	-42.9237	9
42.7955	-85.5262	2
48.6892	-1.356	1
53.0197	9.02567	1
47.1305	2.14902	2
48.4536	-2.04792	1
57.5093	-1.80203	1
51.3819	-0.282529	7
47.0881	8.28108	1
43.3507	-2.65181	1
57.4295	26.9838	1
41.0151	28.6358	3
44.2005	43.1291	2
9.97841	-84.8241	3
-8.80622	115.14	2
37.7183	-81.067	1
35.0125	134.996	2
39.2789	16.2706	2
-17.7712	-48.6891	1
52.3034	5.16308	4
47.1895	-122.299	1
41.4988	-81.7058	3
56.0228	92.8967	1
-6.36616	106.821	41
37.2461	-8.19459	2
-22.7373	-42.0436	2
12.3457	76.618	1
-18.9385	-46.9925	1
-12.8753	-38.5026	15
54.7042	20.472	3
17.9698	102.613	1
-3.12394	-47.6536	8
31.2077	29.9626	4
33.4337	-117.62	2
38.0028	-121.739	1
64.5245	39.7407	3
33.2091	-97.147	1
41.471	-84.5501	1
40.2054	29.009	2
41.8468	-88.0182	1
33.4357	-111.913	2
53.0926	6.90831	2
55.0302	59.5907	1
39.7666	-86.4413	1
53.7214	-1.4935	5
-23.3921	-46.4539	23
55.7546	-2.01283	1
39.4399	-8.14747	1
33.5827	-85.101	2
53.2768	5.98029	3
17.5486	-92.9522	3
43.2162	-0.246791	2
54.0205	-6.29593	3
37.7703	-122.436	28
40.0691	45.0382	2
41.0155	-0.43459	1
45.6247	-121.181	2
35.502	-78.3249	1
8.61987	-71.135	4
41.6915	-0.927332	3
34.7635	137.438	1
4.90779	-74.0302	1
46.0027	8.96044	1
24.6944	46.714	2
34.3985	-119.75	4
53.3441	6.6447	6
39.9407	-0.062697	1
-6.78381	39.1223	1
39.6348	-79.9539	7
52.1617	-1.59696	1
43.9391	-78.8676	1
59.7506	30.5852	1
52.3986	6.29824	1
49.4893	0.193858	1
44.885	-93.2089	3
52.4934	6.43479	2
52.4083	-1.51053	3
51.3378	12.3336	2
32.2299	-110.957	2
38.527	-121.761	1
45.1039	7.75693	1
-32.2122	-52.378	1
-7.77644	113.209	1
-21.677	-47.5085	1
39.2666	-82.8067	1
41.1621	-8.62191	8
-23.6828	-46.5955	274
38.2914	140.275	3
-6.30886	106.964	41
52.0731	21.0175	1
-0.759188	100.599	1
43.2605	-99.7157	1
33.868	-117.448	1
-14.5043	-56.8506	1
46.8415	-71.3703	2
31.9125	-106.425	3
40.4345	-78.3947	1
39.8079	-86.0647	1
14.7693	-88.7776	2
47.3321	5.03236	2
42.9069	-8.51115	2
39.0206	-85.8824	1
33.9791	-117.332	4
6.89258	79.9812	57
-34.1218	18.4889	1
51.509	-0.758994	2
-24.3787	-47.9319	2
43.2607	-79.9135	1
3.82881	103.217	2
36.5156	-119.642	1
20.1056	-98.7758	4
29.9292	-90.0991	3
53.7924	-1.71135	2
35.1293	-90.0268	1
18.7893	98.9976	1
-25.4539	-54.4571	3
30.0949	-95.9953	1
-6.56218	106.771	8
41.438	-79.7047	2
33.8859	130.875	1
37.1817	-7.45008	1
-7.55918	110.819	5
52.4791	-0.897159	1
-15.3232	-49.1072	4
48.7051	6.19066	4
33.6258	-84.4605	1
59.9724	10.7215	3
38.9656	-94.6957	1
53.7619	-0.331982	2
52.4289	9.50889	1
67.4444	32.7364	1
21.0906	-101.645	9
48.7426	7.48166	1
38.5448	-77.3373	2
56.8601	53.2045	1
34.5099	-114.311	1
44.0424	-123.073	1
36.631	-119.317	2
-7.23118	112.585	1
-5.79931	-35.2216	30
18.3357	-64.8332	2
19.7067	-103.468	1
-19.4455	-42.6011	1
-22.6187	-47.0686	1
46.1451	3.12603	2
3.41406	-76.5565	2
51.581	-3.22885	1
-23.1295	-46.5728	1
50.6163	37.3015	1
0.0	0.0	28
51.2038	-1.47852	1
28.8176	-97.8692	1
42.8431	-82.8908	3
43.6251	1.33179	6
41.2919	-96.0406	2
38.1593	-79.0629	1
56.6282	47.8837	3
51.529	0.438391	1
37.7711	-3.90196	1
7.97585	-75.4207	1
41.6595	-91.5389	1
39.2204	9.09584	1
40.7978	-75.9586	1
44.9816	-122.985	2
-20.3359	-48.3961	2
-0.789275	113.921	1
46.0801	7.08684	1
57.9099	59.9579	2
45.3364	12.1272	1
53.3718	-3.17049	5
52.2769	104.365	2
41.8766	-79.9733	1
2.83962	101.748	28
33.3067	-111.743	2
21.0487	-87.0318	1
51.6151	-3.93283	2
39.4207	26.8072	59
33.9119	-6.9713	7
-33.4336	-70.6556	34
43.0391	-87.9214	3
50.5839	17.8031	2
43.3873	5.23302	3
-6.70207	108.492	3
13.4746	-88.1831	1
43.1875	141.736	1
43.3113	3.48433	3
33.2526	-8.51436	2
52.573	-1.547	5
-27.4342	153.067	3
-6.83316	108.218	2
42.9501	-81.3672	2
-23.1036	-45.7178	1
50.3463	7.58951	1
55.7454	52.4375	1
41.6478	2.49345	1
-22.7334	-47.6258	1
30.0859	-95.5261	1
34.8329	-92.2302	2
50.6039	5.58414	1
-20.1213	-44.877	2
50.8452	-0.130547	2
33.8892	-117.925	3
34.0651	-117.707	5
12.9717	77.634	5
44.3692	9.31641	6
42.7466	-75.77	2
14.8212	120.901	1
33.5914	-112.125	1
36.6866	-121.641	1
34.2668	-5.92014	2
42.6347	-71.3362	1
43.657	-79.4546	2
38.3612	-0.470352	3
44.343	11.6816	1
41.5364	-74.0586	3
54.2721	-2.79158	4
5.54057	-73.3597	5
-2.50005	-44.2412	3
47.471	-0.355094	1
4.08145	-76.1946	1
48.6466	-4.32468	1
32.04	35.9069	1
29.2699	47.9574	4
31.6997	-106.454	2
53.2791	34.3808	1
29.3454	-98.5501	1
51.0349	4.45955	1
49.2738	6.9618	1
19.0753	-98.2532	19
7.75773	-72.2214	2
62.0482	26.6718	1
55.4359	65.2991	1
-9.53333	-35.6871	9
43.5895	1.51408	2
52.1817	5.39918	7
51.8039	55.1908	4
36.8433	31.0954	1
29.9989	31.095	5
55.7559	37.5483	98
-17.6863	-41.3566	1
40.8435	17.2899	2
34.0209	-118.211	39
38.7407	-77.5529	1
34.1657	-118.234	9
32.8246	-117.109	8
35.1344	-78.872	3
-20.8756	-54.2616	14
51.4708	-2.61703	2
20.0604	99.3619	1
-23.4458	-51.4481	1
20.746	-105.254	1
57.7686	40.942	1
42.3144	-70.9703	5
39.7643	-104.855	6
32.5975	-83.6604	1
-22.9325	-43.1806	11
14.3273	120.943	3
49.6116	19.3258	1
9.97527	-84.6506	1
22.7306	-102.694	1
34.983	135.737	10
-27.9931	-54.2949	1
39.9287	32.8188	2
51.9114	5.40638	4
-18.7868	-54.929	1
2.28476	102.564	1
55.6705	37.2691	1
47.5336	6.82311	2
41.0551	-73.7647	3
56.0589	54.2785	2
31.1689	-100.077	2
39.3632	-7.13544	1
40.399	-74.3285	1
-26.1893	28.0136	19
38.9293	-1.90194	1
-7.51468	112.734	3
43.3551	11.0296	1
47.0781	2.39819	1
10.4956	-66.85	2
33.1696	-94.9761	2
-23.194	-49.3852	1
-7.36953	112.735	11
32.7237	-97.5	1
34.7229	-77.3938	3
40.088	-75.3867	5
4.43242	101.218	1
41.3941	2.1393	15
34.775	135.307	3
32.2595	-64.8203	1
51.5051	4.2956	4
44.5627	6.48509	1
52.7525	5.21996	1
47.4487	-122.292	1
44.3963	4.39708	1
-36.1589	-71.8153	1
-25.3706	-51.5523	1
-1.54352	102.272	1
48.6475	44.3981	2
53.1673	-2.36386	1
47.4195	0.681314	1
41.7813	-72.5168	2
51.8426	5.83296	5
43.6155	4.0092	6
54.8716	-1.45727	4
55.3637	10.467	1
36.1707	44.0042	1
34.0203	-6.83744	6
-5.57728	-36.9084	1
-26.7559	-53.1977	1
51.8142	-1.43183	1
47.8139	1.95982	1
38.9915	-84.3256	1
45.0948	-93.4415	1
60.7218	28.7527	2
19.5421	-96.8861	1
26.3907	-81.7755	2
2.06667	45.3667	1
-21.6181	-48.4446	1
51.9641	6.30748	4
18.0133	-76.7433	1
50.4594	4.85369	1
38.9954	-9.14118	3
36.6223	-6.23199	1
-3.31717	114.576	1
45.4999	-122.914	1
-23.8107	-47.1875	2
35.704	139.392	2
42.6666	-8.88963	1
35.011	135.591	1
44.8865	-93.419	1
34.3104	134.044	1
53.2774	-6.40861	4
45.9423	4.69819	1
41.2412	-77.0387	1
19.2114	-99.1994	8
-3.9815	-80.9776	1
-35.2289	149.124	1
41.7976	-81.0028	1
33.7703	-84.3724	5
25.5431	-103.439	2
41.3039	-72.9278	1
25.6748	-80.3842	14
51.1889	58.6101	1
38.7724	-92.3074	1
13.299	-87.1839	1
-27.1854	-49.6228	1
38.7014	-93.2678	1
-33.5562	-70.7885	2
40.3653	-82.6694	1
3.54919	103.426	1
-23.147	-49.9738	1
-20.3975	-43.6687	1
33.5837	-7.63943	14
-23.5329	-47.2531	1
0.024281	-51.066	37
-7.11117	-38.7853	1
39.1363	-84.5404	3
-22.3287	-41.7471	3
-25.2655	-54.0981	3
40.6117	22.9809	2
32.2238	-8.83357	1
39.3701	22.9831	1
13.6792	-89.2748	33
46.4346	6.9098	2
50.5301	2.64403	2
37.8698	27.2644	1
-26.1568	-52.6728	1
53.8096	87.2221	1
49.5428	0.95866	1
45.6354	-122.653	1
15.2964	120.949	1
30.3767	-97.6721	2
52.5381	5.34582	2
-30.2041	-50.8677	2
42.8284	-1.61662	2
27.7611	-82.6445	2
35.8468	-86.4113	1
-3.28996	102.875	1
37.5195	-5.59482	3
41.5562	-93.7708	1
36.3711	140.476	1
49.8029	10.2184	1
37.2068	-7.22977	1
-35.0944	143.305	1
51.5065	7.00347	1
52.3834	13.1196	1571
40.5724	-74.4136	2
35.6188	-105.211	1
50.9404	0.366004	2
43.9342	4.87156	1
3.88372	-77.0657	2
40.2572	-111.639	1
55.3806	37.8127	2
39.1355	-77.2116	2
-22.8215	-43.0007	3
1.57231	110.323	2
-6.35375	106.567	1
36.0989	-115.034	3
13.7614	121.063	1
37.2968	-121.817	9
-20.4945	-43.8409	1
48.9892	2.258	15
52.7529	6.95947	6
34.7096	-118.106	12
39.6194	-75.8507	1
4.24884	117.907	1
37.5427	127.017	1
43.479	1.3868	1
51.5875	-0.278107	1
-22.3971	-47.613	3
2.98355	101.54	51
64.8562	-146.276	1
52.3828	5.79172	1
10.2746	123.853	2
9.04731	7.51172	6
40.5345	-75.4052	2
34.5131	135.793	1
21.1798	-86.8993	2
42.9907	-85.9508	1
-30.9747	-54.6619	1
10.1545	-64.6952	1
-1.74911	102.839	2
37.1804	-3.59799	2
-27.2447	-48.6992	2
3.23187	101.386	6
-23.086	-45.5067	2
51.7131	5.31818	14
4.6057	-74.1256	16
-22.916	-43.4473	81
47.8954	-3.90081	1
52.3402	5.63951	5
45.3558	-122.856	1
49.1994	-122.913	274
44.1647	-93.9998	1
30.0058	-95.647	1
53.9798	-1.1351	2
-7.02755	110.411	11
-29.7528	-53.8242	2
38.2365	-0.646418	1
42.5654	20.9269	2
-28.7303	-51.6044	1
25.81	-80.1401	14
-4.56298	136.9	1
46.6945	0.35547	3
-3.0098	-55.195	1
36.1624	-121.731	1
29.0394	-80.8989	1
9.31683	-79.8994	1
33.3096	-80.5392	1
46.5039	-1.80471	4
4.64713	101.203	9
61.5218	-75.0065	1
37.679	-122.135	3
48.8032	3.08573	1
10.6698	-71.6131	4
55.6229	37.4912	2
-24.7871	-65.4129	1
52.5909	-2.12746	12
34.0609	-4.97544	5
-20.0068	57.57	1
29.8239	-95.4621	14
29.4313	77.7082	1
36.1133	-5.48741	1
35.5328	139.438	9
6.16359	-75.6322	3
-29.3292	-51.5004	5
36.6039	-4.53022	1
-27.1211	-48.9048	1
29.7082	-95.5709	1
38.9488	-76.7166	2
44.7776	4.82735	1
31.8453	-116.6	2
51.4736	5.6531	1
-1.44517	-48.6382	2
43.6438	5.04615	1
34.1243	-117.558	4
44.9806	-92.9514	1
45.0405	41.8936	2
53.2847	-1.28603	1
35.0815	-108.836	1
32.864	-96.7768	2
41.8436	-71.4362	3
54.3021	10.1639	1
-15.8474	-48.0627	1
31.0998	29.7707	1
45.7869	3.11269	3
57.4093	21.5963	1
51.9037	-9.03369	1
40.9388	-74.3108	1
53.457	-2.3033	10
2.95314	101.862	4
-34.5898	-58.4148	7
42.7449	-73.6779	1
54.8609	53.0677	1
-20.4274	-40.3758	7
20.6767	-103.337	17
48.8128	1.94829	16
42.341	-7.86727	2
43.4266	6.76665	4
52.8054	-2.12498	1
50.6382	2.767	1
33.8884	35.6739	16
59.8619	18.9216	1
51.2427	5.70854	5
46.7613	-98.7551	4
42.4516	-83.945	1
56.4887	-2.95793	2
43.4095	-80.511	2
19.417	-98.1695	1
-33.9245	18.419	3
47.3774	8.53676	1
51.3315	4.08017	3
53.6811	91.3755	1
46.3268	4.80807	2
47.3959	-2.51222	1
22.3973	-101.935	1
25.7005	-100.26	16
-6.19018	106.847	125
40.0813	-80.7384	1
-23.513	-51.0998	29
42.429	-83.5088	1
52.7572	4.87691	2
-46.3989	168.365	1
-7.76838	110.389	22
45.5849	-73.5415	3
52.9675	5.78885	4
51.929	6.08418	5
26.0309	-80.3424	8
19.626	-99.0903	11
38.7609	-93.7473	1
13.8763	-88.6278	1
43.1168	-79.3299	4
54.0304	19.0907	1
-5.41688	119.441	1
37.3841	140.105	1
41.927	-88.1924	1
22.3111	-100.956	3
38.6448	-90.2703	3
54.6851	-1.79769	1
49.8988	2.28468	1
-20.4597	-46.0594	2
39.5146	-8.56205	1
51.7057	8.7739	1
51.0912	7.11339	2
19.1985	-100.14	1
48.9536	2.87727	2
52.9286	-7.55743	1
44.5956	4.75645	1
40.04	-76.3004	1
57.11	24.971	2
41.6039	12.8407	55
48.8672	2.75117	2
51.5008	16.0882	1
-29.2155	-51.9275	1
-22.3207	-49.0724	6
-21.9454	-50.7638	1
24.203	55.7179	1
-0.194002	-78.4834	5
55.1559	61.3679	4
-27.25	-52.3158	1
-22.7241	-47.2901	25
42.8657	-94.9738	1
-3.78387	-64.9497	1
51.2503	9.40482	1
47.8046	-3.26917	1
39.1698	-76.6546	3
41.551	9.30794	1
-25.9884	28.1033	1
51.7487	18.0776	1
58.5905	49.6388	2
28.3695	-16.7052	1
45.5162	-93.8206	1
42.9674	-106.963	1
43.2965	5.36978	4
4.94955	114.842	3
40.2056	-8.43253	1
19.4685	-98.7874	2
-17.4297	-39.8367	1
-6.32444	-35.5184	1
-5.569	-50.0651	1
54.5157	-5.89272	8
-23.096	-46.7311	1
50.5008	30.513	4
48.1106	5.14245	1
43.091	46.8513	1
1.10882	110.571	1
1.80499	111.844	2
52.5008	103.845	2
33.6163	-114.602	1
11.0073	-74.8365	8
-7.14941	-34.882	28
-26.8728	-49.1096	9
8.94689	-79.6764	2
35.3703	139.917	1
58.5534	31.2773	2
43.3189	-76.4181	3
-20.3075	-40.4704	1
61.1195	10.4539	1
51.0579	0.999159	2
35.2302	-89.3557	2
38.3369	38.28	1
34.4494	-88.6632	1
20.3296	-97.8959	1
55.6728	12.5521	2
-29.553	-52.2026	1
52.6117	39.5805	5
37.2692	127.008	1
52.7351	5.64214	1
49.9678	30.1814	1
31.5012	74.2807	1
4.49771	114.026	1
51.7478	-1.28639	10
-6.91683	106.965	1
43.7836	-79.1867	4
54.9165	23.9959	1
-8.9356	-36.4725	2
-6.74538	-38.2186	1
33.8364	-117.186	1
-22.5918	-47.3616	3
-20.7497	-45.2854	1
41.6748	-72.9206	1
-7.7925	110.909	1
50.0463	20.0057	1
-20.2804	-40.2928	15
3.50334	101.526	2
38.4404	-121.409	6
32.215	-98.2162	1
40.6287	-112.01	3
19.402	-99.0436	62
55.9432	37.4856	2
30.2036	-85.6033	2
44.4121	12.1921	1
42.4594	-96.4128	4
10.3854	123.653	1
42.572	-83.3814	1
-27.5825	-48.6727	2
-32.9943	-71.5195	2
58.4924	8.77191	1
-7.43151	109.247	2
41.2659	-75.8114	1
33.617	-111.932	1
48.0266	-1.69728	4
38.276	-85.7321	2
34.4651	133.044	2
37.8843	27.583	1
45.5716	10.1773	2
3.01697	-60.6432	2
56.451	9.38422	1
40.0025	-75.118	5
10.2398	-67.5337	2
41.3194	-82.031	1
-28.8898	-52.5328	1
-30.0997	-51.1593	18
41.1539	27.8194	1
39.8113	-84.2022	4
54.6124	-1.30039	1
54.661	39.7144	1
53.0673	5.54075	3
-21.2573	-48.5654	1
6.49466	116.786	2
26.8561	75.6088	1
-21.708	-43.4227	4
55.8867	-3.60894	1
40.6413	-73.6941	2
48.8852	2.15591	3
51.582	4.98488	12
50.0051	8.2586	1
7.05571	125.578	2
43.3748	-8.42829	4
-27.599	153.076	4
35.3742	139.185	1
6.70555	3.34009	2
46.5748	-96.0845	2
22.0801	-98.2891	1
51.4586	-0.968786	39
-20.5973	-40.5401	1
34.2547	-6.58028	1
53.3933	-2.91859	18
28.8661	48.2368	1
36.6833	27.9781	2
45.3126	8.86221	1
40.3199	-3.89323	1
51.4292	3.82962	12
50.9726	-1.35062	3
44.4834	11.3747	1
42.8863	-87.8838	3
53.2135	10.3758	4
45.5127	11.4849	1
-23.8633	-46.2901	27
51.5599	4.7649	7
45.6869	9.21677	2
39.4986	26.9322	1
40.5247	-3.81615	6
52.4949	-1.88125	7
28.3236	-81.4207	3
30.0608	140.596	5
47.7012	8.24989	1
-22.4378	-46.9978	1
-33.3963	-70.7944	1
48.2201	16.3798	1
45.552	-73.7359	9
42.0369	-71.6835	1
41.0205	-73.9363	2
19.288	72.8625	2
33.4451	-84.1792	1
52.3021	-0.59975	1
50.6125	-3.65302	6
58.6415	15.0949	1
-30.377	-55.1588	2
-0.587732	111.388	1
49.4496	1.09176	5
-6.1935	106.426	1
51.6546	-4.08838	1
-21.3838	-51.6013	2
-21.0871	-42.4098	1
7.88847	-67.478	1
45.958	12.3127	2
40.8366	-80.5454	1
39.7393	-89.2665	2
3.78062	101.447	1
51.782	4.5276	8
53.2075	6.12759	4
-0.930107	100.362	3
-19.7547	-47.944	1
-8.0436	-34.9394	33
46.807	4.42572	1
-28.4795	24.6701	1
22.0414	-102.356	4
35.6002	-84.4607	1
-36.7374	-71.0353	85
-5.40065	-47.5474	2
39.7416	-8.95246	1
41.9107	-87.6485	19
33.8713	-5.53471	2
-15.4552	-55.8425	5
25.2442	-103.233	2
51.4874	5.14353	2
52.4575	13.5273	1
56.9665	23.7219	5
50.3881	-4.11457	4
-26.2617	-48.9665	31
28.2478	-17.14	1
25.8364	-98.3625	3
45.3987	11.8908	1
33.9616	-116.545	1
38.031	-84.491	4
64.819	-147.721	2
50.8182	-1.09673	6
48.4084	-4.49955	1
35.2322	-97.6226	1
43.1998	6.00046	3
45.6059	5.02599	2
14.6244	-90.6158	26
35.3834	-97.5672	1
-11.772	-55.4066	1
3.8716	11.4457	2
-8.1851	-36.0151	1
43.0947	6.29607	1
39.4225	-0.352546	7
38.3282	-89.032	1
42.6475	-5.53942	1
54.9797	73.3775	1
-23.8963	-48.8749	8
41.2074	-73.1263	2
-5.34351	104.092	1
-27.359	-70.3316	1
57.7482	12.971	1
1.00185	116.394	1
59.2268	39.8381	2
-11.0019	-37.1007	12
35.8998	139.468	3
13.8115	100.045	1
-22.0587	-48.7344	1
-22.8041	-43.2957	4
46.4729	6.3613	1
35.1288	-118.459	1
-2.96616	-40.8077	2
37.8556	-3.614	1
12.115	-86.2708	10
50.7173	-3.51067	2
47.2611	39.628	11
-1.09706	37.0145	1
51.7501	-2.29412	1
44.8971	142.003	1
45.8902	6.12665	1
-20.2601	-43.7964	1
45.7408	-0.834432	1
25.256	51.552	2
47.7162	-1.98116	1
52.3553	4.87843	5
33.393	-117.173	1
-7.06031	-35.2031	1
52.5802	21.4896	1
45.8586	1.23198	3
-23.3455	-47.8431	2
34.6245	138.198	1
37.0407	-120.902	1
18.1499	-94.3758	3
37.713	-81.2493	1
43.193	-112.333	1
31.3446	-92.5096	1
38.8912	16.6113	1
38.2383	-77.503	1
3.14845	101.705	166
25.9423	-97.4151	2
40.2072	-89.6895	1
45.7433	3.27751	2
18.1163	-66.1405	6
41.4244	12.7851	2
-22.803	-47.4357	16
29.4896	-98.7112	1
-15.7763	-47.7966	41
37.8493	-122.277	5
39.3675	2.75799	2
54.3783	18.5969	3
50.2057	12.9611	1
52.9765	6.04419	4
40.9989	29.045	7
40.7775	29.9277	1
56.1385	40.4177	1
-24.018	-46.5015	7
60.2987	16.411	1
4.17777	73.5115	3
41.8312	-79.1527	2
-18.6364	-46.4172	1
-29.0688	-53.233	1
42.7345	-78.8648	1
61.4713	24.2539	1
53.5203	49.4315	2
48.2503	7.45889	1
-24.0958	-46.8159	2
42.6396	-8.5571	2
56.1425	47.173	1
52.1714	6.32514	4
37.9778	23.7289	1
0.247298	-51.0637	43
41.8984	12.5451	6
27.5043	-80.442	1
30.4602	-91.1116	2
25.0324	121.477	2
4.82842	100.769	3
38.2612	140.882	1
38.6204	-9.19497	15
-6.54949	-36.0482	1
-12.0857	-76.9967	15
-37.9981	145.155	1
15.4606	120.945	1
-25.1839	-48.8404	2
-27.7664	30.0344	1
40.1819	-3.68876	3
37.9734	-121.999	1
54.1125	-126.558	1
57.5931	25.4597	1
47.7223	-122.355	3
-23.1075	-47.2374	3
42.0851	-83.6809	1
52.2328	21.0607	8
40.6945	-8.52017	4
47.0148	142.67	2
-17.8586	-42.5919	1
-23.239	-47.5175	1
6.11885	99.9883	2
55.3391	9.53349	1
-21.9797	-47.9161	5
50.8708	-1.57762	2
36.063	-119.026	1
32.9303	-96.3585	1
37.6369	-118.97	1
47.1583	-122.522	2
42.4282	-8.62728	7
59.0018	61.7094	1
52.6231	-1.68424	1
34.4089	-118.501	2
33.4185	-112.247	1
31.2437	121.523	1
42.6147	-82.9607	3
51.7689	4.95133	6
45.184	5.71568	3
39.1713	-86.5319	1
-27.2422	-52.0333	1
39.08	-108.463	1
42.9215	143.122	1
19.2952	-98.9317	1
55.737	37.8253	1
52.3802	6.13264	16
37.9774	-87.4753	2
28.4723	-80.8342	1
43.6293	-79.2725	19
52.068	4.46888	13
45.6763	10.405	1
-30.5444	-52.5168	1
-19.7132	-40.4356	1
61.2734	73.4332	3
24.6625	-107.342	1
39.7286	-80.7509	1
-20.5252	-45.5419	1
4.72192	-74.0352	4
56.2339	-3.1437	1
-22.442	-44.5232	4
-34.721	-58.3528	1
34.4152	133.28	1
38.8635	-99.3554	2
-20.7065	-48.958	1
49.3294	8.43412	1
3.81427	103.361	1
51.8643	5.24685	1
48.9174	11.408	1
29.7783	-95.2123	1
-29.3583	30.9874	1
30.3449	-81.6831	37
-23.0046	-43.3211	1
33.5979	130.408	1
41.8191	12.7063	2
48.5395	-123.069	1
14.6684	-90.4611	2
53.5927	-0.575417	1
-21.5541	-43.5037	1
14.076	-87.2234	1
58.9194	23.6352	1
38.5741	-121.267	2
56.8155	60.6136	19
-2.54526	118.03	1
59.9394	30.0922	3
-17.7908	-63.1868	4
42.6991	-71.1588	1
1.84467	102.978	5
-17.991	-49.6681	1
45.4482	3.26856	1
-23.6211	-46.7852	49
35.8973	139.632	3
51.4914	-2.76035	3
-25.6586	28.2561	3
57.5613	18.2031	1
41.6136	21.7433	4
40.2168	44.583	1
43.6452	10.6388	1
26.2949	-80.1191	1
40.1816	-74.87	1
-1.34752	36.7423	2
55.8573	-4.30607	6
31.4014	73.1137	3
46.9838	6.87818	1
9.92933	-84.0745	8
53.1333	158.493	1
48.5681	7.80744	5
49.6344	-1.63346	1
32.3111	-94.1629	2
1.42922	110.333	4
37.3235	-120.487	1
36.1866	-86.7851	3
51.6661	-0.0841412	1
59.0838	17.5272	2
56.537	21.0366	1
34.7143	137.283	1
43.5939	-84.7758	1
42.7829	-96.9184	1
-24.4945	-53.3	2
50.7731	0.274658	2
26.3634	43.939	1
51.7734	19.4806	5
-2.57242	-59.9803	49
4.93567	8.34129	1
51.2476	4.7174	1
-21.491	-49.9037	1
53.2449	6.85378	1
56.9715	24.1287	8
43.1619	-86.2632	2
42.6465	-84.0766	1
43.5744	7.00103	12
51.054	-1.8008	1
51.9245	4.27161	18
48.7267	2.66104	7
53.4898	-2.08167	5
59.4397	24.7369	1
38.8048	-77.237	10
42.8506	-2.69861	2
32.6477	-96.9129	2
35.5746	-80.7963	3
29.3256	-96.1228	1
48.8292	44.7576	1
50.7995	6.46198	1
-7.31891	110.499	1
-24.07	-46.6726	1
39.8635	-77.0543	1
52.8499	18.7825	1
38.7105	-9.32922	4
54.8948	-2.93209	1
33.8976	35.5273	15
52.95	7.11599	3
50.0469	2.66637	1
22.1674	-98.5054	2
53.3742	8.10786	1
60.9716	25.689	14
3.13174	101.498	1
52.5696	13.051	1
45.0941	-0.63642	1
37.1621	-77.3501	1
32.3845	-86.2076	1
55.6289	37.7078	2
50.831	8.12265	1
41.4155	-73.409	2
51.967	4.57105	3
-22.9088	-45.2346	1
-34.9744	-71.2202	10
44.574	38.0395	1
42.7312	-83.3122	1
54.782	31.998	1
1.47274	103.63	9
0.56832	101.426	4
46.8564	142.672	1
28.9419	-106.163	1
41.6445	2.73283	1
-21.9643	-51.3537	2
-6.69493	-35.5978	5
40.3626	-74.0272	2
2.43559	102.861	1
4.55868	-75.6539	1
40.8168	-73.6355	3
-19.3796	-40.0642	1
32.7842	-97.3705	4
37.0792	27.2554	2
22.0696	82.1698	1
28.4961	77.0937	2
17.3421	-99.364	1
41.271	-73.7851	1
1.5254	103.838	45
10.6026	7.48344	1
33.2952	-111.886	1
-23.5594	-46.1857	2
50.4074	36.9101	1
35.5087	139.627	15
-25.7733	-49.7135	1
-33.8732	151.207	2
-32.0117	115.898	1
1.33695	103.779	13
37.5717	-4.63799	1
43.4584	11.8795	1
44.9366	34.1337	1
34.036	-118.362	14
23.9985	38.2069	1
41.2485	-82.6135	1
10.6149	122.97	1
51.7215	36.1846	1
10.0553	-84.4349	4
-10.22	-48.3221	2
6.41816	100.257	3
29.57	-98.3934	6
37.0941	-8.24506	1
56.073	-3.44398	3
38.4742	-9.11779	1
48.341	39.9838	1
32.8875	-97.1527	2
41.2927	12.5735	4
51.2339	5.87831	16
-33.3216	-66.3117	1
28.103	-15.4598	2
50.631	3.0472	15
10.9204	-68.3812	1
48.1207	16.5588	1
52.7677	-1.30001	1
40.5559	-3.26524	3
33.4929	36.2476	1
51.5478	-0.478308	4
45.0398	38.9989	6
2.13455	102.767	1
-9.13306	-36.0205	1
41.4755	-81.5064	2
40.8082	-77.8167	2
13.9771	-89.5753	4
28.0332	-82.468	2
2.45538	102.071	3
-21.9024	-42.5653	1
47.2991	18.8745	1
43.8332	4.34263	3
-12.4223	-41.313	2
-8.48202	115.298	2
55.5855	26.5068	2
-28.3065	-53.9244	2
20.1889	-100.143	1
58.2181	12.3573	1
51.3227	5.33003	1
43.7986	11.2147	1
37.4903	-77.4916	3
38.403	27.0958	3
49.2404	-2.17516	3
51.416	0.568141	1
-1.32225	-48.3132	5
32.5711	-89.8764	3
51.84	-0.275106	1
-20.7352	-48.5892	3
45.4533	4.7654	2
50.9532	10.9054	1
18.3999	-70.1285	1
40.4176	49.8389	1
27.6882	-97.3655	1
-2.62921	-44.3026	11
-7.71257	110.598	1
40.4095	-3.72167	15
43.4802	13.2037	1
36.4802	-107.842	1
52.2318	10.9964	2
57.7157	11.8391	2
14.6437	121.124	10
41.9375	-79.5773	1
-23.0558	-44.8942	2
60.4492	22.2715	1
-6.17533	107.015	2
50.4599	9.20064	1
-19.6047	-47.9692	2
33.6287	-117.16	1
44.7663	11.817	1
35.2035	-80.836	2
61.7359	34.4038	1
68.954	33.1359	2
30.2051	-81.5533	3
51.3808	6.01169	9
51.6044	-1.23591	12
41.5597	2.09573	1
-26.6073	27.9387	1
29.5976	-95.2245	1
41.9042	-8.86548	2
43.4491	5.86041	1
51.8714	0.862885	1
41.0965	-73.5467	2
34.1919	-118.386	3
53.5975	-113.379	1
-2.20567	-80.9645	2
39.875	-75.2464	1
51.8714	-2.22116	1
51.9417	-7.99206	1
54.9728	-1.61312	4
53.5971	-2.47193	3
41.6693	-4.77951	1
-19.604	-43.2996	1
51.521	4.56273	2
54.8852	38.1006	1
-21.7898	-48.2021	1
41.1768	29.0439	1
52.2031	0.135634	1
-21.5889	-48.8208	1
-7.66989	-36.8764	1
-22.8952	-47.0303	22
32.0389	-81.1685	2
49.9882	36.2344	1
43.1698	5.7056	2
40.6094	-80.2265	1
6.36307	2.45714	1
-27.6534	-51.0923	8
51.6909	4.28768	3
53.1826	5.81839	2
-0.0785608	34.7797	1
-29.3292	-49.8051	2
35.396	139.505	1
51.8572	4.69467	4
17.5508	-99.5064	1
41.5405	-8.41078	1
38.3169	-77.8476	1
-22.4758	-46.6045	2
-24.6146	-51.3215	1
40.2659	-7.5764	1
43.0783	-70.7592	1
34.8123	138.218	1
27.9489	-82.3266	2
34.114	35.7867	2
-3.76441	-49.67	2
38.9463	-3.23509	1
56.3214	44.0092	1
43.2519	-2.93316	5
36.0302	-79.3049	1
36.8048	-6.29987	1
61.6273	23.1618	1
13.824	100.724	2
59.3942	18.6174	1
-30.1649	-51.4437	1
-26.3528	28.1241	2
50.4574	4.10842	2
-38.7388	-72.6068	1
29.7936	-90.8234	2
-30.5529	-53.4955	1
8.4751	124.671	1
53.3596	89.9062	3
21.2978	-98.3734	2
52.2732	-6.94959	1
44.642	41.9433	2
54.4611	17.0282	1
45.5594	9.04635	1
59.3004	18.2476	2
20.3945	-99.9856	1
30.8723	28.8781	1
56.6702	54.3689	1
6.01225	116.396	5
-8.69085	115.26	7
2.04811	103.382	31
-0.82531	117.249	1
59.9341	30.3287	24
53.644	55.9553	1
36.0432	-95.8239	1
57.3102	-2.15374	1
55.8829	-3.95286	1
56.5904	59.9662	1
19.0329	72.8621	9
25.8309	-80.3714	4
35.1232	136.11	2
-7.53259	112.274	2
57.6963	18.6613	1
18.5297	73.8307	5
51.0027	2.13943	2
39.7299	-75.5295	1
51.8436	4.11914	4
42.3154	43.3569	2
20.0301	-102.265	5
3.30508	103.121	1
50.9968	5.87186	3
41.6756	-86.157	1
6.05624	102.246	6
55.297	-2.07469	1
15.7339	-88.5992	1
41.8401	-0.894539	1
35.5506	140.124	2
53.7788	-1.32995	1
45.9193	9.31433	3
54.9016	84.3671	1
18.3709	-95.7662	1
-22.8871	-45.4893	1
39.7361	-82.9869	1
-25.0343	-47.9877	1
53.5713	9.9213	1
52.2432	12.9159	1
-3.78965	-38.5199	19
19.2972	-70.2503	3
41.6835	-88.523	1
20.9458	-97.4226	1
-3.11706	-59.9893	10
-23.2981	-47.2769	3
52.4281	4.65613	12
44.8377	-0.574762	5
52.3331	-2.0624	1
39.1451	-75.3867	4
-2.87612	-40.496	3
52.2844	6.44019	6
18.6552	-95.9613	1
50.1331	8.53148	1
-25.8783	-48.5721	1
30.6672	-96.377	1
-23.6961	-52.3891	1
1.58291	104.188	1
53.3593	-1.42386	2
-22.6965	-43.5244	2
38.1928	-83.4256	1
3.32812	101.579	5
52.087	34.4001	1
19.6014	-90.3361	5
2.51254	102.262	1
66.1187	76.6818	1
56.4073	61.9156	1
49.6027	34.5243	1
47.0739	5.50228	2
48.383	31.1814	48
-5.21541	-42.8028	3
55.0015	82.9557	2
-20.3427	-47.8032	1
54.1306	42.6879	1
-19.9422	-44.1928	5
36.2604	-115.085	2
42.3786	-71.1122	8
-37.747	145.009	8
47.0732	15.4419	1
16.2586	-92.301	30
49.5004	8.50214	1
52.7506	6.37381	1
43.9207	7.17714	2
53.8437	-1.85083	1
43.1484	-8.9675	1
51.3882	-0.63808	4
45.3433	4.31723	1
14.0718	120.63	1
37.9695	-7.85798	1
44.143	8.27331	1
52.9373	-1.45137	3
46.0353	13.2215	1
5.17059	100.515	1
-21.9722	-47.4137	1
30.249	-93.153	1
43.1792	-1.35398	3
43.365	21.8216	1
50.2464	5.33734	1
35.7307	139.711	29
51.5307	-3.68392	1
20.6362	-87.0754	1
26.3362	127.792	1
40.5415	-112.313	1
34.2486	-118.525	7
52.0769	4.3064	8
5.50354	100.493	2
40.6679	-80.5879	1
30.2236	-97.7407	6
50.6856	-120.296	1
35.2651	137.047	7
55.9104	-123.87	1
37.1239	-80.5417	1
19.1003	-103.657	2
40.7581	29.7874	2
50.4609	30.773	2
37.6501	-97.3118	9
50.5705	8.53114	1
47.4629	-0.545994	3
-53.1572	-70.9042	1
51.7286	5.95212	1
50.9045	4.3606	7
-8.82047	-68.2462	1
38.9261	-119.972	1
37.3515	-78.9117	1
51.076	-114.063	1
51.6646	-3.41505	1
13.082	-59.4878	1
52.1105	6.11219	2
33.0607	-96.7365	9
30.4476	-87.1929	1
53.7172	27.9867	39
38.4792	-75.5284	1
-25.3088	-57.6286	5
33.6163	-7.39152	1
55.5799	12.9349	1
47.4824	19.1295	2
35.1688	136.898	14
47.994	-4.1083	1
45.4827	-122.756	4
31.8833	-106.582	2
47.4092	2.92404	1
-7.74262	112.285	1
-18.1413	178.424	1
51.5763	0.07409	5
48.0809	20.7702	1
3.38356	101.215	6
6.11336	100.45	6
51.737	0.490645	1
51.5633	5.46581	16
36.0	-80.3957	1
60.2084	14.6944	1
14.6223	-61.0479	1
43.3215	-0.343157	20
51.104	2.64702	2
-25.1476	-50.071	6
18.3126	-66.0462	4
36.2329	-115.238	5
22.5563	88.3763	1
48.5914	6.44323	1
47.2153	7.8091	1
52.7207	6.20378	2
34.6938	137.693	3
71.9733	102.49	1
26.4561	-80.0918	1
20.6119	-100.367	8
50.9528	1.86886	1
52.1682	-0.457106	3
33.7316	-117.825	4
19.3511	-90.7276	1
41.0818	28.879	1
15.4785	-87.9631	1
-23.2173	-44.7282	1
38.9637	35.2433	74
55.8509	37.3507	3
3.62491	98.6922	13
42.5213	140.787	1
-21.2385	-44.2815	4
52.6333	6.55654	7
48.9931	1.69589	2
48.1968	3.28712	1
-20.3498	-41.9347	2
-5.18745	-37.3473	1
31.7683	35.2137	1
35.7489	-5.83511	3
32.6147	-85.4747	1
-5.34569	-49.0945	1
20.3703	-90.0472	1
45.4613	9.15934	6
45.7377	8.96869	2
16.7419	-93.1397	7
52.673	9.62026	1
21.3585	-157.928	2
-21.6462	-49.7408	4
48.1129	-96.1658	1
18.4088	-66.1591	1
2.83755	102.203	5
7.13211	-73.1216	1
39.9599	-75.604	1
36.8842	30.6485	1
51.6631	5.65647	17
-21.2139	-42.85	1
14.5371	120.982	5
43.94	10.2154	1
56.5405	-3.88487	2
-17.9138	-43.6532	1
41.7581	2.06928	1
49.3534	0.0751004	2
20.5971	-102.559	1
-21.9795	-42.249	1
-23.8841	-46.4543	15
52.7935	-2.90181	2
10.9222	124.565	1
38.611	-0.0362707	1
49.2681	2.47738	2
-29.0686	-51.0353	8
9.00927	-79.5358	12
59.242	15.0206	1
5.32964	103.141	4
52.089	4.90071	4
49.3521	0.934251	1
43.703	7.25302	12
-20.595	-47.3472	1
40.7695	-73.9676	41
19.4417	-99.1942	48
34.1141	-117.289	2
44.2151	20.9238	4
-25.5917	-49.3274	1
-23.4892	-51.7215	1
42.2791	-83.7497	1
33.9619	-84.1142	1
38.8792	-82.3801	1
53.8089	10.1615	1
35.3343	-81.8737	1
26.8449	-80.0806	3
-20.0322	-44.4428	1
-26.4182	-49.0711	4
48.9029	6.05928	1
-34.5089	-58.7412	1
50.7277	-1.90424	7
54.5186	36.2674	1
40.9925	-96.3544	1
57.1506	65.5568	2
41.6039	-87.3568	1
37.4834	-122.229	1
-27.0924	-52.6158	2
33.4595	-88.831	1
50.6294	4.65573	2
43.2779	-1.98771	1
64.5316	40.5779	1
15.4854	120.591	6
41.9976	-92.6667	1
46.7899	4.85034	1
-12.6901	-38.4864	1
51.7353	5.52719	2
-23.4254	-46.0575	1
43.6679	-1.40895	3
48.1175	-122.224	2
-5.15527	-44.1652	2
-23.8308	-46.8122	2
-29.4661	-51.7702	2
51.4345	0.246854	4
19.184	-96.2312	3
-7.94794	112.565	10
-33.8059	18.5021	1
43.4709	-1.5561	1
-3.1107	-41.4845	5
58.0225	56.1443	18
50.9281	13.4571	1
-2.92678	104.794	7
-8.15917	114.392	1
-24.5608	25.9879	1
52.605	-1.97522	1
45.868	-120.288	1
51.5258	46.0477	5
53.1039	-1.03433	1
31.7579	-106.279	8
41.3427	-89.2185	1
53.4514	-113.46	2
35.7141	-6.91635	2
50.3121	2.93409	1
18.6007	-90.7364	1
-22.1994	-55.544	2
-37.0958	-73.1514	1
49.8774	-97.1439	1
52.1794	5.90278	2
-25.9299	29.2365	2
47.4317	3.77506	1
44.0415	1.4369	2
48.6328	2.37123	6
44.9917	0.179534	2
52.6401	1.27308	1
48.8521	2.50929	7
40.9628	-8.50091	3
-21.2655	-50.3258	1
-12.0206	-45.4874	1
18.839	-97.0819	3
51.6861	-0.38015	2
52.6363	-1.13111	3
-19.7776	-44.0706	1
34.1744	-79.7849	2
-23.0614	-45.9175	13
30.9061	75.8508	1
34.7352	135.502	5
41.145	-81.3585	5
24.4461	72.7473	1
-9.75808	-36.6473	2
52.8471	-2.29813	4
14.5334	-90.7369	7
45.7634	4.86075	9
17.0915	-96.725	5
-14.8821	-40.5663	1
37.9228	-121.304	1
20.91	-100.776	2
40.6429	-4.72903	1
59.4743	32.0514	2
-10.3355	-58.5891	1
-14.2393	-53.1848	22
40.651	-73.8712	23
-1.44047	-48.4665	1
6.34698	-75.5669	2
39.0538	-77.4537	1
-19.0045	-48.3585	1
48.5811	2.2357	1
38.4393	-78.8712	4
-22.5461	-48.6355	9
42.7165	10.9881	1
-30.4164	-53.6701	1
37.0462	35.301	1
43.1534	-8.48066	2
41.3748	-72.1603	2
43.6998	-85.5007	1
46.1563	8.77139	1
18.5399	-69.9007	6
32.9728	-117.091	1
40.7218	-73.5152	2
18.9789	-99.2694	3
-23.47	-47.4366	7
55.7948	49.0696	8
-7.23072	-35.8817	8
-42.9007	147.328	1
54.2853	-1.5865	2
53.8245	-3.02998	2
46.5236	6.60982	56
-0.0730833	109.355	2
50.9307	6.95177	3
41.16	-81.5186	1
-21.7766	-49.2498	1
41.566	-87.8082	1
51.3258	-0.109598	2
-21.2134	-47.818	7
-6.18622	106.637	11
53.0453	158.664	1
3.75431	101.949	1
69.3595	88.1996	1
49.8982	7.23186	2
48.9796	2.61159	2
-30.3331	-54.374	3
35.6944	51.4215	1
19.6563	-99.2336	11
40.4695	17.3661	3
52.0417	113.494	1
-43.2335	-65.3078	1
52.1149	6.50914	1
52.2346	-0.881253	3
42.7991	-8.01626	1
31.3643	-110.933	2
43.6932	5.53486	1
59.3336	17.98	4
52.5403	-0.299571	2
38.8449	-77.4408	1
52.193	4.63203	1
