Latitude 	 Longitude 	 Weight
53.4039	-1.56304	3
-19.9187	-43.9598	20
38.6621	29.3906	3
27.8303	-97.2212	1
52.1184	-1.01848	3
52.1372	6.17905	2
57.2547	60.1177	1
54.1602	37.5885	2
51.7689	4.95133	5
34.8297	137.237	1
35.6649	139.857	12
-0.246611	100.675	1
38.4037	-121.349	1
16.959	-99.7356	5
38.8551	-76.918	9
53.2109	5.67335	6
12.1126	-86.268	20
36.4181	-95.599	1
49.1703	-0.31857	1
18.3568	-93.251	1
51.29	-0.832989	4
39.8439	-75.3748	1
-29.601	30.3715	1
38.9751	-9.10021	2
52.1674	-2.40599	1
38.611	-0.0362707	1
0.901495	104.487	1
53.1997	5.50724	2
37.6792	-121.029	1
27.8155	77.3373	1
50.795	-2.61142	3
41.6194	-93.547	2
2.83046	101.621	22
-9.95786	-67.8066	1
40.0495	18.0566	5
-29.5564	-49.8927	1
54.7515	83.0878	1
34.2629	-5.9166	1
43.6814	-79.7831	5
47.7947	19.1306	1
51.9187	19.1348	1
35.8305	-85.9786	1
3.8359	103.274	5
18.5846	73.7309	2
49.6221	6.5865	1
44.4446	6.28642	1
22.2703	-97.9168	14
34.9167	33.0189	1
-23.6961	-52.3891	1
5.27975	-73.5843	1
-7.65633	112.907	1
40.7405	-2.54198	1
51.8188	4.60591	4
-3.95811	120.172	1
55.8	49.275	4
41.3759	-88.6275	1
30.5215	-87.0126	4
-21.2659	-50.3263	1
-2.09085	-79.9031	20
-27.7689	-48.6676	4
-5.3536	-49.0826	1
-31.5614	-52.3341	4
52.6003	39.6002	2
-1.90527	116.199	1
14.7408	-17.4667	1
39.8893	32.7975	2
29.6962	-96.5411	1
41.817	-71.4212	7
52.6752	-1.82349	2
51.6636	-0.810113	2
-6.90558	107.626	58
-1.27436	36.8131	8
33.6666	-112.455	1
2.78473	102.233	3
52.3984	6.29819	2
48.2215	15.7608	1
52.172	-0.662384	1
38.5617	-121.461	3
17.6348	120.411	1
53.0195	-2.15902	1
-22.4513	-43.4782	1
53.944	27.6765	5
-19.4472	-44.2541	1
55.9183	-3.26502	5
16.4104	120.598	1
52.0429	18.3787	3
56.2035	15.2779	1
-5.99643	106.009	6
-20.4583	-54.6457	4
31.6061	-97.1174	1
37.9191	-122.062	1
5.75841	102.274	2
-6.34131	108.33	1
52.1295	1.4067	5
-28.739	-49.3605	19
45.5542	12.3301	2
14.5414	-90.4007	4
39.2852	-76.7432	3
41.663	-70.3627	1
-21.5588	-51.596	1
52.2813	-1.53281	1
-1.26855	116.855	8
40.7096	-73.5928	3
30.7925	31.0081	1
5.02861	118.292	1
42.6281	-79.0825	1
43.4886	-8.22519	1
-22.7467	-47.1389	1
49.6671	0.88096	1
46.3651	6.47418	3
46.5747	-96.0849	5
52.5055	4.86152	17
25.8111	78.3815	1
9.05807	7.39808	4
38.1486	-85.6023	1
33.6039	-117.658	1
54.1791	45.1724	2
31.8621	-102.352	1
43.3841	6.30301	1
43.6301	5.16285	1
42.3254	-71.2136	4
41.6925	-88.0677	1
47.5249	-122.639	1
34.1682	-111.931	1
-7.42692	108.164	3
52.8471	-2.29813	1
21.4269	39.7859	1
20.9146	-89.6025	8
35.3519	136.767	1
34.9091	-82.2144	1
-19.7553	-41.7484	1
43.5428	-99.2455	1
49.2884	-123.073	3
43.513	3.41615	2
25.7936	-109.029	1
41.6402	-73.3197	1
-26.4233	-49.1569	2
30.6409	-88.2401	1
38.0453	23.7882	2
-30.9286	-51.8289	1
40.8084	-96.6981	3
56.4811	23.155	1
38.9893	-76.8728	4
-33.4317	-71.6464	2
41.2229	-111.973	1
-23.6716	-46.4477	8
38.8623	-77.3531	8
28.7678	-106.909	4
-6.46615	107.445	2
18.4414	-66.0165	3
-29.2431	16.8805	1
7.96722	-80.4351	1
33.9052	-84.2703	2
1.32674	103.945	36
-23.4057	-51.9683	1
46.1907	6.13808	5
62.0482	26.6718	1
53.0004	-3.04958	1
53.3215	50.0679	5
-23.2969	-45.9737	3
50.4609	30.3635	3
0.494796	101.461	4
3.09871	98.4961	6
-27.8411	-54.5215	1
13.5341	-89.8194	1
41.4698	-82.1481	1
9.85554	-84.3384	1
42.8962	-78.876	11
25.7543	-100.197	3
57.7	11.9701	3
-16.6428	-49.2612	12
30.2613	31.7501	1
30.6239	-84.4154	1
50.406	6.83129	1
-0.774199	100.592	2
42.4261	-8.62856	1
52.5008	103.845	2
51.2912	13.0955	1
-20.1343	-40.2992	1
-22.1761	-47.3406	1
41.3654	-88.8394	1
-33.5828	26.8875	1
53.3605	6.3819	1
45.7578	4.8351	2
4.56964	-74.1638	3
44.9636	10.6856	1
3.88372	-77.0657	1
29.3238	48.0405	6
20.7924	-103.485	1
40.7584	-73.0831	1
37.5245	-77.4932	1
47.4851	19.0864	3
62.6531	8.72498	1
52.2694	-6.96723	1
52.9704	36.0825	2
32.4827	130.155	1
54.8489	33.3119	2
-19.4526	17.5892	1
43.5075	-83.9596	2
-21.7619	-43.3419	2
43.4896	-1.51974	1
-29.4284	-53.3818	1
24.8704	46.8754	1
25.6604	-100.352	8
-33.9461	18.6065	2
40.445	-3.47291	1
55.3589	86.0515	2
28.3746	-81.3482	5
37.3053	-6.11304	2
46.819	-92.0884	2
46.17	10.0384	1
56.1385	40.4177	1
-26.2945	-49.3292	1
-27.1	-48.635	3
53.3549	-6.2474	17
39.8769	-7.1126	1
-32.9575	151.704	1
45.5887	-122.594	7
32.1456	-95.1305	1
18.5055	-69.8447	5
23.5316	89.1725	2
41.4672	-81.575	6
48.5395	-123.069	1
30.2172	-92.0386	1
41.0054	47.8825	1
-6.26798	107.133	7
43.5398	7.00931	1
18.6739	73.8892	4
35.345	138.873	2
15.6163	73.7784	1
39.4672	-0.389292	11
13.0344	80.2401	2
37.7914	-3.74254	1
38.8778	-99.3181	2
32.6782	-83.1783	1
34.5776	-106.792	1
33.588	-79.0377	2
-8.0942	112.309	2
-7.76819	112.182	1
1.59759	103.805	31
56.8155	60.6136	14
39.4243	-75.2478	1
41.2431	-82.6364	1
5.05504	-75.484	1
44.0785	-103.284	1
45.0533	4.81494	2
-21.6793	-49.7809	4
-26.7242	-53.4817	1
41.1488	-104.821	2
41.8815	-88.1973	3
47.8398	35.1214	1
37.2692	-119.307	9
-26.3075	27.9439	7
59.4048	27.2963	1
57.8106	28.3618	1
51.4855	-3.1714	3
35.3318	33.302	1
23.7371	90.3979	1
1.84467	102.978	8
1.51464	103.384	1
53.29	83.6478	1
10.4468	-66.8707	3
33.9503	-117.681	3
36.0302	-79.3049	1
41.3068	-1.89709	1
35.6823	140.158	1
-6.09954	106.121	1
19.3343	-97.9228	1
39.0298	16.4181	2
-21.8793	-47.9053	7
38.9656	-95.2402	1
41.6756	-86.157	3
16.2548	-61.5299	1
34.1018	-117.814	3
-33.9284	18.8334	2
1.08976	104.106	1
28.0951	-81.4669	1
48.2201	16.3799	1
48.5073	32.2742	1
37.9774	-87.4753	2
37.9695	-7.85798	1
-22.2267	-54.8364	4
1.50717	103.924	5
44.9332	-123.028	1
52.2883	13.451	1
51.5207	-0.142822	744
51.9026	6.41109	5
5.98828	116.163	2
52.5263	13.3926	5
53.3107	8.7361	1
36.2329	-115.238	9
35.6203	-97.4457	1
39.8623	-7.51492	1
-20.3371	-43.3298	1
34.4262	-117.434	1
14.0632	-87.1864	2
3.18613	101.533	45
36.9733	-120.085	3
38.5305	-8.86894	7
-23.0595	-46.972	1
49.5376	-97.6573	1
57.7143	-3.30382	1
34.7813	138.02	1
39.8043	-75.1685	1
-23.6817	-46.7755	5
34.7336	135.495	1
38.6081	-77.339	1
42.7139	-78.9278	2
-4.12497	120.029	1
34.8971	-118.241	4
40.1318	-88.2213	1
40.9471	-72.6707	1
36.0112	-95.7212	2
40.3765	-80.0508	30
44.0358	-78.8645	1
47.2382	-1.56074	2
29.2712	-98.6855	3
38.9167	-94.6753	1
40.0565	-83.0353	1
32.2187	-101.498	1
36.0644	-115.019	6
-22.5926	-46.0515	1
41.0959	-73.4268	2
45.9399	-74.1232	1
43.8409	10.7245	2
46.2513	7.00218	1
47.8078	-2.38669	1
51.2667	22.8865	4
-24.1434	-47.2845	1
40.1847	-3.68794	2
20.6784	-103.346	22
34.1827	-119.225	3
5.07723	115.55	2
43.5238	13.5472	1
38.7542	-75.1906	1
52.52	-1.47609	15
45.0402	38.9985	2
56.9896	40.9688	1
50.0337	21.9887	1
31.8281	-81.6093	1
21.5324	39.1597	2
23.1555	113.257	1
19.5305	-96.9341	2
41.3278	69.2755	1
37.3238	-122.014	3
-29.665	-51.0437	4
-22.6784	-46.6768	1
48.7187	2.41282	20
5.39716	100.315	18
19.6328	-70.2838	2
2.50099	102.993	1
33.7554	-116.302	2
47.3904	0.695972	1
13.6181	-87.9025	1
48.1795	-1.88882	1
52.1311	4.68895	6
38.6302	-3.47079	1
53.459	6.62288	7
55.6139	37.6032	8
55.5733	37.3073	3
-1.27293	-48.4598	7
-29.9006	30.9726	1
47.8026	13.0543	1
2.28476	102.564	1
-34.6132	-58.3772	6
-25.553	-48.4967	2
26.3029	50.1951	1
32.0325	35.7225	1
34.2339	35.659	3
48.9898	4.51219	1
49.4549	-2.54558	1
-26.0416	-53.0545	2
34.5681	135.516	3
48.5455	7.49881	1
-22.5918	-47.3616	2
37.9532	-91.7625	1
31.8704	-116.641	1
24.4725	54.3802	3
37.3682	-76.7476	1
51.9294	6.0773	4
42.1587	-79.3929	1
37.6482	-97.2992	6
39.6957	-84.1593	1
41.0523	16.7039	1
-7.06058	110.457	12
41.5008	-99.6809	1
-1.58321	100.644	1
5.31796	115.213	1
3.86972	11.4469	3
46.5907	-64.9944	1
14.6039	-90.5461	40
32.3111	-94.1629	1
-23.5387	-46.5691	8
-28.2759	-52.8611	1
44.6597	11.1276	1
48.0832	41.2726	2
33.6507	-116.002	1
37.3235	-120.487	1
-29.9018	-71.2508	4
-31.2458	-54.066	2
36.6606	-80.9136	2
45.2482	-75.8001	4
61.5218	0.00022	5
46.0027	8.96044	1
-23.2011	-46.9084	6
45.5228	4.89476	2
52.5597	4.68185	12
40.9174	29.1885	3
4.04852	101.309	1
2.39449	111.874	1
-22.7622	-46.8919	1
-33.4477	-70.5735	8
54.1582	12.0669	1
51.2216	22.5635	1
52.5468	5.5366	1
54.7006	25.253	2
-25.3849	-49.2596	47
50.5839	17.8031	2
40.7978	-75.9586	1
35.619	136.884	1
-29.106	-51.5365	2
56.8465	53.2143	3
39.1101	-9.27397	1
4.23955	103.192	1
51.9129	-8.19033	1
20.6684	-87.0597	1
49.0922	1.48259	4
2.21339	102.254	21
43.1045	-79.5515	1
46.8525	-96.8504	1
-28.3733	-53.904	7
41.6525	-74.1178	1
49.4808	2.9541	1
3.1644	99.4144	1
42.533	-87.8845	1
1.55644	103.589	13
42.3527	-83.0992	3
38.4792	-75.5284	1
28.6006	77.2301	3
39.7071	-81.5094	1
-24.2758	-47.2308	1
-5.14383	119.426	26
32.7237	-97.5	1
18.1141	-66.159	4
38.7556	-9.14934	3
50.9138	-1.40057	3
37.5453	127.077	5
53.2133	10.3758	5
38.2753	24.508	41
41.1088	-72.3619	1
44.2357	43.1433	1
19.3287	-99.4658	11
45.463	-73.4283	4
42.7955	-85.5262	2
20.586	-97.4323	1
41.8272	-87.6843	9
53.0197	9.02567	1
60.9715	25.6661	11
21.0981	-101.601	4
35.8639	-78.6302	3
53.401	-8.30764	1
47.0881	8.28108	2
-21.3928	-50.1297	1
35.3407	-80.7609	2
15.502	-87.9831	2
41.0151	28.6358	1
35.561	45.4754	1
9.97841	-84.8241	3
35.0125	134.996	2
-17.7712	-48.6891	2
5.58836	116.013	2
43.6372	3.91274	6
39.7751	-104.9	6
31.7503	-93.1002	2
42.7783	-81.1827	1
19.0522	-104.316	1
50.5977	36.5848	2
-6.88289	109.67	1
-12.8753	-38.5026	6
54.7042	20.472	2
41.8686	-80.1317	1
40.0758	-80.1901	1
35.5771	-5.34233	7
31.2077	29.9626	3
26.5372	-78.6976	1
33.4337	-117.62	3
38.0028	-121.739	2
30.0653	31.4785	5
40.2054	29.009	1
10.6597	-63.2533	2
13.0061	77.5625	9
-20.7428	-49.8342	1
55.0302	59.5907	1
39.7666	-86.4413	1
21.5259	70.4499	1
53.0472	158.659	1
60.149	30.2106	1
55.7546	-2.01283	1
30.5594	-97.8599	1
33.5827	-85.101	1
53.2768	5.98029	3
37.7703	-122.436	22
34.1844	-118.132	5
-6.97614	107.766	3
31.8111	-106.43	5
40.0691	45.0382	2
51.4951	8.90705	1
51.2992	6.46855	2
47.527	-52.8045	1
8.61987	-71.135	3
19.0171	73.0865	2
41.6915	-0.927332	9
2.15758	100.81	1
51.4405	-0.306996	3
2.71563	101.953	8
18.2009	42.5141	1
36.4751	-95.0172	2
51.5763	0.07409	3
7.05427	80.0052	1
24.6944	46.714	2
-2.99406	104.762	19
36.9759	-122.036	1
42.1971	-8.77156	1
43.4037	-3.84107	1
59.7506	30.5852	1
49.4893	0.193858	1
19.3095	-98.9264	8
4.88741	100.722	3
41.1863	-73.1499	1
-7.77644	113.209	1
-23.6828	-46.5955	233
43.2667	1.13645	1
-6.30886	106.964	86
52.0731	21.0175	1
43.4782	-80.5283	2
41.7011	-83.5753	1
-22.3787	-41.7985	1
-14.5043	-56.8506	1
-21.1427	-50.6213	4
3.35359	101.253	15
40.4345	-78.3947	1
-7.52643	110.23	1
51.347	12.3922	2
40.5196	-74.3661	7
0.830694	104.072	1
-22.7106	-47.7943	2
19.7217	-101.172	3
-23.5339	-47.0999	1
36.8659	30.7279	2
6.89258	79.9812	13
52.6004	19.1766	2
30.1738	31.5955	1
48.9979	2.20841	5
20.1056	-98.7758	8
18.5729	-72.3271	1
44.8638	-0.586176	3
42.5072	-83.1576	3
-29.1886	-51.201	2
-25.4539	-54.4571	3
28.4961	77.0937	3
28.4709	-81.4642	5
46.5287	6.6419	56
37.1817	-7.45008	1
-23.6019	-46.9178	10
52.4791	-0.897159	1
42.5736	-83.335	4
0.975987	124.799	1
38.987	-1.86318	2
40.0472	-75.1573	4
3.91985	102.501	1
1.35164	102.152	8
33.6258	-84.4605	1
18.3999	-70.1285	1
53.7619	-0.331982	3
67.4444	32.7364	1
45.5059	-122.424	1
48.7426	7.48166	1
46.4733	30.7463	1
3.89572	103.077	1
38.3493	-94.5891	1
34.2585	-6.58228	4
59.3004	18.2476	2
56.6702	54.3689	1
-19.4455	-42.6011	1
-22.6187	-47.0686	1
46.1451	3.12603	1
17.5487	-92.9522	1
-7.30713	110.124	1
50.6163	37.3015	1
0.0	0.0	42
-6.56158	107.758	3
28.8176	-97.8692	1
42.8431	-82.8908	3
43.6251	1.33179	5
23.6006	58.404	2
53.1072	8.74211	1
51.529	0.438391	1
37.7711	-3.90196	1
41.6595	-91.5389	1
37.3515	-78.9117	1
41.2056	-74.0503	1
36.0	-80.3957	1
-0.789275	113.921	1
46.0801	7.08684	1
49.4412	1.0912	6
41.8766	-79.9733	1
43.0464	-76.1429	2
-7.54717	110.816	9
-7.0396	-37.2803	3
21.0487	-87.0318	2
32.5781	-117.057	5
48.6617	9.00354	8
40.7019	-73.3789	3
33.9119	-6.9713	6
43.0391	-87.9214	4
43.3395	16.8142	1
56.8105	24.6057	1
3.2281	113.072	2
43.3113	3.48433	1
-6.83316	108.218	1
42.9501	-81.3672	2
50.3463	7.58951	1
49.512	-1.47553	1
40.3927	-79.8698	1
50.6039	5.58414	1
43.2186	-5.78534	1
28.6211	-81.4564	2
56.3522	43.8585	3
19.4033	-99.0476	33
52.9975	6.55836	4
40.548	-74.2094	1
33.9377	-83.9613	3
42.7466	-75.77	2
14.8212	120.901	1
50.4549	4.89721	1
14.9133	-91.3586	1
54.661	39.7144	1
33.5914	-112.125	1
53.1006	6.05947	4
34.0499	-117.97	9
53.8891	27.537	4
42.6347	-71.3362	1
55.6749	52.2867	2
19.7179	-103.46	2
38.3612	-0.470352	3
44.343	11.6816	1
44.0562	10.0217	1
-2.50005	-44.2412	2
42.3641	-8.40504	1
45.0941	-0.63642	1
53.2791	34.3808	2
17.3033	-100.324	1
29.3454	-98.5501	2
51.0349	4.45955	1
49.2738	6.9618	2
44.4352	26.0552	1
-0.922868	119.87	1
37.068	-88.6204	1
-9.53333	-35.6871	4
43.5895	1.51408	1
52.1817	5.39918	9
-4.01666	122.525	1
10.701	-71.6388	2
51.8039	55.1908	3
18.4586	-69.9799	6
55.7559	37.5483	108
20.7153	-100.441	16
-3.8627	122.048	3
30.3924	-91.1613	3
6.34711	-75.5674	3
40.8435	17.2899	1
49.0289	2.02523	4
34.0209	-118.211	86
38.9637	35.2433	79
32.8246	-117.109	4
56.2522	-4.32618	1
-20.8756	-54.2616	4
10.3423	-67.0534	1
-29.5935	-50.9027	2
-23.4458	-51.4481	3
38.0404	-84.578	2
37.7185	-121.697	1
57.7686	40.942	1
42.3144	-70.9703	2
53.1519	0.34232	1
-22.9325	-43.1806	5
0.132678	117.488	1
49.6116	19.3258	1
9.97527	-84.6506	1
34.983	135.737	7
-1.75216	112.635	2
-23.9555	-46.5075	7
-27.9931	-54.2949	1
-30.377	-55.1588	1
40.4778	-3.70352	16
34.5595	-118.062	1
28.1187	-15.5226	1
43.276	-8.2247	1
-23.5334	-46.7845	22
-18.7868	-54.929	1
19.0232	72.8296	11
41.4155	-73.409	1
41.0341	28.8598	4
20.6516	-101.17	2
47.5336	6.82311	2
41.0551	-73.7647	4
56.0589	54.2785	5
31.1689	-100.077	1
54.7235	-5.82379	1
-22.0668	-42.9237	1
37.1573	-121.932	2
43.3551	11.0296	2
26.1063	-97.5046	1
34.8424	135.636	1
-23.194	-49.3852	1
32.0756	-82.8875	1
34.7229	-77.3938	3
5.65115	-0.0152357	1
40.088	-75.3867	1
-32.3089	115.765	2
4.43242	101.218	1
41.3941	2.1393	7
30.8499	131.995	1
35.5231	139.438	6
51.5051	4.2956	7
44.5627	6.48509	1
52.6664	5.62067	1
-22.7855	-43.3698	1
45.7285	5.01735	1
35.0258	-89.9866	1
44.3963	4.39708	1
33.6017	-7.60975	13
-25.3706	-51.5523	1
52.1958	4.40796	3
26.3356	127.747	1
48.6475	44.3981	2
-7.89798	110.363	30
51.3227	6.08967	3
44.5051	11.3433	1
51.8426	5.83296	8
33.6245	-80.9266	2
54.8716	-1.45727	5
35.807	139.598	2
-5.57728	-36.9084	1
19.1707	-96.1357	4
60.7218	28.7527	2
40.6102	-73.9613	38
-10.1874	-48.3175	4
2.06667	45.3667	18
18.9338	-99.2608	8
35.8048	137.246	1
48.5895	2.24626	2
22.7894	-98.5974	4
56.1459	8.81087	1
34.0203	-6.83744	6
19.6416	-99.3912	1
43.3734	-8.42428	4
41.1539	27.8194	1
32.9669	-96.6461	1
-3.9815	-80.9776	1
33.9792	-117.363	2
-23.3921	-46.4538	15
51.63	6.23951	1
25.6748	-80.3842	13
-27.1854	-49.6228	1
18.0272	-92.9042	18
-33.5562	-70.7885	1
40.3472	-75.9194	2
-8.8108	120.606	1
40.3653	-82.6694	1
-22.7782	-45.0475	1
-23.5329	-47.2531	1
-7.11117	-38.7853	1
-25.2655	-54.0981	2
2.75431	101.763	2
-7.40369	109.25	4
32.2238	-8.83357	1
46.4346	6.9098	2
52.1263	5.05149	4
27.7137	-109.842	1
46.4606	-90.1786	1
52.2233	6.86858	7
46.6556	-52.6409	1
53.8096	87.2221	1
5.17903	100.484	3
5.85989	102.015	1
43.3507	-2.65181	1
-6.90288	110.2	1
56.0808	-3.37971	1
41.1663	-87.8817	1
51.1845	20.4054	1
-8.13198	111.617	1
37.5195	-5.59482	1
41.5562	-93.7708	2
37.2068	-7.22977	1
-37.7456	144.854	3
52.3834	13.1196	4150
34.2577	-80.9786	1
46.5391	-54.6849	1
50.8322	-0.325209	1
35.6188	-105.211	1
52.1399	18.6134	1
44.3212	-61.8117	1
41.597	-87.2283	1
6.19887	100.408	3
37.6078	-122.4	3
55.3806	37.8127	2
37.5885	-122.017	3
47.0266	-122.785	1
13.7614	121.063	1
37.1621	-77.3501	1
-5.41285	105.239	5
52.7529	6.95947	2
43.7128	7.25498	4
43.479	1.3868	1
19.3231	-98.5222	1
51.5875	-0.278107	1
-22.3971	-47.613	2
-6.27766	106.695	47
33.7281	-82.7642	1
51.7265	5.53959	9
64.8562	-146.276	2
33.2258	-8.48926	1
34.1256	-117.382	10
49.0469	44.0961	1
62.5774	29.7802	1
-1.74911	102.839	1
37.1804	-3.59799	1
45.2403	4.67092	1
-27.2447	-48.6992	2
50.9408	6.9752	1
3.23187	101.386	7
51.9641	6.2647	2
3.54581	101.66	1
51.7131	5.31818	12
60.9967	69.0689	4
19.2524	-99.1036	9
52.3413	5.64118	3
49.1994	-122.913	214
52.2218	0.143758	1
30.0058	-95.647	30
53.9798	-1.1351	2
-22.916	-43.4474	49
37.5717	-4.63799	1
5.38607	100.559	2
42.5654	20.9269	3
-28.7303	-51.6044	1
39.3907	-86.5629	1
-21.5541	-43.5037	1
-25.7482	28.2399	2
27.9944	-82.4681	1
-34.6062	-70.9832	1
9.31683	-79.8994	1
61.5218	-75.0065	1
46.358	48.0633	2
-32.0071	115.757	2
37.679	-122.135	4
1.44011	103.794	27
40.9992	29.0423	11
52.5909	-2.12746	7
29.2128	-99.7788	11
-23.6566	-49.7803	4
34.0609	-4.97544	6
29.8239	-95.4621	12
29.4313	77.7082	1
50.631	3.0472	7
6.16359	-75.6322	3
-27.1211	-48.9048	1
-24.6362	25.8986	2
-27.6534	152.853	1
36.8642	-119.752	14
39.8226	-86.1637	1
51.4736	5.6531	8
29.6619	-95.6909	2
23.6914	-166.6	2
-38.7388	-72.6068	1
31.0998	29.7707	1
45.7869	3.11269	1
34.1434	-117.647	1
53.7149	-2.09072	1
-22.8514	-45.2315	2
30.0513	-95.1739	1
39.7299	-75.5295	1
51.8687	-2.19788	2
14.684	121.094	2
5.51292	103.047	3
-20.4274	-40.3758	8
48.8128	1.94829	3
43.4266	6.76665	1
59.8619	18.9216	1
56.3214	44.0092	1
52.0769	4.3064	91
48.9695	2.40341	20
56.4887	-2.95793	2
21.8495	-102.327	1
32.6052	-115.476	1
-33.9245	18.419	2
51.3315	4.08017	3
53.6811	91.3755	1
22.3973	-101.935	15
34.8562	32.3627	1
40.0813	-80.7384	2
-23.513	-51.0998	22
53.2032	50.1875	1
-46.3989	168.365	1
30.2092	71.4982	1
26.0309	-80.3424	13
34.4679	-117.252	10
10.2078	-68.007	2
19.626	-99.0903	15
31.7897	-115.229	1
58.6415	15.0949	1
43.2462	5.59258	1
43.1168	-79.3299	9
54.0304	19.0907	1
-5.41688	119.441	1
38.6448	-90.2703	2
54.6851	-1.79769	1
51.6115	7.54972	3
-20.4597	-46.0594	2
-6.6439	106.767	9
52.3461	5.4624	2
52.7935	-2.90181	2
43.2078	2.34842	1
48.9536	2.87727	1
-7.12668	107.425	1
5.65189	102.631	1
52.9286	-7.55743	1
61.2104	-149.863	2
30.2816	31.2951	1
-1.09602	37.0194	2
55.7772	37.7063	5
-10.3355	-58.5891	1
45.829	1.26142	9
41.6039	12.8407	55
-19.5891	-44.8814	1
3.94764	98.3784	3
51.5008	16.0882	1
-29.2155	-51.9275	4
48.7202	6.02848	1
-21.2134	-47.818	5
52.7099	4.69576	2
30.2021	-93.233	3
-0.194002	-78.4834	3
55.1559	61.3679	7
41.4881	-81.8009	1
-22.7241	-47.2901	17
37.4156	-5.97852	4
42.8657	-94.9738	1
-3.78387	-64.9497	1
33.8843	-5.53533	3
51.2503	9.40482	1
23.6254	-102.558	2
22.2954	114.171	3
-25.9884	28.1033	1
51.7487	18.0776	1
45.5162	-93.8206	1
43.2965	5.36978	2
19.4685	-98.7874	4
53.2218	6.56477	7
30.2532	-81.5838	10
37.9966	-0.660533	2
-5.569	-50.0651	1
54.5157	-5.89272	4
-6.32068	107.689	1
45.4725	9.21716	12
-23.096	-46.7311	1
53.5612	-2.64801	1
34.2061	-118.582	6
43.091	46.8513	1
1.10882	110.571	1
50.4551	37.0692	1
47.7007	-117.435	2
35.6825	-105.982	1
47.3292	5.01707	1
-27.5892	153.097	3
-7.14941	-34.882	26
-26.8728	-49.1096	4
42.8698	-8.57242	2
58.5534	31.2773	2
43.3189	-76.4181	2
-20.3075	-40.4704	1
52.2113	6.01561	6
59.4783	40.1079	1
-38.291	143.846	1
35.2302	-89.3557	2
42.3173	-122.892	1
55.6728	12.5521	1
39.1769	-77.2864	1
-29.553	-52.2026	1
37.2537	-121.793	6
36.5579	-4.62586	1
-20.1139	-44.9368	1
-6.91683	106.965	3
33.1373	-96.785	3
43.7836	-79.1867	2
-20.1646	-43.9547	2
43.1009	131.926	3
51.4708	-2.617	1
52.3832	13.2731	1
38.907	27.8101	1
-20.7497	-45.2854	2
6.41548	100.421	1
-7.7925	110.909	1
4.1775	73.5169	2
50.0463	20.0057	2
47.517	-0.435636	2
-20.2804	-40.2928	18
46.807	4.42572	1
48.7479	9.16635	1
33.4153	-111.685	1
32.215	-98.2162	1
62.9867	27.6887	2
50.9046	5.75833	8
-34.8712	-56.2019	1
42.4594	-96.4128	4
55.5497	47.4418	1
11.9771	121.912	1
13.69	-89.19	40
18.1355	-94.4325	3
8.29409	-62.7337	3
41.2659	-75.8114	1
33.617	-111.932	1
19.1579	-98.4065	2
38.276	-85.7321	1
-34.0978	18.4844	1
37.8843	27.583	1
45.5716	10.1773	2
54.5362	36.2486	3
-3.20404	104.656	1
-7.29068	108.004	1
10.0555	-84.4307	2
10.2398	-67.5337	2
33.9166	-117.227	7
43.6798	-79.4357	2
47.2883	16.1935	1
54.6124	-1.30039	1
51.3896	30.0995	1
48.8719	2.3006	39
6.49466	116.786	2
26.8561	75.6088	1
19.1877	72.9514	1
55.4359	65.2991	1
55.8867	-3.60894	1
41.8354	20.8858	1
8.24602	124.247	16
52.8556	5.72385	1
-8.06241	111.918	1
56.7979	59.9134	1
54.3609	18.6908	3
22.0801	-98.2891	1
53.2558	-2.40211	1
-20.5973	-40.5401	1
10.7617	106.691	1
-8.66924	115.224	37
53.3933	-2.91859	11
-1.2834	37.0239	1
44.9928	-93.0003	2
40.3199	-3.89323	2
41.8621	1.17075	1
51.4292	3.82962	6
42.8863	-87.8838	1
18.504	73.8731	1
46.5645	26.9165	2
52.4949	-1.88125	5
-19.8261	34.8434	1
-29.7528	-53.8242	2
52.0508	113.401	3
30.0608	140.596	1
-22.4378	-46.9978	1
-33.3963	-70.7944	5
45.4711	-122.845	2
42.0369	-71.6835	1
41.0205	-73.9363	9
36.863	31.0535	2
33.4451	-84.1792	1
52.3021	-0.59975	1
50.6125	-3.65302	5
35.502	-78.3249	1
47.273	-120.882	1
-0.587732	111.388	6
55.3916	36.7322	1
-21.3838	-51.6013	3
42.9226	-75.9806	1
36.4925	-6.27167	4
35.3348	137.121	2
-6.83296	109.523	1
-6.32444	-35.5184	1
-28.2483	-49.1723	1
-8.0436	-34.9394	24
32.4723	-92.104	1
22.0414	-102.356	1
32.0569	34.792	1
-4.05487	39.6729	1
35.6002	-84.4607	1
-36.7374	-71.0353	79
43.5326	3.66903	1
-20.5187	-48.6196	1
-5.40065	-47.5474	2
32.0415	35.914	5
42.8547	-85.7398	1
21.1308	-86.8864	2
17.9373	-76.7777	1
51.4661	3.69275	2
-15.4552	-55.8425	2
2.94886	101.77	50
33.1275	-91.9646	1
2.42704	102.187	5
26.8546	75.7985	1
56.9665	23.7219	6
50.3881	-4.11457	2
-26.2617	-48.9665	23
41.8528	-87.9943	2
25.8364	-98.3625	5
45.3987	11.8908	1
25.2442	-103.233	1
55.0157	23.7409	1
52.356	-6.44243	1
52.2317	5.16053	11
-11.772	-55.4066	1
45.2712	-122.69	1
48.4084	-4.49955	2
2.98355	101.54	38
36.2581	-86.7041	4
42.9735	-77.1797	1
33.0775	-117.248	2
30.2036	-85.6033	1
47.434	-120.329	1
43.918	-77.2634	1
43.0947	6.29607	1
-23.3518	-51.1743	4
50.1983	3.84443	1
-23.8963	-48.8749	8
14.4712	-90.6332	5
57.7482	12.971	1
1.00185	116.394	3
59.2268	39.8381	2
-7.2771	112.717	49
-11.0019	-37.1007	4
7.97585	-75.4207	1
46.4729	6.3613	1
-4.81623	119.549	1
35.1288	-118.459	1
-2.96616	-40.8077	1
52.0504	1.20372	1
37.8556	-3.614	1
13.8756	-88.6292	1
47.2611	39.628	18
33.7678	-84.4181	4
-6.81232	110.85	3
51.7501	-2.29412	2
29.6852	-98.6986	1
-20.2601	-43.7964	1
47.7162	-1.98116	1
-30.0245	-51.199	25
55.9507	12.4472	1
52.3553	4.87843	14
-25.0607	-53.398	1
51.5106	5.39844	20
-3.26762	-79.9406	2
5.6574	100.524	1
-8.48202	115.298	2
34.6245	138.198	1
37.0407	-120.902	1
37.713	-81.2493	1
50.1191	4.70417	1
43.193	-112.333	1
31.3446	-92.5096	2
52.1269	-106.756	1
38.8912	16.6113	1
39.0234	-84.4678	3
2.04136	102.574	1
3.14845	101.705	221
-1.5942	103.619	1
41.4244	12.7851	2
-22.803	-47.4357	8
35.1705	-79.861	2
29.4896	-98.7112	1
53.4178	-2.30519	3
-15.7763	-47.7966	29
-25.3102	-52.3928	1
39.3675	2.75799	1
50.2057	12.9611	1
4.67253	101.108	13
39.6191	-77.7809	1
52.2318	10.9964	3
17.9513	-92.5541	4
19.6014	-90.3361	3
41.8312	-79.1527	2
39.5715	2.64758	1
51.5265	45.9785	4
-21.242	-51.5713	1
61.4713	24.2539	1
53.5203	49.4315	4
50.9045	4.3606	10
-16.1025	-47.9272	1
-24.0958	-46.8159	1
42.6396	-8.5571	2
56.1425	47.173	2
52.1714	6.32514	3
-6.16896	106.827	227
27.6986	-83.8046	2
0.247298	-51.0637	27
51.9714	4.93992	4
-20.0545	-43.4527	1
35.7357	139.458	2
41.3593	-81.9144	2
41.8984	12.5451	2
45.0122	-93.2938	6
55.9041	37.5383	4
51.728	8.76856	2
38.6204	-9.19497	9
-12.0857	-76.9967	8
55.6641	-1.87466	1
-37.9981	145.155	3
37.6837	-121.884	2
-27.7664	30.0344	1
-12.2001	-39.0645	1
13.953	-89.5308	1
51.9969	5.30787	4
-3.65024	128.225	1
59.425	24.7382	2
33.2869	-87.452	1
-23.1075	-47.2374	2
47.3976	8.49499	2
42.0851	-83.6809	1
52.2328	21.0607	26
51.6029	4.6534	3
47.0148	142.67	4
1.69096	103.924	2
49.4807	8.44123	2
42.7714	-8.93907	2
6.11885	99.9883	1
-21.604	-45.5858	1
33.9707	-118.462	17
50.7168	-3.53613	1
36.063	-119.026	1
32.9303	-96.3585	1
37.6369	-118.97	1
33.7914	-118.156	9
-18.8761	-48.246	1
35.6691	139.68	29
57.9232	59.9781	7
51.4586	-0.968823	7
52.6231	-1.68424	1
10.639	-61.3995	2
42.6147	-82.9607	3
41.998	-71.5032	1
-29.8631	-51.1772	2
19.7496	-88.0135	1
51.585	5.06361	8
6.15874	102.301	5
45.6908	9.54103	1
35.9428	-93.9887	1
51.9681	5.10996	5
43.7376	7.42163	1
43.6293	-79.2725	13
45.1785	5.77589	2
44.1647	-93.9998	1
34.1464	-118.393	8
68.954	33.1359	2
-19.7132	-40.4356	1
53.2853	-6.37184	11
61.2734	73.4332	3
61.0484	24.3163	1
39.7286	-80.7509	1
-20.5252	-45.5419	1
42.6818	9.30511	1
46.7613	-98.7551	7
56.0229	92.8965	1
52.1483	-106.604	1
38.5757	-121.281	1
4.72192	-74.0352	10
26.8967	-105.987	1
51.6722	39.1988	2
-20.7065	-48.958	1
49.3294	8.43412	5
20.6735	-101.34	1
46.2342	18.3089	1
39.8582	-74.2223	1
1.27929	124.881	1
48.9174	11.408	2
-29.3583	30.9874	1
3.44942	-76.5142	2
38.6054	-76.926	3
39.9522	-4.85221	1
45.4251	-75.6816	1
58.9194	23.6352	1
20.5836	-100.378	2
30.0616	31.178	14
-2.54526	118.03	1
59.9394	30.0922	6
34.6985	-118.128	10
45.0728	7.67575	2
5.18354	73.1068	1
-33.0639	-76.5434	1
51.4914	-2.76035	3
57.5613	18.2031	1
48.2662	11.6718	1
4.08149	9.75551	1
-24.1265	-52.366	1
-32.7911	-71.5281	2
41.6136	21.7433	4
52.4056	6.04099	7
38.911	-94.4017	1
-20.785	-49.3592	3
62.0846	129.292	1
-3.46491	114.799	2
55.8573	-4.30607	5
31.4014	73.1137	3
19.3021	-99.243	7
45.0401	41.971	2
9.92933	-84.0745	14
41.9597	-8.83568	1
53.1333	158.493	1
53.4346	23.4208	2
35.0721	-80.6585	1
1.42922	110.333	5
35.0715	-78.9175	2
59.0838	17.5272	2
43.5939	-84.7758	2
5.75402	102.438	1
50.7731	0.274658	1
36.7858	-120.575	1
51.7734	19.4806	16
-0.31157	100.366	1
41.6021	-87.6634	2
-2.57242	-59.9803	27
47.1895	-122.299	1
51.2476	4.7174	1
-21.491	-49.9037	3
56.9715	24.1287	10
43.1619	-86.2632	3
51.9245	4.27161	21
48.7267	2.66104	8
25.9421	-97.4153	4
31.7581	-106.282	5
31.1108	-89.3776	1
26.2395	50.6229	7
29.3256	-96.1228	1
39.6347	-79.9518	2
55.0193	-1.65244	3
-24.07	-46.6726	1
19.6867	-99.2249	14
39.8635	-77.0543	1
45.3231	9.36708	1
34.1806	-118.913	2
52.8499	18.7825	1
38.7105	-9.32922	3
34.6117	-98.45	1
52.2864	-9.67281	1
33.8976	35.5273	28
50.0469	2.66637	1
32.8809	-97.2667	1
22.1674	-98.5054	2
53.3742	8.10786	1
55.795	49.0696	13
55.6605	11.6044	1
0.631816	101.416	4
53.6474	11.3761	1
-23.9506	-46.2257	13
42.2371	-89.0476	1
33.769	-117.969	8
51.1261	-0.194156	1
50.831	8.12265	1
42.5247	3.08353	1
51.5337	-0.445658	2
51.967	4.57105	5
52.7277	6.51833	3
44.574	38.0395	1
50.6812	3.23267	2
-7.58889	-34.9452	1
-7.49378	112.423	1
39.1814	-93.8504	1
45.7827	9.29331	2
42.7312	-83.3122	1
33.9069	-5.18814	1
54.782	31.998	1
51.9132	-2.0545	1
28.9419	-106.163	2
41.6445	2.73283	1
-1.45003	-48.472	7
-21.9643	-51.3537	1
39.7068	141.16	1
-6.69493	-35.5978	11
51.4027	6.77358	2
51.6546	-4.08823	2
40.3626	-74.0272	1
51.4513	6.027	2
6.84868	100.465	1
50.8705	-1.57755	8
-19.3796	-40.0642	1
32.7842	-97.3705	5
41.271	-73.7851	1
1.57231	110.323	1
10.6026	7.48344	1
35.5087	139.627	2
-25.7733	-49.7135	1
14.5384	121.018	13
-33.8732	151.207	8
7.72226	8.58209	2
53.0324	5.68487	3
49.4252	7.74889	1
-3.0098	-55.195	2
52.9973	-1.18234	3
41.438	-79.7047	2
-23.447	-46.9181	1
10.6149	122.97	2
5.94983	116.661	3
47.4065	-122.189	1
44.2938	12.3444	1
6.41816	100.257	4
29.57	-98.3934	5
37.0941	-8.24506	2
38.4742	-9.11779	1
48.341	39.9838	1
41.8814	-87.844	1
55.6609	37.4246	1
41.2927	12.5735	4
51.2339	5.87831	8
-22.2387	-49.1125	5
-8.05587	111.737	1
51.7688	4.75251	5
38.8151	-77.0909	18
2.13455	102.767	1
18.0138	-102.18	1
19.7246	-98.7579	1
40.8082	-77.8167	1
19.6283	-69.9035	1
-21.9024	-42.5653	1
47.2991	18.8745	1
58.4924	8.77191	1
-23.3455	-47.8431	1
3.32466	99.1528	1
55.5855	26.5068	1
45.5887	-73.6372	12
51.852	4.43776	6
38.403	27.0958	6
47.3215	9.61316	2
51.416	0.568141	1
-1.32225	-48.3132	1
32.5711	-89.8764	2
51.84	-0.275106	1
57.1558	-2.20275	2
-22.3597	-48.0295	1
41.7189	-87.5487	3
30.1031	31.3134	3
27.0035	49.6404	1
30.0066	-95.3796	3
40.4176	49.8389	1
52.5802	21.4896	1
-2.62921	-44.3026	3
-7.71257	110.598	3
43.4802	13.2037	1
50.5502	137.01	1
36.4802	-107.842	1
52.3838	4.64301	12
53.6153	-6.19168	1
-27.2781	-50.6155	1
41.9375	-79.5773	1
-23.0558	-44.8942	1
33.6287	-117.16	1
44.7663	11.817	1
50.8088	7.04008	2
52.9147	-1.46997	3
46.7806	-71.2656	1
54.5017	-6.08996	2
10.4448	-64.1678	1
-6.92169	109.109	1
2.55164	101.796	2
-22.1868	-49.9589	3
51.6044	-1.23591	4
4.11166	103.385	1
25.8931	-80.1657	34
29.5976	-95.2245	2
40.667	-111.978	9
39.0607	-75.6	1
-11.715	-40.1504	1
43.4491	5.86041	1
51.8714	0.862885	1
-2.20567	-80.9645	1
51.2534	5.73645	2
51.9417	-7.99206	1
-29.3292	-49.8051	2
50.3781	2.97529	1
-19.604	-43.2996	2
54.8852	38.1006	1
13.9575	-90.279	1
32.5311	-94.3431	1
40.3821	-111.786	1
49.8155	6.1333	1
-21.5889	-48.8208	1
-7.66989	-36.8764	1
-22.8952	-47.0303	27
53.5252	-113.605	3
-7.27359	110.458	2
52.0632	4.82273	13
49.9882	36.2344	1
28.3597	-81.6357	1
-27.6534	-51.0923	8
51.6909	4.28768	5
55.6889	37.913	4
53.1826	5.81839	5
51.4919	7.00767	1
62.649	30.3449	12
41.5405	-8.41078	1
17.5508	-99.5064	1
-7.35988	107.812	1
36.1007	-79.839	1
40.5977	23.0028	1
25.8524	-80.3047	18
40.2659	-7.5764	3
22.9901	-105.856	1
47.613	-122.342	1
27.9489	-82.3266	2
43.8429	-79.5348	3
34.114	35.7867	2
35.6411	128.412	2
43.2519	-2.93316	3
61.6273	23.1618	1
35.5864	-80.8418	3
42.9904	-7.57063	1
-6.29939	107.294	9
31.6464	-8.01268	4
38.3421	-77.7537	2
53.3596	89.9062	1
53.8437	-1.85083	2
-5.79931	-35.2216	11
54.4611	17.0282	1
20.3945	-99.9856	1
6.01225	116.396	9
40.854	14.2435	2
2.04811	103.382	22
33.9959	35.6533	10
59.9341	30.3287	22
53.644	55.9553	2
51.1242	2.76455	1
33.6726	-116.176	1
30.8363	28.9621	2
51.2107	-1.48447	1
54.3473	-0.63798	1
50.2891	2.76818	1
35.1232	136.11	2
41.9445	-91.715	1
42.3154	43.3569	1
20.0301	-102.265	10
7.76568	-72.2094	1
50.9968	5.87186	2
47.9749	-122.198	1
55.297	-2.07469	1
13.7923	-89.3558	1
41.8401	-0.894539	6
53.7788	-1.32995	1
59.8987	10.6275	2
-22.8871	-45.4893	1
-23.1295	-46.5728	1
25.3417	51.5094	2
-3.78965	-38.5199	13
51.9809	5.55241	1
-23.2981	-47.2769	2
41.2221	-8.66218	7
52.4157	5.84023	1
39.1451	-75.3867	7
-2.87612	-40.496	2
39.2789	16.2706	1
31.9973	-106.603	1
50.1331	8.53148	1
-25.8783	-48.5721	1
52.9214	7.1188	1
44.7985	20.4725	2
41.4881	-73.0532	1
18.4088	-66.1591	1
40.878	-74.143	25
3.32812	101.579	5
-0.869174	100.434	5
-7.65408	111.35	2
33.9279	-117.878	1
37.3946	126.975	3
49.6027	34.5243	1
47.0739	5.50228	1
48.383	31.1814	63
-5.21541	-42.8028	2
55.0015	82.9557	3
-20.3427	-47.8032	1
54.1306	42.6879	1
51.9306	5.71498	2
16.2586	-92.301	46
27.8777	-82.6363	1
26.3612	43.9465	1
11.0096	-74.7948	8
52.3445	6.65941	10
32.8247	-79.9705	6
48.0463	-1.66055	1
55.3853	10.3763	2
-18.9847	-49.5254	1
-21.9722	-47.4137	1
-22.4889	-46.3572	1
50.2464	5.33734	1
-4.77289	137.78	1
-8.59342	116.139	1
40.5415	-112.313	2
32.8498	-96.8164	3
47.9043	1.91738	2
33.3919	-111.928	2
-6.35789	106.495	2
50.8538	-0.985675	2
48.5629	3.28423	1
55.438	37.5463	5
37.1239	-80.5417	1
19.1003	-103.657	2
36.7814	31.4444	1
40.7581	29.7874	2
50.4609	30.773	3
38.9793	1.3072	1
18.9956	-98.3414	3
-30.7969	27.9638	1
51.0183	2.34338	1
51.7286	5.95212	1
30.2978	-97.7533	3
-22.5907	-42.9639	1
18.022	-66.6112	2
58.1632	8.08222	1
51.076	-114.063	1
51.6646	-3.41505	1
37.7289	-81.8061	2
-0.466418	117.145	10
-26.2056	28.0506	2
30.4476	-87.1929	1
53.7172	27.9867	38
48.6881	6.17345	3
52.397	5.27252	1
53.3245	-1.36894	2
20.9533	-101.279	2
33.6163	-7.39152	1
55.5799	12.9349	1
35.1688	136.898	10
47.994	-4.1083	1
43.0441	141.367	1
-22.3352	-47.3295	3
42.0662	-83.2475	1
41.2337	16.3974	1
32.049	-81.0537	1
45.6247	-121.181	2
-32.9943	-71.5195	2
40.0263	-105.488	1
51.737	0.490645	1
34.5009	-118.256	1
37.6981	-97.4367	28
-3.81996	102.291	3
60.2084	14.6944	1
41.7656	-72.6803	4
34.4238	-119.717	7
5.66931	116.364	1
39.1265	-77.1077	5
29.9897	30.9734	2
-27.3615	153.062	1
8.11377	-80.9641	1
64.829	-147.669	3
-6.49746	106.804	13
48.5914	6.44323	1
36.0512	-80.2623	1
52.7207	6.20378	2
71.9733	102.49	1
40.628	-8.63966	3
33.7316	-117.825	8
3.47972	103.39	4
38.7609	-93.7473	1
-7.96043	111.037	1
-23.2173	-44.7282	1
47.2244	2.06407	1
38.7407	-77.5529	1
31.0561	31.4061	1
3.62491	98.6922	18
-21.2385	-44.2815	4
39.9865	-0.0576741	3
17.4463	78.371	1
14.5846	-91.4553	1
-0.0594523	109.324	3
40.2355	-76.8328	1
-5.18745	-37.3473	1
31.7683	35.2137	1
35.7489	-5.83511	3
53.5611	-2.20032	8
49.4061	8.68319	2
43.3628	-7.07752	1
-25.3404	-57.5492	4
10.3414	123.914	1
1.54019	124.807	5
-0.363503	103.102	2
16.7419	-93.1397	3
52.673	9.62026	1
48.8017	2.1725	1
19.2484	-99.6637	67
48.1129	-96.1658	1
47.0232	-103.857	2
53.7074	-2.68719	1
43.94	10.2154	1
34.3957	132.454	1
41.7581	2.06928	5
2.98096	105.695	1
43.4743	-110.776	1
38.1928	-83.4256	1
-21.9795	-42.249	2
-8.431	114.219	1
42.3162	-82.9105	1
52.7597	7.20285	2
39.4207	26.8072	108
-29.0686	-51.0353	5
42.9674	-106.963	1
5.32964	103.141	12
49.3521	0.934251	1
57.1839	24.9367	4
40.7695	-73.9676	43
54.2853	-1.5865	2
19.4417	-99.1942	101
44.2151	20.9238	7
34.0632	-117.206	2
59.8633	17.6556	1
39.1428	-80.0318	1
38.8792	-82.3801	1
53.8089	10.1615	1
26.8449	-80.0806	3
-20.0322	-44.4428	2
8.97752	-79.5327	31
-34.5089	-58.7412	1
51.4557	-2.13524	1
50.7277	-1.90424	5
26.2168	50.4798	3
40.9925	-96.3544	1
39.9637	-86.1065	1
29.9275	-90.0983	2
57.1506	65.5568	1
39.6654	-75.7758	2
37.4834	-122.229	1
18.3444	-99.5484	1
53.0961	6.90171	1
38.7376	-77.2718	1
-7.68931	110.379	8
37.8708	-122.301	2
30.1616	-97.8	1
52.2544	4.543	6
-3.07922	-60.0142	9
52.6316	5.07012	4
42.6475	-5.53942	1
43.2779	-1.98771	1
64.5316	40.5779	1
40.6962	-74.2672	3
39.9927	-76.6701	1
-5.36346	104.785	2
40.1404	-74.8118	2
7.09911	125.588	1
43.6679	-1.40895	1
41.9683	-87.7193	6
50.3257	3.39574	1
51.9187	0.580929	1
-23.8308	-46.8122	1
51.4345	0.246854	3
10.4836	-66.5341	1
50.8766	5.99391	4
-7.94794	112.565	22
-33.8059	18.5021	1
-3.1107	-41.4845	3
58.0225	56.1443	17
51.8778	5.41307	2
57.6453	39.9451	2
59.873	29.9053	1
53.0847	-2.87307	1
32.7018	-97.1355	1
41.7521	-71.2301	1
36.7464	-4.42539	1
53.4514	-113.46	3
56.8555	35.8757	1
33.8246	-118.344	5
35.7141	-6.91635	5
-29.8636	-50.5628	1
-22.1994	-55.544	2
-37.0958	-73.1514	1
28.5794	-81.2078	3
35.9926	139.599	1
44.0415	1.4369	1
44.9917	0.179534	1
39.6531	-104.81	3
52.6401	1.27308	1
19.083	-98.1737	25
42.3446	-3.68944	1
40.9628	-8.50091	3
46.3069	4.8784	1
-22.985	-47.5033	1
18.839	-97.0819	2
52.6363	-1.13111	3
-19.7776	-44.0706	1
-3.83421	104.892	2
42.0879	-72.5603	1
-23.0614	-45.9175	4
41.145	-81.3585	6
53.9965	-6.39739	1
39.7393	-89.2665	1
-9.75808	-36.6473	2
54.0788	-2.72119	1
0.3304	103.609	1
14.6224	-61.0479	1
25.3134	55.4954	2
17.0915	-96.725	5
46.0641	11.1078	1
20.91	-100.776	2
26.0987	-80.2094	3
48.6255	2.54873	4
29.5215	-81.2365	3
59.4743	32.0514	2
-3.34525	114.616	2
-14.2393	-53.1848	31
13.7333	-89.7109	1
51.7519	4.06934	5
54.7305	56.0378	2
-25.1027	-50.1866	2
40.5345	-75.4052	2
48.8873	2.59146	11
38.4393	-78.8712	5
-22.5461	-48.6355	5
42.7165	10.9881	1
13.082	-59.4878	1
-7.67113	108.778	1
47.7448	11.5144	1
43.1534	-8.48066	1
41.6526	-4.73139	18
37.6258	-109.474	1
34.3161	-118.427	3
44.7539	37.7704	1
41.3748	-72.1603	2
43.6998	-85.5007	1
46.1563	8.77139	1
36.6796	31.6236	1
35.7431	51.3242	2
1.86117	104.63	2
-23.47	-47.4366	6
41.1179	-77.6047	1
21.4223	-157.789	1
40.6652	-73.7355	3
-7.23072	-35.8817	5
-42.9007	147.328	1
47.1583	-122.522	2
53.8245	-3.02998	1
41.16	-81.5186	1
41.566	-87.8082	1
51.3258	-0.109598	1
5.54064	-73.3597	17
41.6039	2.55368	2
41.3427	-89.2185	1
3.75431	101.949	2
52.39	6.46588	9
40.8558	-73.4043	1
-30.3331	-54.374	2
15.5972	32.5748	3
50.8541	-1.21221	1
40.4695	17.3661	3
0.0426837	-51.0605	30
-43.2335	-65.3078	1
44.3692	9.31641	4
52.2346	-0.881253	3
31.3643	-110.933	2
38.8089	-3.39641	1
59.3336	17.98	11
53.6815	-1.53197	3
5.89648	116.046	1
