Latitude 	 Longitude 	 Weight
-34.015	23.4032	1
39.2469	-76.6239	1
-19.9187	-43.9598	3
33.4337	-117.62	2
-1.71186	113.698	3
19.3184	-98.2454	1
38.5615	-121.461	1
39.1865	-96.5685	1
41.0083	28.7897	1
58.5905	49.6388	1
46.3601	48.0341	1
51.2053	4.42619	1
33.8974	-118.323	1
-7.80284	110.375	10
13.7972	100.685	2
48.9949	2.24864	82
48.9425	3.33123	1
38.119	-84.5255	1
-4.25256	-38.2999	1
43.6104	3.87427	1
5.57276	-0.15253	1
51.4542	-0.0179565	6
34.0088	-117.443	1
-6.84219	106.761	1
19.0322	-98.1543	1
-6.59948	110.796	1
-28.3065	-53.9244	1
19.6302	-99.1307	1
-37.6676	-72.0187	1
41.1213	-81.5033	1
41.7598	-72.6399	3
51.9936	-0.729199	2
41.2381	-80.8078	1
43.7986	11.2147	1
41.9327	8.70883	1
37.7703	-122.436	1
53.2768	5.98029	2
31.6464	-8.01268	1
52.1617	6.39468	4
29.3329	-98.4391	1
48.9501	2.92619	4
40.5578	34.966	1
-23.1635	-49.9689	1
48.8898	6.38754	1
2.71563	101.953	3
10.2148	-67.9687	2
-6.76338	111.135	1
-1.27781	36.7958	1
2.79459	101.513	2
5.0183	100.427	1
34.3985	-119.75	1
48.6476	44.3981	1
-7.14941	-34.882	2
-8.70972	115.234	2
33.9367	-84.0042	5
32.7139	-117.226	1
54.271	-8.47802	1
41.7189	-87.5487	1
-32.5295	115.714	1
32.1774	-110.884	1
51.7909	5.44432	2
53.156	6.37757	3
53.0498	5.57368	2
48.5238	2.69875	13
-39.2955	-72.0154	1
48.007	0.307424	1
-26.1723	-51.9438	1
39.0149	-76.6672	1
-7.66848	109.648	1
5.54055	-73.3597	2
52.2004	-0.958179	1
-12.0916	-77.0036	3
-23.6828	-46.5955	11
39.2434	-84.5871	1
28.4976	-81.3308	4
-26.3749	25.4619	1
31.2005	30.0502	1
-0.463414	117.159	1
2.88622	101.366	1
48.1159	-1.68833	4
6.12841	100.39	1
45.4273	4.38605	1
52.8085	6.92526	2
-23.6496	-46.8549	1
39.0959	-77.1465	1
48.8205	3.08829	3
47.5808	12.1609	1
54.6303	-5.94374	1
13.6097	100.662	1
43.2685	-2.93067	1
14.5574	121.02	12
51.56	0.236186	1
22.6262	88.4173	1
1.27629	103.825	1
-7.7925	110.909	1
38.6275	-77.3202	1
43.8332	4.34264	2
52.5467	13.4057	12
37.6323	-0.720397	2
34.2952	-83.8595	1
-33.4607	-70.6451	1
52.3984	6.29819	1
43.6008	1.4329	5
30.6918	-88.1786	1
50.861	5.81868	4
52.4472	5.21763	1
-7.9725	112.629	14
46.8654	-0.47337	1
43.7051	-70.308	1
41.3827	-73.4701	1
14.4712	120.89	1
38.7965	-76.9693	4
45.7567	9.85388	1
44.8638	-0.586176	3
32.706	-97.2928	3
30.4648	-87.2895	1
49.2301	2.12824	3
38.7145	-9.2264	1
40.7522	-73.0131	1
52.9908	6.25623	1
33.9179	-116.962	1
37.4786	-82.5217	1
-38.029	144.413	2
44.4121	12.1921	1
37.9725	-121.804	1
51.4075	5.37308	6
-5.99643	106.009	3
48.5156	3.7144	2
-0.0314401	109.294	2
5.67384	-0.0305671	2
49.1846	-0.372109	4
-6.98266	110.409	2
39.5627	-119.82	1
35.3874	-96.9108	1
4.04912	9.74991	2
54.1242	-114.398	1
53.2147	6.56066	2
53.6882	-2.44559	1
51.427	7.66398	1
51.6909	4.28768	2
34.9898	-85.2094	1
53.1826	5.81839	2
41.0254	-85.1163	1
5.38853	100.409	2
54.5362	36.2486	2
33.1309	-91.9613	1
47.2778	1.56273	1
-41.3255	174.827	1
36.1007	-79.839	1
39.6107	-75.8221	1
35.9741	-115.164	1
47.613	-122.342	2
-8.14856	-35.0037	9
29.7047	-95.1159	1
32.5284	-92.1202	1
8.28225	-62.7503	2
-5.79931	-35.2216	2
32.5285	-92.7192	1
51.33	5.97504	7
-30.0997	-51.1593	2
45.3516	-73.7291	1
51.9103	4.50683	2
6.02229	116.121	1
50.6163	37.3015	1
19.3991	-99.0965	14
59.3942	18.6174	1
0.0	0.0	8
4.58652	-74.0982	2
43.5356	5.43184	2
28.4012	-81.5341	1
46.6485	0.244562	1
40.8676	-74.1075	3
31.6947	-106.142	1
32.387	-83.3439	1
46.1621	-1.17657	1
36.1691	-115.074	2
36.2329	-115.238	1
47.4815	-0.563019	1
-0.362939	35.9293	1
31.5729	-84.1659	1
53.6483	55.736	1
3.37325	101.416	1
32.9039	-97.2681	1
34.0616	-117.89	1
40.4284	-86.9244	1
2.04811	103.382	3
49.053	-0.704878	1
41.9047	-8.85866	1
59.9341	30.3287	2
37.5012	-77.3899	2
35.7068	139.743	6
35.595	-81.2547	1
52.5055	4.86152	4
-0.789275	113.921	3
-6.43778	105.939	1
53.8438	-1.85079	2
49.2773	0.997367	1
53.3933	-2.91859	4
39.745	-84.2188	2
34.9671	135.773	2
6.39403	100.207	2
54.1937	37.6289	1
4.5166	103.379	1
40.8456	17.2978	1
-7.54717	110.816	2
3.86983	11.4473	1
33.7347	-116.23	1
42.9311	-78.8349	2
53.3475	6.64443	6
39.4207	26.8072	100
36.6835	27.9778	2
50.6246	5.59934	1
-23.4892	-51.7215	1
-27.0045	-48.6215	1
30.4454	-84.2453	1
44.4834	11.3747	2
50.3826	7.61591	1
-15.7533	35.0081	1
51.9995	4.61761	9
-2.9534	104.802	1
48.6696	2.69748	5
40.5247	-3.81615	12
48.8588	2.34693	205
3.83706	103.338	2
53.3215	50.0679	2
49.0087	2.39704	19
32.7726	-91.9074	1
40.5382	-74.378	1
51.7502	-2.90373	1
33.451	-88.7915	1
31.8402	34.9879	1
59.3578	18.003	3
3.58111	98.6676	8
47.3802	0.69273	2
50.2786	3.93707	1
45.552	-73.7359	2
51.6878	-1.26302	1
-6.28588	107.363	1
50.5278	4.93058	2
32.3438	-86.246	2
43.6535	-79.3839	2
51.4549	3.62991	2
31.8192	34.7282	1
35.9095	-86.8961	1
49.0368	2.05758	28
-25.7531	28.076	1
48.3625	1.33228	2
49.4015	2.85486	1
45.6016	9.11364	1
49.8988	2.28468	2
34.508	-117.404	1
43.3591	-73.7014	1
38.1209	13.3443	1
-7.82596	112.529	1
-36.9166	174.755	1
34.6594	-92.4287	1
42.7466	-75.77	1
38.7627	-77.7127	1
39.3007	16.2516	1
1.57954	110.364	1
48.3884	2.96241	5
35.2035	-80.8361	1
43.451	6.79082	1
34.063	-118.441	2
47.8573	1.91342	5
53.6424	-1.7902	1
58.5534	31.2773	1
53.2075	6.12759	1
-0.930107	100.362	1
3.32812	101.579	3
-26.0056	28.0238	4
32.5711	-89.8764	1
45.7578	4.8351	7
34.5627	135.797	1
29.9412	-90.6941	1
-36.7374	-71.0353	6
6.68574	-1.58104	1
-6.29538	106.654	14
0.631816	101.416	1
45.1769	5.54463	1
1.61249	103.648	3
38.7995	-90.3408	2
-23.5404	-46.5972	1
56.9184	14.8549	1
48.383	31.1814	8
51.7835	-0.808262	1
41.0809	29.035	3
55.0015	82.9557	1
45.6762	15.6575	1
-25.6522	28.2599	2
46.6809	-1.43947	1
2.94886	101.77	6
42.5111	-70.9058	2
-22.9199	-43.2334	1
51.9619	5.36936	1
38.4077	-82.4418	1
37.845	-0.785261	1
27.4514	-82.6097	1
52.9704	36.0825	1
-1.16096	116.877	3
50.3881	-4.11457	1
32.3711	-90.1877	1
16.2586	-92.301	2
34.2465	-118.446	2
36.4888	-79.7831	1
55.7559	37.5483	14
41.9544	12.773	1
35.5755	139.354	1
46.5363	6.57885	1
52.1983	18.6361	1
30.2036	-85.6033	1
34.0209	-118.211	8
45.7359	-122.642	1
52.3445	6.65941	3
47.0776	-122.412	1
51.5677	5.47127	2
46.0353	13.2215	1
-20.8756	-54.2616	1
51.6354	3.95684	1
52.9358	7.01483	1
48.3612	2.81029	3
55.3498	-131.672	2
48.4368	1.50269	2
53.0179	6.55368	1
34.856	136.53	1
-5.14387	119.424	7
49.8311	3.32357	1
-7.13384	110.409	3
41.2266	-85.1495	2
44.0524	-92.471	1
41.208	-80.5142	1
-23.5108	-46.8823	1
42.3527	-83.0992	5
48.7254	1.32489	2
53.3779	-1.47392	1
36.5841	-86.528	1
1.48299	103.392	1
-29.7624	-51.0298	1
33.3955	-111.738	1
-23.7907	-45.5678	1
51.9833	5.91225	8
37.6917	-76.3701	1
51.8451	-1.96941	1
44.143	8.27331	1
52.0758	4.74624	1
46.9853	3.15922	11
-7.2771	112.717	23
51.585	5.06361	12
52.0362	5.1571	3
35.9023	139.705	1
33.4529	-112.202	1
55.4302	37.562	1
-26.1672	28.1599	2
27.4148	-80.3389	1
39.6724	-83.5004	1
41.8191	12.7063	2
-6.31828	107.147	3
33.5756	-117.197	1
51.6793	39.236	1
49.0805	2.66965	5
35.0826	-106.678	7
47.9226	-97.0345	1
49.3081	2.61529	4
48.4227	2.15247	4
14.7314	-60.9629	1
35.0774	135.93	1
47.2382	-1.56074	4
-27.4577	153.036	1
32.7537	-97.4585	1
41.4049	-81.5558	1
35.3737	-77.9714	1
51.6343	5.95179	3
34.55	-117.172	2
39.4813	-80.1635	1
29.9002	-90.0092	2
44.9797	-93.2343	2
52.1105	6.11219	4
49.2863	2.46366	3
37.3992	-122.025	3
51.5975	-0.263999	14
49.7781	4.73029	1
52.1867	6.89823	2
42.0722	-88.1518	2
-1.15746	-50.5734	2
51.0097	5.83185	1
53.9011	-2.95432	1
42.3325	-71.0889	9
47.0781	2.39819	1
49.6116	19.3258	1
48.7378	2.04899	22
50.4756	2.66416	1
39.9648	-82.9363	2
51.968	6.73115	1
51.5104	4.41509	1
29.921	-95.6747	1
43.1461	-77.6059	1
33.9425	-84.1914	2
39.8773	32.8179	1
-6.64433	106.781	1
51.7098	4.08728	1
52.118	-106.657	2
36.7596	-89.5412	1
51.737	0.490645	1
-1.74911	102.839	1
51.5803	4.56801	1
5.4941	-54.0272	1
46.8515	-96.8506	1
40.1314	-75.5181	2
3.14845	101.705	38
50.362	3.51876	1
33.6017	-7.60975	2
7.05074	125.577	1
15.0547	120.685	1
47.559	19.2063	1
41.5057	-87.6227	1
44.3711	-83.8055	1
26.363	127.814	1
50.8565	4.35185	5
27.7	-97.3897	2
-25.1476	-50.071	1
45.5617	4.28996	1
9.05051	-79.4202	1
-15.7763	-47.7966	1
40.427	-3.63462	1
51.8426	5.83296	3
19.2708	-99.6499	2
36.9308	-76.2397	1
33.6245	-80.9266	2
51.8925	-8.50368	1
32.0641	-81.0796	1
51.5599	4.76485	2
45.4899	-122.539	1
-23.4254	-46.0575	1
46.787	-71.2635	2
61.3316	23.7565	1
51.9228	4.31901	5
-7.65408	111.35	1
43.0745	-87.8881	4
1.47326	124.871	1
49.2909	1.71159	1
45.352	10.1419	1
51.1261	-0.194302	1
38.9637	35.2433	7
3.05122	101.559	10
6.28761	0.0496319	1
40.8027	-84.0312	1
49.4412	1.0912	7
41.9173	-88.0685	1
48.5895	2.24626	17
51.5207	-0.142822	555
5.70967	100.45	1
35.8469	-78.0069	1
22.7894	-98.5974	1
48.982	1.91483	4
46.1907	6.13853	4
-6.16896	106.827	50
43.5831	7.00518	4
41.8005	-88.1675	18
37.1562	-76.5797	1
0.247298	-51.0637	9
2.16421	102.429	1
-3.43718	114.85	2
49.5817	3.81818	1
42.2705	-84.9893	1
46.151	-122.954	1
32.4839	-99.7454	1
39.4396	-76.609	1
39.4767	-87.401	1
41.8984	12.5451	9
-25.4951	-49.2884	7
51.8494	4.8912	1
39.9341	-75.1014	7
-23.3921	-46.4538	3
38.9675	-76.1137	1
43.3738	-4.51736	1
-6.35789	106.495	1
45.7377	8.96869	2
51.3573	1.01836	2
38.3583	-85.7931	1
29.481	-98.4934	2
43.2519	5.62997	1
41.112	-80.6763	1
38.5305	-8.86894	1
10.5343	-71.6506	1
38.7724	-92.3074	1
52.5142	6.10694	6
41.2919	-96.0407	2
52.477	-1.89557	2
46.6758	5.5573	1
38.9262	-76.8878	5
-37.8568	144.885	1
50.716	-3.48518	2
43.2943	5.40513	4
45.4145	-75.6583	1
14.6268	-61.0749	6
5.38554	-3.98272	2
45.0126	-84.6766	1
52.5511	5.90544	2
-34.0532	18.4396	2
47.9948	-4.10763	1
52.2328	21.0607	3
46.4885	0.195246	1
41.0271	39.5618	1
55.9383	-4.12885	1
49.1586	2.27212	1
-3.12261	-60.0005	2
48.1919	16.3399	1
-33.7692	25.389	1
41.7581	2.06928	2
41.6327	-73.936	1
40.5679	-80.013	1
59.9527	10.7095	1
35.0941	-78.8933	1
18.1416	-66.2542	1
47.5563	0.939471	1
53.4584	-2.62057	1
52.638	4.73975	2
52.2317	5.16057	3
48.6189	2.97564	12
57.9232	59.9781	1
-23.9555	-46.5075	4
36.1226	-111.248	1
37.7154	-89.2106	3
39.8456	-86.0358	1
53.8028	-1.52021	2
-24.4958	-47.8554	1
39.0468	-94.411	1
33.9715	-118.036	2
48.8252	2.70875	32
56.3084	38.1219	1
31.237	-97.3844	1
43.4688	-80.5454	1
5.32964	103.141	3
-21.708	-43.4228	1
45.0768	-93.3422	1
-23.0176	-46.979	2
52.9483	4.77601	2
-6.88973	107.664	16
33.7054	-78.8641	1
44.2151	20.9238	1
-8.26754	113.682	1
40.293	-3.77579	3
38.0373	-121.328	2
52.3834	13.1196	519
38.7577	-77.4595	1
41.465	-81.9249	1
45.6763	10.405	1
43.4023	6.38898	1
50.5236	21.4648	1
33.4312	-82.0648	1
40.9485	-74.2424	1
45.1448	-89.1494	2
38.7268	-77.117	1
52.7057	6.37347	2
40.3654	-8.66365	1
43.9342	4.87156	2
34.1827	-119.225	1
61.2734	73.4332	1
49.4962	0.131479	4
51.7859	5.29507	1
45.4512	9.2037	1
48.957	2.54143	46
40.2142	-85.3965	1
-8.28564	-35.9716	1
37.2968	-121.817	2
52.3832	4.77222	1
20.0301	-102.265	1
-26.7192	27.0324	1
51.3927	6.14929	2
34.5574	-86.9737	1
44.2008	0.633452	1
51.6413	5.61831	1
29.6132	-98.2624	1
13.688	-89.2048	4
-27.5988	153.071	1
48.6443	7.72668	3
45.5127	11.4849	1
48.7391	2.44936	89
54.8864	-1.57527	1
52.6107	6.49519	4
56.497	-2.95518	1
50.6887	3.18426	4
51.8911	-0.427444	1
43.4416	5.25483	2
46.2533	5.65814	1
42.6475	-5.53942	1
44.7036	-0.460157	1
51.8126	3.95065	1
45.0418	41.98	1
41.3766	2.14615	1
1.34884	103.957	6
40.279	-76.8492	1
34.6222	-89.9727	1
36.8137	10.1779	1
4.72755	-74.1187	1
-1.27293	-48.4598	1
56.8155	60.6136	1
40.7118	-74.2145	1
59.9394	30.0922	3
-29.9006	30.9726	1
5.55054	95.3509	1
42.9907	-85.9508	1
52.0716	4.3586	5
23.7682	90.3717	1
42.6988	2.9047	1
49.2918	-0.0986576	2
51.4772	-0.887915	3
30.0375	31.0145	2
3.23187	101.386	3
50.8396	-0.815542	1
40.3653	-82.6694	1
48.8286	2.16888	6
13.7634	100.5	1
51.0272	2.99937	1
37.7587	-122.235	1
53.3723	6.22347	1
-3.1107	-41.4845	2
26.2888	-98.1775	1
58.0225	56.1443	2
48.7513	1.87748	2
49.4328	2.07672	1
54.3197	9.96988	1
52.1988	4.89889	2
49.1994	-122.913	58
40.7014	-111.865	1
65.326	21.4703	1
43.6452	10.6388	1
56.2847	43.851	1
21.0014	-89.5734	1
48.1886	2.37841	1
52.2534	6.16609	1
51.4869	-3.1485	1
48.9934	1.74571	3
27.9944	-82.4681	1
45.7689	3.06458	1
52.2803	6.78797	6
47.7886	7.31156	1
41.817	-71.4212	1
36.1866	-86.7851	1
4.64713	101.203	2
40.073	-74.7243	3
34.7016	-86.6036	2
52.1794	5.90278	1
52.4514	4.62013	1
48.5846	2.56998	18
51.8789	6.07713	1
51.9585	6.28045	3
60.7218	28.7527	1
42.637	-71.3269	1
25.2737	-99.4088	1
60.171	10.2418	1
50.9419	0.206954	1
6.89258	79.9812	1
39.1937	-76.87	2
42.5168	-83.183	1
29.8239	-95.4621	3
-2.57242	-59.9803	2
47.3732	-122.198	1
50.631	3.0472	5
18.4231	-91.4346	1
56.9715	24.1287	2
-3.70347	128.163	2
43.1619	-86.2632	1
1.00185	116.394	2
33.8373	-117.955	2
5.63259	-73.5227	1
40.1147	-88.193	1
52.9109	6.40789	1
52.6363	-1.13111	3
33.5703	-112.1	2
38.8048	-77.237	3
-23.0614	-45.9175	1
52.346	4.94759	1
47.7334	6.96957	1
40.1754	-79.862	1
51.4812	3.95913	1
2.05313	102.587	1
24.4671	54.3749	1
51.4736	5.6531	3
30.2047	-82.701	1
44.3992	-122.702	1
0.0359625	-51.0852	1
56.0589	54.2785	2
53.0625	5.40704	1
47.6219	13.1416	1
35.3579	-80.6352	1
51.51	3.49766	1
-8.51443	-39.3016	1
43.0913	2.93914	1
19.6527	-101.276	1
43.8721	-79.2913	1
-7.46189	110.222	1
50.7782	5.97428	2
40.2625	-74.8027	1
39.7299	-75.5295	3
38.438	27.1421	1
32.8638	-83.7905	1
53.7172	27.9867	1
34.7513	135.377	1
-7.88293	-36.304	1
51.5161	-0.393325	1
31.6354	-82.9046	1
51.9141	6.56713	3
51.1252	-114.185	2
38.4155	-121.35	1
33.7677	-84.4181	6
30.0813	31.413	1
36.7967	-4.68937	2
35.134	136.934	1
-26.1893	28.0136	3
5.71709	115.961	1
33.8918	-117.236	1
56.6283	47.8837	1
39.6318	-77.7101	1
38.0141	-121.945	1
-22.5461	-48.6355	1
52.4992	13.6195	1
6.55271	3.34053	1
41.3543	69.376	1
40.6974	-73.9797	12
-6.993	107.559	7
50.9138	-1.40057	2
51.9809	5.55241	2
31.4311	-100.461	1
42.7194	-84.6871	1
38.2753	24.508	7
44.7539	37.7704	1
57.1517	-2.10442	1
52.1638	5.39551	10
53.2231	-4.16382	1
-23.513	-51.0998	1
40.6252	-75.366	1
-6.69493	-35.5978	1
33.489	-86.7745	1
36.9646	-86.3905	1
43.0014	-7.54539	1
37.5079	-122.263	1
2.83755	102.203	2
41.8338	-87.7319	15
45.8975	1.29712	1
56.0897	12.7645	1
52.138	5.60219	2
51.3819	-0.282529	1
52.9539	-1.16654	2
35.3328	33.2769	1
47.6617	1.9301	1
38.5865	-90.3518	2
27.3349	88.613	1
1.5254	103.838	6
43.1168	-79.3299	1
-5.41688	119.441	1
55.7179	13.2202	1
40.18	-80.2393	2
6.44615	100.341	1
55.9183	-3.26502	1
53.2976	-3.06885	1
25.6603	-100.352	1
37.8476	-4.67425	1
37.8038	12.4661	1
35.5175	139.593	1
40.8173	-96.6989	1
50.7324	2.74208	1
34.2977	-92.9476	1
32.8053	-97.1321	1
-14.2393	-53.1848	6
43.0158	-83.6745	2
43.0971	-93.6127	1
43.7335	7.28793	1
51.7759	4.66985	1
32.8644	-85.2042	1
52.3319	5.53412	6
30.3157	-81.3852	1
25.2789	51.5207	1
16.2342	-61.4806	4
48.1761	6.44995	1
-6.20117	106.977	6
35.5771	-5.34233	1
35.3993	-119.092	1
46.9393	2.52124	1
51.0386	3.39247	1
