Tweet Id 	 Latitude 	 Longitude 	 Continent
736	-3.79525	102.256	Asia	
1150	-6.90558	107.626	Asia	
1630	-7.78094	110.364	Asia	
1810	-7.97656	112.628	Asia	
2551	37.5295	-122.009	North America	
3415	51.5207	-0.142822	Europe	
3581	32.6613	-117.091	North America	
4152	-6.56218	106.771	Asia	
4895	51.5207	-0.142822	Europe	
4993	51.9522	5.90207	Europe	
5785	40.8314	-73.8681	North America	
6288	51.5207	-0.142822	Europe	
6593	-6.16896	106.827	Asia	
7011	-6.16896	106.827	Asia	
7251	51.5207	-0.142822	Europe	
8796	48.7734	2.07451	Europe	
8984	51.5207	-0.142822	Europe	
9670	45.5432	-122.655	North America	
13553	50.8182	-1.09673	Europe	
14799	-6.16896	106.827	Asia	
16287	-7.97656	112.628	Asia	
16564	-6.25853	106.767	Asia	
18911	45.184	5.71568	Europe	
19937	51.5207	-0.142822	Europe	
20112	51.5207	-0.142822	Europe	
21479	-6.16896	106.827	Asia	
21650	51.5207	-0.142822	Europe	
22233	51.5207	-0.142822	Europe	
22928	51.5207	-0.142822	Europe	
23979	-6.16896	106.827	Asia	
23989	32.3037	-90.2241	North America	
25840	53.4309	-2.96087	Europe	
26707	51.5207	-0.142822	Europe	
27055	35.2035	-80.836	North America	
28136	35.4383	137.362	Asia	
28911	-6.16896	106.827	Asia	
28990	29.5042	-95.5239	North America	
29146	51.5207	-0.142822	Europe	
29217	-0.306017	100.369	Asia	
29444	51.5207	-0.142822	Europe	
30326	-7.19253	112.957	Asia	
30372	55.8554	-4.23242	Europe	
30447	55.8554	-4.23242	Europe	
31243	61.2734	73.4332	Europe	
33645	1.45643	124.816	Asia	
33668	45.4183	-122.682	North America	
33937	-6.16896	106.827	Asia	
33962	51.5207	-0.142822	Europe	
34192	-1.71186	113.698	Asia	
35806	-7.2771	112.717	Asia	
35832	2.9313	101.697	Asia	
36768	51.5207	-0.142822	Europe	
36890	33.3168	-117.483	North America	
37259	40.3537	-94.8858	North America	
37335	-15.7763	-47.7966	South America	
37587	1.35608	102.152	Asia	
38359	51.5207	-0.142822	Europe	
38760	59.724	30.4085	Europe	
39358	-23.8633	-46.2901	South America	
39827	51.5207	-0.142822	Europe	
40617	51.5207	-0.142822	Europe	
40862	0	0	NULL	
41605	51.5207	-0.142822	Europe	
42601	51.5207	-0.142822	Europe	
46743	51.5207	-0.142822	Europe	
47098	-7.9725	112.629	Asia	
48893	4.23955	103.192	Asia	
48994	42.2733	-83.7377	North America	
50440	-6.9958	110.428	Asia	
51071	51.5207	-0.142822	Europe	
52486	42.7466	-75.77	North America	
54755	51.5207	-0.142822	Europe	
55388	51.4806	0.143678	Europe	
55553	-7.97656	112.628	Asia	
57540	41.2903	-72.9394	North America	
57811	-7.97656	112.628	Asia	
58078	41.4799	-87.6792	North America	
58983	51.5207	-0.142822	Europe	
59079	51.5207	-0.142822	Europe	
61605	51.5207	-0.142822	Europe	
63089	40.7027	-112.025	North America	
63293	-6.16896	106.827	Asia	
63295	-6.16896	106.827	Asia	
64036	51.5207	-0.142822	Europe	
64095	2.20133	102.248	Asia	
66068	48.6584	2.37403	Europe	
66571	51.5207	-0.142822	Europe	
66705	-6.90558	107.626	Asia	
67786	-3.30786	119.196	Asia	
67884	51.5207	-0.142822	Europe	
70879	-6.18554	106.718	Asia	
72164	-6.90558	107.626	Asia	
72205	2.98508	101.422	Asia	
72518	3.14853	101.705	Asia	
72967	-6.6801	108.533	Asia	
73323	-7.9725	112.629	Asia	
73785	-7.9725	112.629	Asia	
73897	38.9637	35.2433	Asia	
75213	51.5207	-0.142822	Europe	
75256	-7.2771	112.717	Asia	
76609	-6.16896	106.827	Asia	
76616	-6.16896	106.827	Asia	
77000	39.6186	-75.6795	North America	
77833	51.5207	-0.142822	Europe	
79598	-6.30145	106.84	Asia	
79625	-6.91215	107.61	Asia	
82844	-6.9958	110.428	Asia	
83024	37.5118	127.023	Asia	
83229	-7.9725	112.629	Asia	
83854	51.5207	-0.142822	Europe	
83886	-6.18489	106.945	Asia	
84542	-7.78094	110.364	Asia	
84794	-6.92043	107.617	Asia	
86315	32.8207	-96.7315	North America	
86477	-22.5832	17.0928	Africa	
86566	-3.99681	39.7308	Africa	
90806	51.5207	-0.142822	Europe	
91157	51.5207	-0.142822	Europe	
91821	-8.80216	115.222	Asia	
94072	-7.28917	112.734	Asia	
94080	-7.46435	112.429	Asia	
94236	20.6767	-103.337	North America	
96804	-6.11567	106.88	Asia	
96850	51.5207	-0.142822	Europe	
97050	-4.98859	105.312	Asia	
98784	-5.27705	105.188	Asia	
99555	51.5207	-0.142822	Europe	
99772	30.5008	-91.1334	North America	
100435	51.5207	-0.142822	Europe	
100479	-6.16896	106.827	Asia	
100621	51.5207	-0.142822	Europe	
100801	27.8378	-81.5313	North America	
101509	-6.19076	106.875	Asia	
107093	1.47326	124.871	Asia	
109664	-8.58183	116.107	Asia	
110308	5.53276	95.3189	Asia	
110414	-7.26285	112.761	Asia	
111108	19.4325	-99.1534	North America	
111202	38.8151	-77.0909	North America	
111948	-7.73955	110.398	Asia	
112056	24.8103	-48.7785	NULL	
112523	-23.0614	-45.9175	South America	
114174	51.5207	-0.142822	Europe	
114217	-7.97656	112.628	Asia	
114310	-23.513	-51.0998	South America	
116019	51.5207	-0.142822	Europe	
116412	-6.16896	106.827	Asia	
116747	38.5617	-121.461	North America	
117360	51.585	5.06361	Europe	
118468	49.0805	2.67006	Europe	
118953	19.4325	-99.1534	North America	
119406	51.5207	-0.142822	Europe	
119736	-6.16989	106.803	Asia	
120075	51.5207	-0.142822	Europe	
120478	-7.9725	112.629	Asia	
120948	28.6211	-81.4564	North America	
121672	51.5207	-0.142822	Europe	
122026	51.5207	-0.142822	Europe	
122551	48.868	2.31033	Europe	
122695	51.5207	-0.142822	Europe	
122753	-6.23296	106.834	Asia	
122756	-6.23296	106.834	Asia	
122906	3.03297	101.654	Asia	
123209	51.5207	-0.142822	Europe	
123586	51.5207	-0.142822	Europe	
124187	51.5207	-0.142822	Europe	
125990	39.211	-76.8439	North America	
126289	30.8394	-89.532	North America	
126309	1.44676	124.816	Asia	
127008	-2.57242	-59.9803	South America	
127664	52.0508	113.401	Europe	
127800	-6.90401	107.65	Asia	
127871	51.5207	-0.142822	Europe	
128253	51.5207	-0.142822	Europe	
128295	51.5207	-0.142822	Europe	
129477	1.36294	103.951	Asia	
130283	33.6908	-84.147	North America	
130569	47.3859	-122.313	North America	
130661	40.5778	-111.91	North America	
131051	-6.29556	106.841	Asia	
131088	-6.29556	106.841	Asia	
131110	-6.29556	106.841	Asia	
131733	-7.26285	112.761	Asia	
132318	45.1581	7.3865	Europe	
132392	45.1581	7.3865	Europe	
132966	-7.31266	112.765	Asia	
133857	51.5207	-0.142822	Europe	
133885	51.5207	-0.142822	Europe	
134799	51.5207	-0.142822	Europe	
135129	43.4955	-80.5493	North America	
135565	51.5207	-0.142822	Europe	
137283	-6.19416	106.851	Asia	
137977	51.5207	-0.142822	Europe	
138161	43.6293	-79.2725	North America	
138722	34.0209	-118.211	North America	
140642	-6.21703	106.931	Asia	
141150	51.5207	-0.142822	Europe	
141260	36.8687	-2.37369	Europe	
141627	-6.64782	106.89	Asia	
141814	-5.1472	119.429	Asia	
142955	-7.31563	112.749	Asia	
142967	-7.31563	112.749	Asia	
143431	-6.19367	106.89	Asia	
143932	33.7678	-84.4181	North America	
145002	51.5207	-0.142822	Europe	
145155	-6.15399	106.869	Asia	
145305	51.5207	-0.142822	Europe	
146777	-6.30863	106.7	Asia	
147001	30.3645	-81.562	North America	
147436	51.5207	-0.142822	Europe	
147974	-7.89212	112.658	Asia	
149673	59.3942	18.6174	Europe	
151459	51.5207	-0.142822	Europe	
151470	3.1389	101.687	Asia	
152812	-2.97932	104.738	Asia	
153045	5.14786	73.0588	Asia	
154223	51.5207	-0.142822	Europe	
157503	-7.97656	112.628	Asia	
158571	3.14845	101.705	Asia	
158934	37.7851	-122.393	North America	
160381	-5.14383	119.426	Asia	
160680	33.9998	-118.203	North America	
161309	34.1827	-119.225	North America	
161453	46.8415	-71.3703	North America	
162290	51.5207	-0.142822	Europe	
162389	37.5666	126.978	Asia	
164187	-6.04604	106.081	Asia	
164467	-6.26238	106.914	Asia	
165199	39.9341	-75.1014	North America	
165283	51.5207	-0.142822	Europe	
165523	51.5207	-0.142822	Europe	
165720	-8.66924	115.224	Asia	
165722	-8.66924	115.224	Asia	
166118	-6.90401	107.65	Asia	
166420	51.5207	-0.142822	Europe	
167902	-7.97656	112.628	Asia	
167991	-6.16392	106.825	Asia	
168043	-6.16392	106.825	Asia	
170406	-6.16896	106.827	Asia	
170417	-8.64872	115.173	Asia	
170600	51.5207	-0.142822	Europe	
171907	42.8079	-5.63706	Europe	
176761	52.4165	-0.718361	Europe	
177411	-6.29336	106.84	Asia	
177612	40.4768	-79.9187	North America	
178915	-6.16939	106.655	Asia	
179176	-6.22916	106.967	Asia	
179181	41.4278	-81.6245	North America	
179929	-6.26238	106.914	Asia	
180035	51.5207	-0.142822	Europe	
180102	51.5207	-0.142822	Europe	
180244	41.3941	2.1393	Europe	
182616	51.5207	-0.142822	Europe	
182679	-22.9365	-46.5619	South America	
183007	51.5207	-0.142822	Europe	
183481	51.5207	-0.142822	Europe	
183685	51.5207	-0.142822	Europe	
184238	33.5914	-101.888	North America	
186148	51.5207	-0.142822	Europe	
186151	51.5207	-0.142822	Europe	
186499	31.11	-83.4233	North America	
187397	51.5207	-0.142822	Europe	
187412	51.5207	-0.142822	Europe	
187968	3.03296	101.654	Asia	
188673	51.5207	-0.142822	Europe	
188983	-6.36291	106.853	Asia	
189089	51.5207	-0.142822	Europe	
189497	51.5207	-0.142822	Europe	
193472	51.5207	-0.142822	Europe	
194556	-6.90558	107.626	Asia	
194774	-6.90558	107.626	Asia	
195299	40.7258	-74.2329	North America	
196492	33.9209	-117.944	North America	
196640	5.51799	95.2996	Asia	
198053	-7.82869	112.02	Asia	
199880	52.483	-1.89359	Europe	
201036	-26.3075	27.9439	Africa	
201080	-6.91639	107.665	Asia	
201522	51.5207	-0.142822	Europe	
202572	51.5207	-0.142822	Europe	
203495	-7.34831	108.231	Asia	
203518	51.5207	-0.142822	Europe	
203676	-7.78094	110.364	Asia	
204793	40.653	-112.014	North America	
204901	59.9341	30.3287	Europe	
205137	-6.88124	107.618	Asia	
205305	40.7313	-74.1821	North America	
206270	48.8588	2.34693	Europe	
207033	-6.29937	106.834	Asia	
207044	-6.29528	106.841	Asia	
207765	51.5207	-0.142822	Europe	
208102	-6.60796	106.758	Asia	
208715	30.2978	-97.7533	North America	
209261	2.94886	101.77	Asia	
209378	-7.9725	112.629	Asia	
210219	59.3336	17.98	Europe	
210713	-26.2617	-48.9665	South America	
210756	-6.91639	107.665	Asia	
210802	51.5207	-0.142822	Europe	
210803	-3.23194	123.185	Asia	
211110	51.5207	-0.142822	Europe	
211707	50.4426	-4.95555	Europe	
211894	51.5207	-0.142822	Europe	
212210	51.5207	-0.142822	Europe	
212525	29.9341	-90.0244	North America	
213814	51.5207	-0.142822	Europe	
213819	26.0017	-80.3619	North America	
214337	-6.56095	106.809	Asia	
214888	-6.26238	106.914	Asia	
217512	35.1295	-90.0268	North America	
218673	19.184	-96.2312	North America	
220722	45.0378	38.9976	Europe	
220751	35.305	-80.7244	North America	
221173	51.5207	-0.142822	Europe	
221359	29.6296	-95.2624	North America	
221535	13.5886	-89.2836	North America	
221768	-7.14941	-34.882	South America	
222251	-6.16896	106.827	Asia	
222275	-6.16896	106.827	Asia	
222641	-6.15122	106.626	Asia	
223254	-6.15122	106.626	Asia	
223556	-7.67841	109.67	Asia	
224037	-3.42718	114.791	Asia	
224650	-7.9725	112.629	Asia	
225469	51.5207	-0.142822	Europe	
226425	51.5207	-0.142822	Europe	
227059	48.4084	-4.49955	Europe	
227246	51.5207	-0.142822	Europe	
227879	51.56	0.236186	Europe	
227975	43.6293	-79.2725	North America	
228346	-2.76744	107.693	Asia	
229495	47.414	2.9422	Europe	
229640	26.1312	-80.1802	North America	
230699	48.7746	2.46198	Europe	
234482	51.5207	-0.142822	Europe	
235250	1.5254	103.838	Asia	
235824	37.7841	-122.441	North America	
235986	1.54019	124.807	Asia	
236061	-7.35736	112.776	Asia	
236117	42.997	-77.3945	North America	
236957	51.5207	-0.142822	Europe	
237049	-7.9725	112.629	Asia	
237068	-6.9771	110.343	Asia	
237186	61.2734	73.4332	Europe	
237291	51.5207	-0.142822	Europe	
237758	37.8708	-122.301	North America	
238653	-6.22608	106.886	Asia	
238681	-6.22608	106.886	Asia	
238693	-6.22608	106.886	Asia	
238932	51.5207	-0.142822	Europe	
238968	51.5207	-0.142822	Europe	
239840	-6.29906	107.105	Asia	
239897	-0.789275	113.921	Asia	
240412	1.35093	102.156	Asia	
240543	51.5207	-0.142822	Europe	
240991	59.3336	17.98	Europe	
241313	-26.1761	28.0353	Africa	
242769	51.5207	-0.142822	Europe	
242861	51.5207	-0.142822	Europe	
243596	48.6772	2.50266	Europe	
245720	51.5207	-0.142822	Europe	
245750	51.5207	-0.142822	Europe	
245768	51.5207	-0.142822	Europe	
245969	0	0	NULL	
246098	0	0	NULL	
247395	51.5207	-0.142822	Europe	
248608	-6.3391	106.922	Asia	
249158	-6.16896	106.827	Asia	
250478	-15.4552	-55.8425	South America	
251085	48.9226	2.51516	Europe	
251637	51.5207	-0.142822	Europe	
251817	37.3495	-77.4401	North America	
253493	51.5207	-0.142822	Europe	
253666	33.7976	-118.193	North America	
254274	-2.22487	106.124	Asia	
254700	1.34112	102.155	Asia	
254723	1.34112	102.155	Asia	
254738	1.34112	102.155	Asia	
254980	51.5207	-0.142822	Europe	
255461	34.7445	-87.697	North America	
255988	51.5207	-0.142822	Europe	
256239	-6.29528	106.841	Asia	
257414	-7.9725	112.629	Asia	
258810	-6.16896	106.827	Asia	
259091	55.7559	37.5483	Europe	
259735	51.5207	-0.142822	Europe	
260875	51.5207	-0.142822	Europe	
261155	51.5207	-0.142822	Europe	
262308	1.3471	102.165	Asia	
262340	1.34112	102.155	Asia	
262665	-1.60202	103.62	Asia	
263700	53.6799	9.37268	Europe	
263877	51.5207	-0.142822	Europe	
263886	33.8853	-118.346	North America	
265173	40.6505	-73.792	North America	
265419	0	0	NULL	
265451	51.5207	-0.142822	Europe	
265602	-8.26754	113.682	Asia	
265658	-8.26754	113.682	Asia	
266661	3.66668	98.6712	Asia	
267033	51.5207	-0.142822	Europe	
267705	48.9141	2.33534	Europe	
268154	51.5207	-0.142822	Europe	
268351	51.5207	-0.142822	Europe	
269364	-6.16896	106.827	Asia	
269487	51.5207	-0.142822	Europe	
269489	51.5207	-0.142822	Europe	
270783	-7.97656	112.628	Asia	
271409	42.2733	-83.7377	North America	
272085	-23.6989	-46.6151	South America	
272146	32.2391	-111.028	North America	
272296	-6.37472	106.868	Asia	
273247	1.47326	124.871	Asia	
273515	-1.2188	116.843	Asia	
273531	3.03296	101.654	Asia	
274953	14.6086	120.987	Asia	
276478	0.161457	117.478	Asia	
277013	51.5207	-0.142822	Europe	
277347	32.5711	-89.8764	North America	
277447	3.06787	101.491	Asia	
277735	55.4329	37.7628	Europe	
278075	38.8151	-77.0909	North America	
279335	51.5207	-0.142822	Europe	
279680	51.5207	-0.142822	Europe	
280005	50.8642	-103.333	North America	
280096	-12.8753	-38.5026	South America	
280304	-7.97656	112.628	Asia	
280685	51.5207	-0.142822	Europe	
281785	51.5207	-0.142822	Europe	
281795	3.14845	101.705	Asia	
282774	-1.2188	116.843	Asia	
283057	-6.16896	106.827	Asia	
283375	-6.16896	106.827	Asia	
283415	-6.24458	106.809	Asia	
283803	51.5207	-0.142822	Europe	
285634	3.14845	101.705	Asia	
286518	51.5207	-0.142822	Europe	
287408	51.5207	-0.142822	Europe	
287448	52.9127	-1.04522	Europe	
287713	-7.9725	112.629	Asia	
287899	51.5207	-0.142822	Europe	
288412	27.8155	77.3373	Asia	
288893	51.5207	-0.142822	Europe	
290192	3.59036	98.6526	Asia	
290201	-6.16896	106.827	Asia	
290545	34.0442	-117.931	North America	
292058	1.45855	103.765	Asia	
292134	-7.9545	112.605	Asia	
292732	41.8339	-87.7319	North America	
293212	3.60935	98.5115	Asia	
293433	-8.63314	115.245	Asia	
294080	51.5207	-0.142822	Europe	
294435	29.9639	-90.0746	North America	
294499	2.71563	101.953	Asia	
294581	51.5207	-0.142822	Europe	
294761	-7.2771	112.717	Asia	
294848	3.14845	101.705	Asia	
295527	3.58111	98.6676	Asia	
296104	-23.6211	-46.7853	South America	
296824	51.5207	-0.142822	Europe	
297221	51.5207	-0.142822	Europe	
299308	51.5207	-0.142822	Europe	
299340	51.5207	-0.142822	Europe	
299548	-21.2133	-47.818	South America	
300405	42.917	-78.8507	North America	
300780	16.2586	-92.301	North America	
301004	51.5207	-0.142822	Europe	
301036	51.5207	-0.142822	Europe	
301273	49.1733	6.9327	Europe	
301887	-6.16896	106.827	Asia	
302277	51.5207	-0.142822	Europe	
303728	51.5207	-0.142822	Europe	
305359	51.5207	-0.142822	Europe	
306197	51.5207	-0.142822	Europe	
306228	55.7559	37.5483	Europe	
306621	51.5207	-0.142822	Europe	
306682	51.5207	-0.142822	Europe	
306978	51.5207	-0.142822	Europe	
307749	-7.97656	112.628	Asia	
308528	51.5207	-0.142822	Europe	
308681	1.07235	104.026	Asia	
310010	31.7538	-93.115	North America	
310205	5.39716	100.315	Asia	
311593	51.5207	-0.142822	Europe	
312604	-7.9725	112.629	Asia	
312711	51.5207	-0.142822	Europe	
313263	-6.9958	110.428	Asia	
314154	-6.26092	106.781	Asia	
314498	-5.14383	119.426	Asia	
314701	56.5405	-3.88487	Europe	
314703	56.5405	-3.88487	Europe	
314733	-5.14383	119.426	Asia	
314767	1.45494	124.823	Asia	
315608	51.5207	-0.142822	Europe	
315912	-5.14383	119.426	Asia	
316606	51.5207	-0.142822	Europe	
316625	-2.98392	104.734	Asia	
316903	42.572	-83.3814	North America	
318953	-6.16896	106.827	Asia	
319097	51.5207	-0.142822	Europe	
319120	51.5207	-0.142822	Europe	
320402	51.5207	-0.142822	Europe	
320446	39.353	-76.5823	North America	
320552	51.5207	-0.142822	Europe	
321041	-6.37698	106.873	Asia	
322230	51.5207	-0.142822	Europe	
322772	34.0209	-118.211	North America	
323290	-7.97656	112.628	Asia	
323431	34.1693	-80.8932	North America	
326368	51.5207	-0.142822	Europe	
327070	3.05122	101.559	Asia	
328488	45.8357	4.99631	Europe	
328928	30.0836	-95.9871	North America	
329856	-5.41975	105.256	Asia	
329898	29.7555	-95.5601	North America	
330227	-6.16896	106.827	Asia	
330367	-6.19147	106.898	Asia	
331418	33.5701	-7.63608	Africa	
331995	51.5207	-0.142822	Europe	
332530	53.7172	27.9867	Europe	
333564	59.9341	30.3287	Europe	
334052	51.5207	-0.142822	Europe	
334078	51.5207	-0.142822	Europe	
334373	34.2468	-118.446	North America	
335496	40.8154	-74.1918	North America	
336185	41.5008	-99.6809	North America	
336303	40.7809	-73.9772	North America	
337059	38.9366	-76.7722	North America	
337441	38.2618	-76.4706	North America	
337715	3.78238	98.6882	Asia	
338440	51.5207	-0.142822	Europe	
338893	-7.9725	112.629	Asia	
338923	1.34717	102.165	Asia	
339355	51.5207	-0.142822	Europe	
340042	-7.22675	111.793	Asia	
340780	51.5207	-0.142822	Europe	
341727	32.8246	-117.109	North America	
342486	51.5207	-0.142822	Europe	
344166	59.9341	30.3287	Europe	
344510	51.5207	-0.142822	Europe	
345393	31.7329	-93.0823	North America	
345943	53.7172	27.9867	Europe	
346239	-7.97656	112.628	Asia	
346542	-6.16896	106.827	Asia	
346581	51.5207	-0.142822	Europe	
348756	-5.14383	119.426	Asia	
348800	51.5207	-0.142822	Europe	
348890	51.5207	-0.142822	Europe	
350463	-6.16896	106.827	Asia	
350821	-7.9725	112.629	Asia	
350863	51.5207	-0.142822	Europe	
351514	51.5207	-0.142822	Europe	
352308	51.5207	-0.142822	Europe	
352514	-6.22584	106.857	Asia	
352768	-30.0997	-51.1593	South America	
353277	3.14845	101.705	Asia	
353469	51.5207	-0.142822	Europe	
353611	-7.67113	108.778	Asia	
354625	-7.74156	110.393	Asia	
354992	51.5207	-0.142822	Europe	
356698	-7.9725	112.629	Asia	
357960	43.0967	-87.9122	North America	
358284	-7.78094	110.364	Asia	
358544	51.5207	-0.142822	Europe	
358930	-5.14383	119.426	Asia	
359107	51.5207	-0.142822	Europe	
359270	51.5207	-0.142822	Europe	
360033	34.2467	-118.446	North America	
360987	51.5207	-0.142822	Europe	
361318	38.1167	-122.277	North America	
361454	51.5207	-0.142822	Europe	
361455	51.5207	-0.142822	Europe	
362880	41.817	-71.421	North America	
364239	-7.9725	112.629	Asia	
366383	51.5207	-0.142822	Europe	
367576	33.8881	-84.541	North America	
367961	-6.16896	106.827	Asia	
369690	47.613	-122.342	North America	
370094	38.658	-77.0102	North America	
372088	51.5207	-0.142822	Europe	
372145	-7.2771	112.717	Asia	
372513	0.157609	117.479	Asia	
372676	-7.9725	112.629	Asia	
373759	42.469	-82.8954	North America	
374350	51.5207	-0.142822	Europe	
374492	51.5207	-0.142822	Europe	
374624	-6.16896	106.827	Asia	
374714	51.5207	-0.142822	Europe	
374921	51.5207	-0.142822	Europe	
375219	-7.27134	112.755	Asia	
375232	-19.0045	-48.3585	South America	
375242	51.5207	-0.142822	Europe	
375267	49.1232	-122.827	North America	
378351	51.5207	-0.142822	Europe	
378478	51.5207	-0.142822	Europe	
380154	-20.4274	-40.3758	South America	
380212	-6.18489	106.945	Asia	
380616	-7.9725	112.629	Asia	
380789	3.05491	101.787	Asia	
380827	-6.18489	106.945	Asia	
383591	-6.266	106.737	Asia	
386295	38.8366	-76.9883	North America	
386297	48.383	31.1814	Europe	
387335	38.8808	-77.1022	North America	
387419	3.58111	98.6676	Asia	
390233	48.6189	2.97564	Europe	
390752	-6.29906	106.721	Asia	
391178	51.5207	-0.142822	Europe	
393679	2.71563	101.953	Asia	
393850	51.5207	-0.142822	Europe	
393947	51.5207	-0.142822	Europe	
394594	33.9733	-118.124	North America	
395265	-7.9725	112.629	Asia	
395948	51.5207	-0.142822	Europe	
397743	33.7914	-118.156	North America	
398568	51.5207	-0.142822	Europe	
398579	51.5207	-0.142822	Europe	
398724	51.5207	-0.142822	Europe	
399650	-7.59059	112.505	Asia	
399703	-6.8841	109.659	Asia	
399995	25.81	-80.1401	North America	
400368	-7.28672	110.093	Asia	
400396	44.8638	-0.586176	Europe	
401291	-7.97656	112.628	Asia	
401450	55.9599	-3.19968	Europe	
401511	-8.66243	115.155	Asia	
402849	1.00185	116.394	Asia	
403521	7.25343	5.16884	Africa	
404328	51.5207	-0.142822	Europe	
405504	-6.35729	106.842	Asia	
406072	4.47098	97.9734	Asia	
406098	-7.97656	112.628	Asia	
406117	-0.0097584	109.307	Asia	
407591	0	0	NULL	
407792	3.14845	101.705	Asia	
408217	51.5207	-0.142822	Europe	
408523	21.7836	-72.2039	North America	
408716	51.6772	-2.01874	Europe	
409246	-2.42837	106.432	Asia	
409767	51.5207	-0.142822	Europe	
410155	0.518773	101.459	Asia	
410592	-7.76906	110.376	Asia	
412111	3.05122	101.559	Asia	
412140	51.5207	-0.142822	Europe	
412700	48.9537	2.87728	Europe	
413452	-6.12769	106.659	Asia	
415803	-7.2771	112.717	Asia	
415805	-7.2771	112.717	Asia	
416081	-7.2771	112.717	Asia	
416372	-6.26395	106.74	Asia	
416667	51.5207	-0.142822	Europe	
416788	37.531	126.872	Asia	
417149	3.1574	101.712	Asia	
417192	-6.16896	106.827	Asia	
417367	-6.29859	106.927	Asia	
417394	-6.30051	106.919	Asia	
418894	44.8637	-0.586176	Europe	
418945	1.66289	101.429	Asia	
418949	1.66289	101.429	Asia	
419052	40.9437	14.2333	Europe	
420860	34.0009	-81.7712	North America	
421362	-7.97656	112.628	Asia	
423242	-23.6828	-46.5955	South America	
423595	42.3144	-70.9703	North America	
423674	51.5207	-0.142822	Europe	
425187	29.674	-95.2687	North America	
426529	51.5864	0.079199	Europe	
426714	-6.16896	106.827	Asia	
427554	-6.16896	106.827	Asia	
427818	51.5207	-0.142822	Europe	
428296	-6.16896	106.827	Asia	
428298	51.5207	-0.142822	Europe	
429363	-23.6828	-46.5955	South America	
429603	25.6694	-80.4011	North America	
430855	55.7838	37.5296	Europe	
432628	40.6975	-73.9797	North America	
432629	4.08298	9.67571	Africa	
433346	30.3449	-81.6832	North America	
433518	19.0417	-98.193	North America	
433534	19.0292	-98.203	North America	
433713	51.5207	-0.142822	Europe	
434249	38.5617	-121.461	North America	
434319	44.3992	-122.702	North America	
434350	44.3992	-122.702	North America	
435193	-6.46785	106.735	Asia	
436892	35.3288	139.351	Asia	
436946	51.5207	-0.142822	Europe	
437341	-6.16896	106.827	Asia	
438379	-6.16896	106.827	Asia	
439429	48.9271	2.3708	Europe	
439670	30.5947	-91.1633	North America	
439908	30.0069	-90.2438	North America	
440464	51.5207	-0.142822	Europe	
440655	51.5207	-0.142822	Europe	
441173	51.5207	-0.142822	Europe	
441807	-6.35997	107.805	Asia	
442553	51.5207	-0.142822	Europe	
442978	51.5207	-0.142822	Europe	
443617	-7.2771	112.717	Asia	
443632	-6.20948	106.596	Asia	
444089	51.5207	-0.142822	Europe	
444251	51.5207	-0.142822	Europe	
444286	51.5207	-0.142822	Europe	
444303	3.08378	101.72	Asia	
444762	-1.5942	103.619	Asia	
446163	43.0039	-83.6333	North America	
448467	-7.9725	112.629	Asia	
448688	-20.785	-49.3592	South America	
450920	48.7946	2.40729	Europe	
451914	51.5207	-0.142822	Europe	
451975	-7.2771	112.717	Asia	
453107	-7.45968	112.742	Asia	
453129	18.9338	-99.2608	North America	
453609	59.3942	18.6174	Europe	
454690	32.6072	-96.8102	North America	
454835	-8.01479	112.621	Asia	
456135	-7.9725	112.629	Asia	
457040	55.7355	37.0359	Europe	
457305	51.5207	-0.142822	Europe	
457651	51.5207	-0.142822	Europe	
457769	41.9389	8.75064	Europe	
457890	51.7912	55.1232	Europe	
457988	51.5207	-0.142822	Europe	
458020	51.5207	-0.142822	Europe	
460865	51.5207	-0.142822	Europe	
461291	-8.45547	115.072	Asia	
461561	51.5207	-0.142822	Europe	
461744	33.8291	-84.1811	North America	
462194	-6.12655	106.88	Asia	
462525	29.7392	-95.3818	North America	
462580	-0.587732	111.388	Asia	
464857	1.5254	103.838	Asia	
465491	27.9944	-82.4681	North America	
465711	42.9992	-87.928	North America	
471057	34.0059	-118.409	North America	
471139	-6.11778	106.893	Asia	
471642	48.9005	2.33443	Europe	
471686	3.14845	101.705	Asia	
471706	-7.9725	112.629	Asia	
472517	19.2524	-99.5724	North America	
473102	1.5254	103.838	Asia	
473110	1.5254	103.838	Asia	
473172	1.5254	103.838	Asia	
473178	1.5254	103.838	Asia	
473398	35.5882	139.728	Asia	
473567	34.0209	-118.211	North America	
475045	51.5207	-0.142822	Europe	
475136	56.8747	16.6574	Europe	
475161	-3.00531	104.815	Asia	
475574	3.14853	101.705	Asia	
476018	1.35124	102.152	Asia	
477541	31.11	-83.4242	North America	
478881	51.5207	-0.142822	Europe	
481876	5.70857	-0.157848	Africa	
482176	51.5207	-0.142822	Europe	
482607	51.5207	-0.142822	Europe	
483161	-6.16896	106.827	Asia	
484077	-6.16896	106.827	Asia	
484173	-7.02066	110.388	Asia	
484549	-7.9725	112.629	Asia	
484553	-8.63314	115.245	Asia	
485055	57.5318	38.3116	Europe	
486781	-6.21699	107.017	Asia	
487878	3.14845	101.705	Asia	
488044	-6.26486	106.778	Asia	
488061	42.572	-83.3814	North America	
490781	33.1135	-96.672	North America	
490943	-6.15911	106.911	Asia	
491474	51.5207	-0.142822	Europe	
492121	-7.9725	112.629	Asia	
493254	-7.9725	112.629	Asia	
493929	3.14845	101.705	Asia	
494780	-8.69739	115.162	Asia	
495512	35.6669	139.693	Asia	
497170	-7.9725	112.629	Asia	
497629	1.36143	102.156	Asia	
499035	-33.9076	25.5553	Africa	
499558	5.39716	100.315	Asia	
500954	59.9341	30.3287	Europe	
501681	34.1772	-118.102	North America	
502512	51.5207	-0.142822	Europe	
503359	16.3179	-61.485	North America	
504293	34.0209	-118.211	North America	
504517	29.8437	-95.6437	North America	
504519	-7.9725	112.629	Asia	
506871	59.9341	30.3287	Europe	
507221	-7.97961	112.663	Asia	
507724	51.5207	-0.142822	Europe	
508443	51.5207	-0.142822	Europe	
508732	36.9225	-5.1463	Europe	
508824	51.5207	-0.142822	Europe	
508987	51.5207	-0.142822	Europe	
509624	51.5207	-0.142822	Europe	
509626	51.5207	-0.142822	Europe	
509634	-7.9725	112.629	Asia	
511370	-6.16896	106.827	Asia	
512592	48.76	2.39453	Europe	
513060	33.9386	-118.304	North America	
513952	-6.16896	106.827	Asia	
515249	4.64713	101.203	Asia	
515262	4.64713	101.203	Asia	
515282	4.64713	101.203	Asia	
515513	-6.90401	107.65	Asia	
516450	5.54908	95.3259	Asia	
517721	48.8588	2.34693	Europe	
517945	33.7666	-116.976	North America	
519260	41.6124	-81.2327	North America	
519443	1.33406	103.847	Asia	
520533	38.9979	-105.554	North America	
521138	51.585	5.06361	Europe	
521254	33.4998	-84.3472	North America	
522645	31.1689	-100.077	North America	
522977	51.5207	-0.142822	Europe	
523123	-6.29665	106.932	Asia	
523875	-7.78161	110.334	Asia	
523889	-2.97074	104.753	Asia	
524152	51.5207	-0.142822	Europe	
524179	-6.18841	106.841	Asia	
524745	51.5207	-0.142822	Europe	
524921	51.5207	-0.142822	Europe	
525240	51.5207	-0.142822	Europe	
525991	-0.514978	117.166	Asia	
526630	-1.74911	102.839	Asia	
527103	25.9963	-80.166	North America	
527177	52.1331	1.42032	Europe	
528659	51.5207	-0.142822	Europe	
529002	-6.993	107.559	Asia	
529029	51.5207	-0.142822	Europe	
529547	-6.16896	106.827	Asia	
530293	1.34339	102.155	Asia	
530322	1.36025	102.154	Asia	
530334	1.34339	102.155	Asia	
530350	1.32052	102.156	Asia	
530367	1.36025	102.154	Asia	
530371	51.5207	-0.142822	Europe	
530393	1.34339	102.155	Asia	
530399	1.36025	102.154	Asia	
530434	1.36025	102.154	Asia	
530469	1.36025	102.154	Asia	
530472	51.5207	-0.142822	Europe	
530475	-6.2118	106.774	Asia	
530703	30.4183	-81.7688	North America	
530989	28.5975	-81.4374	North America	
531344	-0.0583543	109.343	Asia	
531361	51.5207	-0.142822	Europe	
531473	51.5207	-0.142822	Europe	
531515	42.9534	-78.8661	North America	
533237	51.5207	-0.142822	Europe	
534786	56.8155	60.6136	Europe	
534805	3.58111	98.6676	Asia	
536880	32.5731	-117.074	North America	
536937	51.5207	-0.142822	Europe	
538505	3.21766	101.711	Asia	
538810	30.3449	-81.6832	North America	
540079	-6.23597	106.988	Asia	
541149	3.58111	98.6676	Asia	
541947	51.5207	-0.142822	Europe	
543210	40.651	-73.8712	North America	
543278	-7.97656	112.628	Asia	
543623	51.5207	-0.142822	Europe	
543780	51.5207	-0.142822	Europe	
544674	51.5207	-0.142822	Europe	
544890	51.5207	-0.142822	Europe	
547460	51.5207	-0.142822	Europe	
548158	-6.16896	106.827	Asia	
548473	47.9964	2.73025	Europe	
550164	51.5207	-0.142822	Europe	
550924	38.8936	-77.0146	North America	
551409	38.7965	-76.9693	North America	
551814	34.0203	-6.83744	Africa	
553052	-6.1546	106.573	Asia	
553953	-6.16896	106.827	Asia	
554745	51.5207	-0.142822	Europe	
555111	43.6293	-79.2725	North America	
555448	51.5207	-0.142822	Europe	
556005	51.5207	-0.142822	Europe	
556545	-7.2771	112.717	Asia	
557040	42.0712	-88.045	North America	
557834	20.6767	-103.337	North America	
557871	51.5207	-0.142822	Europe	
558109	0	0	NULL	
558455	51.5207	-0.142822	Europe	
558966	51.5207	-0.142822	Europe	
560490	51.5207	-0.142822	Europe	
561338	51.5207	-0.142822	Europe	
561638	51.5207	-0.142822	Europe	
561793	44.8314	-0.681737	Europe	
562047	41.8338	-87.7319	North America	
562097	6.43955	3.36608	Africa	
562656	4.24884	117.907	Asia	
563167	51.5207	-0.142822	Europe	
563448	1.4823	124.818	Asia	
563609	51.5207	-0.142822	Europe	
565630	-0.86944	119.818	Asia	
565657	51.5207	-0.142822	Europe	
565820	-6.16896	106.827	Asia	
566286	51.5207	-0.142822	Europe	
566343	-6.16896	106.827	Asia	
566647	-7.2771	112.717	Asia	
566710	-7.14941	-34.882	South America	
568883	32.7738	130.714	Asia	
569061	19.626	-99.0903	North America	
569577	4.24884	117.907	Asia	
571194	-6.12353	106.153	Asia	
571249	-6.12331	106.154	Asia	
571634	51.5207	-0.142822	Europe	
573525	43.3215	-0.343157	Europe	
573561	43.3215	-0.343157	Europe	
573888	51.5207	-0.142822	Europe	
573890	51.5207	-0.142822	Europe	
573892	51.5207	-0.142822	Europe	
574180	3.61076	98.656	Asia	
575401	38.5617	-121.461	North America	
575447	-6.39893	106.806	Asia	
577010	51.5207	-0.142822	Europe	
577184	51.5207	-0.142822	Europe	
578319	31.0115	-83.3792	North America	
578752	42.7915	-70.9695	North America	
579417	51.5207	-0.142822	Europe	
580054	3.14845	101.705	Asia	
580257	38.5617	-121.461	North America	
581117	-6.24078	107.02	Asia	
581446	-7.9725	112.629	Asia	
581551	34.0209	-118.211	North America	
581810	-6.16896	106.827	Asia	
581886	-6.16896	106.827	Asia	
582781	51.5207	-0.142822	Europe	
584611	43.0098	-78.7858	North America	
587545	51.5207	-0.142822	Europe	
587723	-6.22274	106.832	Asia	
587733	7.49564	99.0753	Asia	
588631	-7.05518	110.429	Asia	
588805	-6.16896	106.827	Asia	
588916	3.14845	101.705	Asia	
589205	51.5207	-0.142822	Europe	
590312	-12.3487	-46.5503	South America	
590439	-6.22453	106.706	Asia	
591025	-7.6863	112.708	Asia	
591189	51.5207	-0.142822	Europe	
591207	51.4213	-0.0896461	Europe	
591245	51.5207	-0.142822	Europe	
591350	51.5207	-0.142822	Europe	
593242	51.5207	-0.142822	Europe	
593930	36.1007	-79.839	North America	
593985	51.5207	-0.142822	Europe	
594247	51.5207	-0.142822	Europe	
594914	51.5207	-0.142822	Europe	
595037	38.8936	-77.0146	North America	
595115	3.14845	101.705	Asia	
595386	34.7829	134.849	Asia	
595535	41.7626	-87.6981	North America	
596112	-1.61146	103.592	Asia	
597675	48.2842	6.95058	Europe	
598401	48.5895	2.24626	Europe	
598533	48.5895	2.24626	Europe	
599070	-6.16896	106.827	Asia	
599347	39.3234	-76.6233	North America	
599683	-6.19363	106.81	Asia	
600245	51.5207	-0.142822	Europe	
600548	51.5207	-0.142822	Europe	
600768	51.5207	-0.142822	Europe	
601670	-7.97656	112.628	Asia	
602133	30.033	-89.8826	North America	
603871	0	0	NULL	
604296	37.7542	-92.116	North America	
604365	-6.16896	106.827	Asia	
604816	35.975	-78.8993	North America	
606469	38.9637	35.2433	Asia	
607712	51.5207	-0.142822	Europe	
607810	-5.13081	119.513	Asia	
607814	-5.13081	119.513	Asia	
609084	0.535475	101.408	Asia	
609181	-6.16896	106.827	Asia	
609397	-6.90401	107.65	Asia	
610271	38.9684	-76.9553	North America	
610807	51.5207	-0.142822	Europe	
610809	51.5207	-0.142822	Europe	
610878	51.5207	-0.142822	Europe	
613008	3.12433	101.684	Asia	
615367	-7.77349	110.385	Asia	
615418	-0.587732	111.388	Asia	
615466	-7.2771	112.717	Asia	
615469	-7.2771	112.717	Asia	
615470	-6.91243	107.607	Asia	
615504	-6.91243	107.607	Asia	
616577	35.201	-90.2264	North America	
617517	54.1937	37.6289	Europe	
617654	-6.16896	106.827	Asia	
617715	39.9068	-74.9966	North America	
617918	51.5207	-0.142822	Europe	
619201	51.5207	-0.142822	Europe	
619738	36.2329	-115.238	North America	
622220	51.5207	-0.142822	Europe	
624047	-0.587732	111.388	Asia	
624744	-2.9167	104.714	Asia	
626887	51.5207	-0.142822	Europe	
627881	14.8524	-91.5221	North America	
627942	-7.78094	110.364	Asia	
628998	34.0209	-118.211	North America	
631087	-7.9725	112.629	Asia	
631614	51.5207	-0.142822	Europe	
632723	3.03296	101.654	Asia	
634229	1.45964	124.858	Asia	
635340	-6.16896	106.827	Asia	
635632	51.5207	-0.142822	Europe	
637246	44.5472	0.04196	Europe	
637304	41.8335	-87.7319	North America	
637365	54.516	-5.89277	Europe	
637609	51.5207	-0.142822	Europe	
638379	-7.80004	110.94	Asia	
639131	51.5207	-0.142822	Europe	
640725	55.705	37.3564	Europe	
641468	3.10075	101.635	Asia	
641584	38.8936	-77.0146	North America	
643353	51.4891	-0.0874363	Europe	
644773	1.86117	104.63	Asia	
645001	40.5646	-74.1468	North America	
645176	-7.35152	109.64	Asia	
645342	-6.28044	106.833	Asia	
646082	34.2467	-118.446	North America	
646357	-6.18622	106.637	Asia	
646917	40.6747	-73.941	North America	
648141	36.1607	-77.6894	North America	
648328	-7.81683	110.384	Asia	
648370	-7.81731	110.368	Asia	
648491	43.6293	-79.2725	North America	
648530	-6.19725	106.888	Asia	
648587	51.5129	-0.0385034	Europe	
648937	-6.23296	106.834	Asia	
649501	-7.28129	112.745	Asia	
649631	3.57374	98.5868	Asia	
649814	40.9302	-73.7739	North America	
650294	51.5207	-0.142822	Europe	
650933	-6.16896	106.827	Asia	
652463	49.1994	-122.913	North America	
652800	51.5207	-0.142822	Europe	
653033	51.5207	-0.142822	Europe	
653496	51.5207	-0.142822	Europe	
653762	37.8708	-122.301	North America	
654922	-6.09954	106.121	Asia	
655064	51.5327	-0.106368	Europe	
656542	-7.78094	110.364	Asia	
656749	19.4657	-99.1766	North America	
656752	-6.53332	106.814	Asia	
657058	36.2329	-115.238	North America	
657834	51.5207	-0.142822	Europe	
658874	-6.39558	106.837	Asia	
659439	34.2467	-118.446	North America	
660033	51.4891	-0.0874363	Europe	
661175	0	0	NULL	
661875	28.9699	-111.498	North America	
663221	0	0	NULL	
663930	-7.2771	112.717	Asia	
666505	33.9604	-118.142	North America	
666744	51.5207	-0.142822	Europe	
666862	34.6881	-79.2023	North America	
666945	51.5207	-0.142822	Europe	
667014	-6.23597	106.988	Asia	
667037	51.5207	-0.142822	Europe	
667287	-14.2393	-53.1848	South America	
667442	51.5207	-0.142822	Europe	
668211	42.4404	-83.2185	North America	
668614	51.5207	-0.142822	Europe	
668674	0	0	NULL	
669071	51.5207	-0.142822	Europe	
670259	51.5207	-0.142822	Europe	
670484	43.6293	-79.2725	North America	
670628	-6.16896	106.827	Asia	
671799	41.594	-70.9703	North America	
671965	51.5207	-0.142822	Europe	
673343	-7.2771	112.717	Asia	
673766	-6.16896	106.827	Asia	
675734	-7.2771	112.717	Asia	
677843	-6.14746	106.789	Asia	
677853	47.8566	1.9147	Europe	
678037	-6.90558	107.626	Asia	
678110	-6.56218	106.771	Asia	
679021	-5.14383	119.426	Asia	
679646	-6.16896	106.827	Asia	
679743	51.5207	-0.142822	Europe	
680692	32.3111	-90.1888	North America	
680934	33.586	-84.0883	North America	
681854	-7.2771	112.717	Asia	
681970	-6.90558	107.626	Asia	
681999	-6.993	107.559	Asia	
683290	40.0018	-75.2392	North America	
683315	3.14845	101.705	Asia	
683710	51.5207	-0.142822	Europe	
683986	-2.95986	104.816	Asia	
687736	-6.16896	106.827	Asia	
687863	51.5207	-0.142822	Europe	
688386	4.48523	97.9294	Asia	
688393	3.14845	101.705	Asia	
689789	-6.16896	106.827	Asia	
689803	-6.16896	106.827	Asia	
691288	-6.81011	107.151	Asia	
692947	51.5207	-0.142822	Europe	
693223	51.5207	-0.142822	Europe	
693328	51.5207	-0.142822	Europe	
693857	51.5207	-0.142822	Europe	
693867	51.5207	-0.142822	Europe	
693872	51.5207	-0.142822	Europe	
693879	51.5207	-0.142822	Europe	
695370	-7.2771	112.717	Asia	
695908	42.7466	-75.77	North America	
696192	51.5207	-0.142822	Europe	
696744	26.3149	-80.2684	North America	
697333	48.8032	2.31775	Europe	
697562	37.2968	-121.817	North America	
697625	48.9448	2.44879	Europe	
698754	48.8658	2.48513	Europe	
698757	45.0728	7.67575	Europe	
699065	40.2659	-7.5764	Europe	
700180	48.8844	2.59539	Europe	
700229	48.9438	2.57423	Europe	
700264	49.0714	2.10159	Europe	
700416	0	0	NULL	
701348	48.7291	2.44888	Europe	
701471	30.0277	-95.5155	North America	
702679	-6.90558	107.626	Asia	
702800	-6.16896	106.827	Asia	
703470	48.7336	2.43885	Europe	
703482	48.9378	2.53099	Europe	
703861	48.8588	2.34701	Europe	
703959	-6.90558	107.626	Asia	
705011	48.9544	2.31717	Europe	
706601	48.9106	2.44582	Europe	
706613	48.9106	2.44582	Europe	
707115	48.8646	2.53989	Europe	
707312	51.5207	-0.142822	Europe	
708264	16.2335	-61.4885	North America	
708341	4.80132	101.057	Asia	
708352	4.80132	101.057	Asia	
708546	-7.97656	112.628	Asia	
708629	43.6026	2.69127	Europe	
709054	-6.38048	106.832	Asia	
709265	51.9037	-9.03369	Europe	
709266	55.7933	37.529	Europe	
711001	49.0025	0.14212	Europe	
711003	48.6576	2.57849	Europe	
711100	48.9341	2.39861	Europe	
711346	50.4756	2.66416	Europe	
711649	48.6189	2.97564	Europe	
711651	51.9037	-9.03369	Europe	
712143	48.8588	2.34701	Europe	
712238	43.2943	5.40513	Europe	
712256	48.9378	2.53099	Europe	
712270	40.4314	-79.9806	North America	
712308	48.7316	2.46039	Europe	
712803	48.5895	2.24626	Europe	
713685	35.9861	139.577	Asia	
714333	48.9005	2.33459	Europe	
714657	-7.0061	110.437	Asia	
715407	48.7907	2.33196	Europe	
716268	51.5207	-0.142822	Europe	
716271	51.5207	-0.142822	Europe	
716272	51.5207	-0.142822	Europe	
716289	48.3884	2.96241	Europe	
716800	25.7686	-80.4282	North America	
716950	48.8588	2.34701	Europe	
717538	48.6016	2.30972	Europe	
718562	48.9851	2.28592	Europe	
718815	48.6545	2.38536	Europe	
718866	48.9695	2.40341	Europe	
719353	48.9875	1.91135	Europe	
719851	48.8588	2.34693	Europe	
719868	48.9804	1.91338	Europe	
719971	47.4815	-0.563019	Europe	
719972	47.4815	-0.563019	Europe	
719990	48.7316	2.46047	Europe	
720224	48.9751	1.71	Europe	
720628	48.9952	2.24937	Europe	
720737	48.955	2.3159	Europe	
720857	48.9858	2.46036	Europe	
720923	48.6852	2.34932	Europe	
721090	48.6297	2.44188	Europe	
721123	49.0714	2.10159	Europe	
721134	44.8736	-0.572543	Europe	
721186	48.8588	2.34701	Europe	
721447	48.8082	2.55446	Europe	
721472	43.2943	5.40513	Europe	
721750	48.8743	2.48718	Europe	
721787	-20.9954	-46.1229	South America	
721856	48.9751	1.71	Europe	
721889	48.8485	2.594	Europe	
722706	48.9925	2.38562	Europe	
722800	48.9875	1.91135	Europe	
723001	3.17125	101.696	Asia	
723263	49.4382	1.08854	Europe	
723308	50.8302	4.34216	Europe	
723340	48.7546	2.50325	Europe	
723597	48.809	2.53785	Europe	
723672	40.9956	-76.9252	North America	
723959	49.0714	2.10159	Europe	
725283	19.3272	-99.2564	North America	
725680	48.8862	2.38719	Europe	
725703	48.7998	2.4919	Europe	
725758	-6.9119	107.587	Asia	
726463	48.5895	2.24626	Europe	
726776	48.9458	2.49126	Europe	
726798	48.9458	2.49126	Europe	
726804	48.9458	2.49126	Europe	
726807	48.9458	2.49126	Europe	
726813	48.9458	2.49126	Europe	
727061	38.8808	-77.1022	North America	
727161	48.8588	2.34693	Europe	
728131	-7.97656	112.628	Asia	
728995	-7.97656	112.628	Asia	
729105	48.7709	2.46589	Europe	
730981	29.8239	-95.4622	North America	
732004	52.3851	-2.27787	Europe	
732213	-7.97656	112.628	Asia	
733117	48.9695	2.40341	Europe	
733935	-6.56218	106.771	Asia	
735025	55.8995	-4.24955	Europe	
736367	-6.16896	106.827	Asia	
736418	-6.56218	106.771	Asia	
737138	-7.97656	112.628	Asia	
737143	-7.75389	110.423	Asia	
737329	48.7966	2.42134	Europe	
739046	48.8333	2.55566	Europe	
739875	18.9338	-99.2608	North America	
740281	40.7307	-74.0009	North America	
740286	40.7308	-74.0009	North America	
741065	51.8789	6.07713	Europe	
741245	-7.97656	112.628	Asia	
741248	-7.97656	112.628	Asia	
741482	48.6076	2.62484	Europe	
741497	48.8588	2.34693	Europe	
741902	59.9341	30.3287	Europe	
742289	49.0588	2.12885	Europe	
743032	48.4987	3.4944	Europe	
743255	6.14284	100.383	Asia	
743899	33.9998	-118.203	North America	
745378	48.3884	2.96241	Europe	
745397	44.2938	12.3444	Europe	
745583	50.5225	3.03375	Europe	
745711	39.177	-0.23851	Europe	
745931	16.2335	-61.4885	North America	
747105	48.7436	2.44854	Europe	
747330	-0.86944	119.818	Asia	
747344	-0.86944	119.818	Asia	
748061	-6.90558	107.626	Asia	
748221	48.8726	2.37498	Europe	
750737	49.4286	1.08049	Europe	
751190	48.5421	2.65554	Europe	
751845	-7.97656	112.628	Asia	
752722	48.3884	2.96241	Europe	
752988	48.4055	2.96147	Europe	
754294	0	0	NULL	
754736	48.9693	2.39999	Europe	
754753	37.9259	-121.287	North America	
755979	33.7696	-84.2472	North America	
756571	38.2631	-77.5619	North America	
756649	-7.97656	112.628	Asia	
757893	3.86331	103.317	Asia	
758037	51.6177	-0.278072	Europe	
758314	48.3884	2.96241	Europe	
759291	48.9248	2.41123	Europe	
759318	48.6784	2.16837	Europe	
759386	-7.97656	112.628	Asia	
760785	48.8658	2.39152	Europe	
762120	29.852	-95.4751	North America	
762985	50.1212	8.63661	Europe	
763657	40.4557	-79.8566	North America	
765328	49.0016	2.28927	Europe	
765439	48.8588	2.34693	Europe	
765590	30.6745	-87.939	North America	
766767	48.7723	2.49304	Europe	
766975	49.2771	2.46442	Europe	
767843	48.6031	2.55276	Europe	
767889	3.04021	101.583	Asia	
767965	34.385	132.589	Asia	
768098	1.34472	102.157	Asia	
768111	19.3272	-99.2563	North America	
768236	48.5421	2.65554	Europe	
768419	3.04011	101.581	Asia	
770304	48.8598	2.44167	Europe	
770939	48.8967	2.34106	Europe	
770948	48.8562	2.36729	Europe	
771043	50.8333	4	Europe	
771548	-1.2724	116.853	Asia	
772539	2.42937	102.215	Asia	
772552	-7.57958	110.88	Asia	
773083	-7.83555	112.696	Asia	
774301	-6.90125	107.597	Asia	
774557	1.10532	103.924	Asia	
774753	3.14824	101.79	Asia	
775706	3.61572	98.6803	Asia	
776340	-7.2771	112.717	Asia	
776400	35.1634	-115.9	North America	
777546	48.5972	2.46434	Europe	
778101	48.383	31.1814	Europe	
778547	-6.55092	107.741	Asia	
778578	48.7875	2.33063	Europe	
778583	48.9168	2.39234	Europe	
779282	48.1261	1.52292	Europe	
779558	48.8332	2.5391	Europe	
779844	48.8312	2.29504	Europe	
779993	47.3321	5.03236	Europe	
780029	48.9544	2.31717	Europe	
781218	49.4462	1.07118	Europe	
781354	48.8864	2.31229	Europe	
782277	48.9601	2.34277	Europe	
783331	48.8485	2.594	Europe	
783664	0	0	NULL	
783746	48.8588	2.34701	Europe	
784116	4.87181	-52.3279	South America	
784250	48.9453	2.61216	Europe	
785638	-25.7504	28.2064	Africa	
785779	48.8312	1.95404	Europe	
786678	48.8169	1.98967	Europe	
787428	48.8588	2.34701	Europe	
789236	48.9378	2.60581	Europe	
789412	49.4453	1.07362	Europe	
789739	-7.97656	112.628	Asia	
789861	48.8979	2.3388	Europe	
791594	43.7093	7.29088	Europe	
793425	48.8588	2.34693	Europe	
793481	45.7607	4.85089	Europe	
794403	48.8482	2.57212	Europe	
795032	48.9106	2.44582	Europe	
796754	49.1609	-0.358697	Europe	
797540	48.5846	2.56998	Europe	
798176	4.90702	-52.3227	South America	
798795	48.8294	2.39807	Europe	
799409	3.88653	11.5042	Africa	
800415	48.7044	2.18045	Europe	
800739	48.7763	2.35022	Europe	
800819	48.5968	2.57962	Europe	
801047	48.8598	2.42032	Europe	
801056	48.8868	2.31173	Europe	
804214	-6.22191	106.836	Asia	
804694	48.5846	2.56998	Europe	
805113	3.14853	101.705	Asia	
805175	48.9409	2.61756	Europe	
806129	48.5606	2.4929	Europe	
806130	48.9356	2.04449	Europe	
807205	-7.97656	112.628	Asia	
807866	-5.14817	119.451	Asia	
808876	48.8641	2.44381	Europe	
809769	48.8588	2.34701	Europe	
809907	43.739	7.09925	Europe	
810212	48.6255	2.54873	Europe	
810464	19.6302	-99.1307	North America	
810604	48.7391	2.76042	Europe	
811206	48.9318	2.2881	Europe	
811433	0.90875	104.443	Asia	
811758	48.9218	2.24693	Europe	
811857	48.5846	2.56998	Europe	
811985	48.8612	2.35275	Europe	
812110	48.6831	2.17838	Europe	
812152	46.6352	1.09568	Europe	
812169	48.9544	2.31717	Europe	
813163	3.58111	98.6676	Asia	
813174	-37.7366	144.97	Oceania	
813540	48.8036	2.34641	Europe	
814213	48.8897	2.3596	Europe	
814258	49.0479	2.02524	Europe	
814332	2.82265	101.874	Asia	
814371	49.0747	2.68	Europe	
814434	48.5636	2.61151	Europe	
814574	48.9326	2.3518	Europe	
814990	49.0406	2.12126	Europe	
815182	-6.16129	106.846	Asia	
815925	48.9925	2.38562	Europe	
815927	48.9925	2.38562	Europe	
815941	48.7031	2.38987	Europe	
816910	3.14845	101.705	Asia	
817729	48.7783	2.59562	Europe	
819078	-4.11957	120.027	Asia	
819564	48.7509	2.29767	Europe	
819848	48.9695	2.40341	Europe	
820961	49.045	2.12935	Europe	
821056	43.7334	7.29241	Europe	
821812	48.7498	2.46015	Europe	
822085	-6.37195	106.863	Asia	
822167	-6.31166	106.866	Asia	
822605	32.1774	-110.884	North America	
823442	48.8457	2.46758	Europe	
823889	3.14845	101.705	Asia	
823941	48.5815	2.54776	Europe	
824286	48.879	2.41309	Europe	
824358	48.7376	7.05268	Europe	
824930	48.9268	2.04094	Europe	
825959	48.6024	2.4773	Europe	
825975	47.7543	1.57233	Europe	
825978	48.8588	2.34701	Europe	
826976	48.9435	2.38107	Europe	
827220	48.5846	2.56998	Europe	
827246	14.8668	-61.1227	North America	
828364	43.7075	7.28396	Europe	
828723	49.075	2.68018	Europe	
829638	48.8279	2.54783	Europe	
830454	48.8588	2.34701	Europe	
830500	48.7391	2.76042	Europe	
830748	-5.14367	119.426	Asia	
831578	49.0485	2.09626	Europe	
831734	49.0329	2.09639	Europe	
831855	52.3547	4.90405	Europe	
832558	48.5165	2.6342	Europe	
832717	41.0662	-86.2157	North America	
833470	1.22835	110.697	Asia	
833725	48.8902	2.49386	Europe	
833748	-7.97656	112.628	Asia	
833956	49.0374	2.04594	Europe	
834039	49.0267	2.46772	Europe	
834085	48.7816	2.58966	Europe	
834378	35.1634	-115.9	North America	
834541	48.9573	2.494	Europe	
834889	48.7388	1.36564	Europe	
834891	5.51292	103.047	Asia	
834952	3.03296	101.654	Asia	
835592	48.7768	1.96119	Europe	
835630	3.14845	101.705	Asia	
837293	48.9011	2.3354	Europe	
837671	0	0	NULL	
838951	48.8312	2.29488	Europe	
839525	42.4205	-73.8615	North America	
840144	-7.92288	112.6	Asia	
840276	48.6831	2.16603	Europe	
840454	-7.9725	112.629	Asia	
842082	48.8401	2.67278	Europe	
842440	45.6216	5.20918	Europe	
842503	42.2719	-83.2651	North America	
842566	-6.56218	106.771	Asia	
843161	-6.14656	106.859	Asia	
843966	51.6007	-1.12426	Europe	
845908	48.9272	2.37057	Europe	
846265	51.5118	-0.162971	Europe	
846506	48.8503	2.47352	Europe	
846927	48.8069	2.6042	Europe	
847271	-8.52558	115.202	Asia	
848487	48.8091	2.53785	Europe	
848971	48.9544	2.31717	Europe	
849016	48.9544	2.31717	Europe	
849907	48.9858	2.46036	Europe	
850576	48.6656	2.56778	Europe	
851106	48.3884	2.96241	Europe	
851119	48.9858	2.46036	Europe	
851621	48.8569	2.47652	Europe	
852368	48.8459	2.62529	Europe	
852604	48.9863	2.41115	Europe	
852850	-7.97656	112.628	Asia	
854546	47.3884	0.702435	Europe	
854823	49.0518	2.0797	Europe	
854851	48.9516	2.56833	Europe	
854985	47.6134	-122.337	North America	
855546	48.6221	22.2912	Europe	
855696	48.8588	2.34693	Europe	
856015	48.9008	2.39478	Europe	
856332	3.03296	101.654	Asia	
856447	-6.24045	106.834	Asia	
857823	-7.03979	107.582	Asia	
857865	-7.00862	107.609	Asia	
857896	48.8634	2.44634	Europe	
858504	48.9997	2.15393	Europe	
858546	48.7765	1.9801	Europe	
858870	48.1205	-1.65225	Europe	
859505	48.7009	2.445	Europe	
860364	51.515	-0.07138	Europe	
861676	16.2376	-61.6356	North America	
861822	3.82287	103.303	Asia	
862205	45.4218	-73.9645	North America	
862499	3.14853	101.705	Asia	
862553	5.96623	116.091	Asia	
863276	49.3415	1.02125	Europe	
864061	48.776	2.25187	Europe	
864893	48.8164	3.08641	Europe	
865756	48.6936	2.5106	Europe	
866765	-1.2712	116.844	Asia	
866963	48.6928	2.51077	Europe	
867886	42.3144	-70.9703	North America	
868332	45.6971	4.78959	Europe	
868345	45.6971	4.7896	Europe	
868682	41.4087	-8.50005	Europe	
869379	48.8112	2.38384	Europe	
869505	48.9987	2.14956	Europe	
869872	3.11913	101.64	Asia	
869905	3.11913	101.64	Asia	
870635	48.6602	2.57665	Europe	
871829	48.854	2.58175	Europe	
871864	48.8228	2.25398	Europe	
872703	48.7846	2.45243	Europe	
873063	-7.95287	112.639	Asia	
873165	55.6441	37.5206	Europe	
873414	-6.16896	106.827	Asia	
874990	48.7474	2.47729	Europe	
875267	50.631	3.0472	Europe	
875577	-6.15075	106.744	Asia	
875848	48.7781	2.40475	Europe	
876680	48.8588	2.34701	Europe	
876687	48.8644	2.54208	Europe	
876698	48.8588	2.34701	Europe	
877133	48.5845	2.46698	Europe	
877185	48.8306	2.37914	Europe	
877444	48.8907	2.24212	Europe	
877632	43.2795	5.42339	Europe	
880089	-7.2771	112.717	Asia	
881257	48.6189	2.97564	Europe	
881494	55.7559	37.5483	Europe	
881571	45.6217	5.20913	Europe	
881777	48.6955	2.52351	Europe	
884181	48.5421	2.65554	Europe	
884784	48.299	2.39383	Europe	
885681	48.6515	2.37317	Europe	
885705	3.60598	98.7068	Asia	
886179	48.7875	2.33092	Europe	
887201	49.0062	2.19748	Europe	
887433	45.6217	5.2093	Europe	
888920	48.8626	2.21934	Europe	
889388	-7.97656	112.628	Asia	
889456	14.4814	-61.0174	North America	
890684	48.5381	2.62513	Europe	
890780	52.495	-1.88127	Europe	
892095	48.6285	2.58929	Europe	
892945	48.5157	3.71545	Europe	
893047	49.0616	2.69487	Europe	
893199	51.5118	-0.162971	Europe	
893484	48.902	2.39361	Europe	
893656	48.9671	2.31589	Europe	
893668	48.967	2.31585	Europe	
894678	48.6297	2.44188	Europe	
895014	48.9648	2.32302	Europe	
896138	48.6993	2.18261	Europe	
897114	43.7518	7.42184	Europe	
897858	48.9858	2.46036	Europe	
897958	48.7676	2.38984	Europe	
898441	-8.68134	115.235	Asia	
899742	-5.13741	119.493	Asia	
900031	-6.86777	109.125	Asia	
900513	49.0486	2.08581	Europe	
900718	0.748778	124.312	Asia	
900785	48.5846	2.56998	Europe	
900889	48.8333	2.55566	Europe	
901107	48.9366	2.36225	Europe	
901111	48.8016	2.07379	Europe	
901968	48.9978	1.74752	Europe	
903466	48.3064	4.08012	Europe	
904178	48.7715	2.39296	Europe	
904766	49.0289	2.02523	Europe	
905945	-7.97656	112.628	Asia	
906202	48.7715	2.39304	Europe	
906465	48.7127	2.49324	Europe	
907426	48.6293	2.45189	Europe	
907785	48.5303	2.25007	Europe	
907881	4.70524	103.441	Asia	
909816	48.8199	2.31323	Europe	
910359	48.7726	2.0796	Europe	
910862	48.8484	2.5849	Europe	
913117	46.803	1.70319	Europe	
913209	48.9891	2.258	Europe	
913597	48.9006	2.39504	Europe	
913967	3.03585	101.417	Asia	
914124	-6.16939	106.655	Asia	
914291	3.03581	101.417	Asia	
914617	48.7736	1.99674	Europe	
915205	48.8487	2.6312	Europe	
916055	47.9938	-4.10792	Europe	
916981	48.7608	2.47949	Europe	
917013	48.6602	2.57665	Europe	
917290	48.8908	2.37671	Europe	
918549	48.6889	2.5193	Europe	
919519	48.8029	2.31442	Europe	
919963	48.7008	2.39404	Europe	
920143	48.6299	2.5754	Europe	
922089	48.6575	2.34152	Europe	
922141	45.7753	4.92409	Europe	
922358	31.8992	35.0085	Asia	
922430	-7.49913	112.325	Asia	
922740	52.6404	-1.12051	Europe	
925232	-7.65408	111.35	Asia	
925856	48.5606	2.4929	Europe	
927369	48.7855	2.41825	Europe	
927444	58.3788	13.4678	Europe	
927977	0	0	NULL	
928135	48.6602	2.57665	Europe	
928244	60.6647	28.9247	Europe	
928317	48.6016	2.31004	Europe	
929099	-6.16896	106.827	Asia	
929853	49.0016	2.28927	Europe	
930669	-7.8007	110.366	Asia	
930874	-7.78094	110.364	Asia	
931858	48.7091	2.4398	Europe	
932159	0	0	NULL	
932969	-7.32195	110.497	Asia	
933595	-7.97656	112.628	Asia	
933854	3.03296	101.654	Asia	
934471	48.8473	2.32969	Europe	
936169	48.7066	2.43792	Europe	
936419	48.5518	2.65076	Europe	
937618	3.14845	101.705	Asia	
938391	48.8541	2.14241	Europe	
938416	48.7997	2.34264	Europe	
939353	-20.8973	55.4468	Africa	
939735	48.834	2.31637	Europe	
941862	51.4745	-0.129657	Europe	
944607	43.8178	4.35092	Europe	
944685	47.9819	0.195548	Europe	
944802	49.4434	2.0882	Europe	
945030	-6.16896	106.827	Asia	
945065	-7.44856	110.224	Asia	
946239	52.4747	-1.88841	Europe	
946590	48.6255	2.54873	Europe	
947106	48.9081	2.54327	Europe	
947199	48.8485	2.58478	Europe	
947387	49.0486	2.09969	Europe	
947553	48.9858	2.46036	Europe	
948329	48.8396	2.64686	Europe	
948440	33.5178	-112.095	North America	
948663	48.8727	2.38846	Europe	
949061	-7.91187	113.811	Asia	
949460	48.9858	2.46036	Europe	
949833	48.9555	2.53919	Europe	
949888	49.0601	2.68985	Europe	
949995	51.6636	-0.810113	Europe	
950203	42.4205	-73.8614	North America	
950500	-7.97656	112.628	Asia	
951402	-6.16896	106.827	Asia	
951660	-7.2771	112.717	Asia	
952440	54.3842	-3.00504	Europe	
953456	41.122	-75.9529	North America	
953521	48.9525	2.47393	Europe	
954199	48.7851	2.39501	Europe	
954758	48.5606	2.4929	Europe	
954820	48.9033	2.20874	Europe	
954931	48.8869	2.20715	Europe	
955022	48.7816	2.58958	Europe	
955291	48.8311	2.29509	Europe	
956312	-6.29679	106.937	Asia	
956712	48.5846	2.56998	Europe	
956832	48.8093	2.53764	Europe	
956844	48.5846	2.56998	Europe	
956972	-7.97656	112.628	Asia	
957116	2.79658	101.718	Asia	
958273	-37.7366	144.97	Oceania	
958937	49.0374	2.04594	Europe	
959571	48.9081	2.54327	Europe	
960183	45.4507	7.01073	Europe	
960395	48.8588	2.34693	Europe	
960692	41.6854	-72.7632	North America	
961058	-6.86149	107.594	Asia	
961958	3.82881	103.217	Asia	
963064	-6.16896	106.827	Asia	
963647	44.9281	2.44146	Europe	
964054	4.71179	103.401	Asia	
964116	55.833	-4.20803	Europe	
964143	48.8874	2.20723	Europe	
965205	49.0096	2.56178	Europe	
965414	-6.17746	106.706	Asia	
965511	49.0267	2.46772	Europe	
967067	48.8968	2.39383	Europe	
967570	49.054	2.67891	Europe	
967580	49.0542	2.68011	Europe	
968449	49.0542	2.67879	Europe	
969831	2.2879	111.831	Asia	
970541	14.6102	-61.0921	North America	
970792	48.7295	2.44694	Europe	
970883	48.7723	2.49304	Europe	
971321	14.6102	-61.0921	North America	
971705	48.8588	2.34701	Europe	
972521	48.8588	2.34693	Europe	
972735	16.2367	-61.6285	North America	
973455	48.7456	2.47256	Europe	
973853	5.3328	100.303	Asia	
974778	-7.2771	112.717	Asia	
975277	48.898	2.40091	Europe	
976143	48.9517	2.32308	Europe	
976403	49.1062	2.26047	Europe	
976503	48.9458	2.49126	Europe	
976507	48.9458	2.49126	Europe	
978096	-23.6828	-46.5955	South America	
979290	1.13974	104.014	Asia	
979415	14.6161	-61.0394	North America	
979820	39.983	-82.9774	North America	
979956	48.1205	-1.65242	Europe	
980541	46.8052	-100.767	North America	
980773	-6.7243	108.55	Asia	
980890	48.1205	-1.65242	Europe	
980896	48.1205	-1.65242	Europe	
981644	46.8052	-100.767	North America	
981870	-6.7243	108.55	Asia	
981988	48.1205	-1.65242	Europe	
981994	48.1205	-1.65242	Europe	
982596	48.8423	2.81498	Europe	
984170	-7.29068	108.004	Asia	
985046	-7.65408	111.35	Asia	
987940	48.9509	2.44708	Europe	
988957	48.8423	2.81498	Europe	
990547	-7.29068	108.004	Asia	
991440	-7.65408	111.35	Asia	
992434	40.6097	-111.951	North America	
996314	48.9509	2.44708	Europe	
996550	3.58114	98.6436	Asia	
996663	49.0746	2.68002	Europe	
997566	52.4949	-1.88127	Europe	
998255	49.8988	2.28468	Europe	
999234	48.6318	2.53919	Europe	
999284	48.8045	2.62087	Europe	
999657	48.9458	2.49126	Europe	
999757	48.8568	2.53159	Europe	
999920	-6.89691	107.129	Asia	
1000167	48.1205	-1.65244	Europe	
1000195	48.5303	2.25007	Europe	
1001621	48.9731	2.25092	Europe	
1001733	48.7122	2.48139	Europe	
1002425	3.58111	98.6676	Asia	
1003682	1.50756	103.776	Asia	
1003856	19.2755	-99.2646	North America	
1004246	48.9374	2.17431	Europe	
1004611	48.7944	2.60165	Europe	
1004827	33.7437	-84.3484	North America	
1005027	33.9819	-117.32	North America	
1005547	48.5145	2.50785	Europe	
1005929	-7.74522	110.409	Asia	
1006048	51.4554	-1.01306	Europe	
1006058	49.0488	2.01028	Europe	
1006184	39.1713	-86.4991	North America	
1006318	-6.90558	107.626	Asia	
1006339	0	0	NULL	
1006586	48.8569	2.49926	Europe	
1007126	35.762	-109.047	North America	
1007494	56.1107	-3.32511	Europe	
1007842	45.5313	10.2029	Europe	
1007949	-19.9187	-43.9598	South America	
1007985	50.631	3.0472	Europe	
1008027	43.5946	1.37194	Europe	
1009090	49.0367	2.33393	Europe	
1009203	-1.27144	36.8123	Africa	
1009757	-6.11766	106.906	Asia	
1010148	2.20133	102.248	Asia	
1010307	6.11019	102.265	Asia	
1010520	-6.90558	107.626	Asia	
1010566	44.2055	0.624839	Europe	
1011671	48.7471	2.48987	Europe	
1011914	48.6928	2.51073	Europe	
1011979	43.7266	7.41461	Europe	
1012137	34.206	-118.388	North America	
1012245	-22.8513	-42.0344	South America	
1012257	48.9858	2.46036	Europe	
1012746	48.8896	2.45198	Europe	
1013595	-8.0436	-34.9394	South America	
1013786	50.8672	4.28315	Europe	
1013977	48.8985	2.39127	Europe	
1014164	48.7439	2.4894	Europe	
1014167	48.7439	2.48941	Europe	
1014681	48.7318	2.30963	Europe	
1015365	48.8726	2.31053	Europe	
1015514	47.8515	3.57711	Europe	
1015648	48.8988	2.29562	Europe	
1016392	48.7702	2.28682	Europe	
1017170	-2.42837	106.432	Asia	
1017261	48.7681	2.48829	Europe	
1017293	48.6888	2.51938	Europe	
1017915	48.9243	2.02711	Europe	
1018371	-36.7374	-71.0353	South America	
1018418	48.8824	2.45711	Europe	
1020969	39.2847	-76.6205	North America	
1021282	48.6832	2.16698	Europe	
1021546	48.6602	2.57665	Europe	
1021849	48.7637	2.48424	Europe	
1022467	49.06	2.6043	Europe	
1022566	48.8825	2.45707	Europe	
1023118	52.0692	4.32203	Europe	
1023784	48.7391	2.49179	Europe	
1023789	48.6602	2.57665	Europe	
1023874	48.7788	1.98302	Europe	
1024947	48.7216	0.83999	Europe	
1025414	-7.2771	112.717	Asia	
1025436	48.7568	2.43389	Europe	
1025441	48.8026	2.42629	Europe	
1025473	48.8623	2.34583	Europe	
1025939	-7.15262	111.583	Asia	
1026175	48.8898	2.37094	Europe	
1026355	33.3942	-112.094	North America	
1026385	14.6285	-61.0261	North America	
1026406	33.8512	-118.176	North America	
1027132	48.8851	2.3673	Europe	
1027275	48.8859	2.35944	Europe	
1027319	48.7998	2.49222	Europe	
1027594	51.131	-113.945	North America	
1027745	46.2056	6.44306	Europe	
1027780	46.193	6.43692	Europe	
1028320	34.0209	-118.211	North America	
1028352	48.9938	1.8115	Europe	
1028420	48.7848	2.40672	Europe	
1028981	49.03	2.47124	Europe	
1029081	-0.964271	100.397	Asia	
1029307	-7.12959	111.743	Asia	
1029496	-8.17738	113.712	Asia	
1030487	48.7932	2.31668	Europe	
1030849	49.0069	2.31711	Europe	
1031105	47.9119	1.92419	Europe	
1031464	48.654	2.39348	Europe	
1031783	48.8821	2.36992	Europe	
1032656	48.9877	1.91135	Europe	
1032898	49.1231	2.3832	Europe	
1033141	48.9458	2.49126	Europe	
1033776	25.5968	-107.963	North America	
1033862	48.5847	2.47815	Europe	
1033904	48.8571	2.39269	Europe	
1034085	19.6347	-98.9082	North America	
1034113	48.7372	3.20064	Europe	
1034124	48.737	3.20059	Europe	
1034143	48.7371	3.2006	Europe	
1034164	29.4105	-98.5686	North America	
1034198	48.737	3.20063	Europe	
1034545	48.8119	2.34277	Europe	
1034608	46.5831	0.34654	Europe	
1034763	14.6166	-60.9908	North America	
1034775	2.23204	102.243	Asia	
1034965	48.7439	2.48951	Europe	
1036954	48.7555	2.7001	Europe	
1037282	-7.2771	112.717	Asia	
1038137	48.7391	2.44937	Europe	
1038690	37.8448	-92.1463	North America	
1038889	3.58459	98.6674	Asia	
1039433	47.88	1.90699	Europe	
1039530	3.13032	101.494	Asia	
1039699	48.1193	0.0103691	Europe	
1039774	48.8119	2.34277	Europe	
1040344	46.7222	7.06125	Europe	
1040560	48.383	31.1814	Europe	
1040565	48.9343	2.29254	Europe	
1040599	48.8823	2.48984	Europe	
1040648	48.6602	2.57665	Europe	
1040982	43.4839	-1.49374	Europe	
1041422	48.9077	2.44328	Europe	
1041873	48.9458	2.49126	Europe	
1042214	48.8773	2.40789	Europe	
1042529	48.7003	6.25532	Europe	
1042543	3.14853	101.705	Asia	
1043702	44.796	-0.65205	Europe	
1043782	-6.27577	106.876	Asia	
1043819	-2.56954	140.527	Asia	
1044272	53.0138	18.6013	Europe	
1044499	14.6143	-61.0519	North America	
1044502	14.5997	-60.9992	North America	
1044652	61.2027	-149.754	North America	
1044718	48.6297	2.44188	Europe	
1045552	51.6045	-0.391275	Europe	
1045622	48.7766	2.07647	Europe	
1045629	52.8323	-9.43962	Europe	
1045661	3.35359	101.253	Asia	
1045910	40.0675	-79.8931	North America	
1046009	48.8053	2.49884	Europe	
1046055	48.8898	2.45195	Europe	
1046237	45.6457	0.145144	Europe	
1046463	48.6748	2.37927	Europe	
1046690	41.7022	-87.6616	North America	
1047382	40.6997	-111.954	North America	
1047768	50.6318	5.58511	Europe	
1047780	48.9438	2.32878	Europe	
1047883	52.5503	-2.08168	Europe	
1048557	45.4864	-73.8041	North America	
1048733	-6.22398	106.957	Asia	
1048958	43.0081	-83.742	North America	
1049058	-7.1952	108.182	Asia	
1049138	48.9488	2.3745	Europe	
1049227	37.7076	-122.125	North America	
1049541	47.3498	-123.076	North America	
1049562	33.6017	-7.60975	Africa	
1049567	35.684	-81.991	North America	
1049876	48.8588	2.34693	Europe	
1049892	36.2643	-115.233	North America	
1050154	28.0353	-82.3527	North America	
1050237	33.8923	-118.003	North America	
1050350	48.7801	2.46013	Europe	
1050472	48.3421	-122.671	North America	
1050713	38.0034	-79.4209	North America	
1051132	39.0047	-77.0397	North America	
1051353	48.541	2.5291	Europe	
1051512	37.8114	-122.263	North America	
1051879	48.9651	2.34318	Europe	
1052276	48.9341	2.29236	Europe	
1052511	49.0364	2.19982	Europe	
1052785	56.14	-3.20243	Europe	
1053171	5.40219	-3.99103	Africa	
1054646	26.6294	-80.212	North America	
1054684	43.0867	-87.9121	North America	
1054689	43.0867	-87.9121	North America	
1055163	2.24634	102.215	Asia	
1055481	3.11106	101.632	Asia	
1055835	48.8353	2.6353	Europe	
1056197	48.7784	2.36296	Europe	
1056250	49.06	2.60428	Europe	
1056469	49.0598	2.60431	Europe	
1056531	50.9167	4.36212	Europe	
1056544	50.9167	4.36212	Europe	
1056550	50.9167	4.36212	Europe	
1056562	50.9167	4.36212	Europe	
1056565	50.9167	4.36212	Europe	
1056569	48.6297	2.44188	Europe	
1056631	48.9514	2.56798	Europe	
1056828	48.9402	2.16302	Europe	
1057166	48.8986	2.39124	Europe	
1057348	48.6551	2.37606	Europe	
1057720	48.9082	2.3882	Europe	
1057731	48.9082	2.3881	Europe	
1058242	3.03296	101.654	Asia	
1059263	48.9858	2.46036	Europe	
1059284	52.3834	13.1196	Europe	
1059293	-23.6343	-46.764	South America	
1059477	48.6597	2.37278	Europe	
1059487	43.2607	-79.9135	North America	
1059664	47.6184	-122.35	North America	
1059670	42.9179	-78.7984	North America	
1059674	48.8949	2.38115	Europe	
1059687	43.5884	-84.7801	North America	
1059759	42.1087	140.576	Asia	
1060105	43.0872	-87.912	North America	
1060181	45.189	5.71544	Europe	
1060353	48.5846	2.47831	Europe	
1060388	47.0877	-122.32	North America	
1060515	-37.7167	145.009	Oceania	
1060619	45.2482	-75.8001	North America	
1061001	48.9463	2.14236	Europe	
1061083	48.8588	2.34693	Europe	
1061309	34.0889	-117.966	North America	
1061321	47.6205	-122.349	North America	
1061631	33.9827	-117.328	North America	
1061768	48.6124	2.8883	Europe	
1062139	51.3047	-0.66107	Europe	
1062182	-6.64433	106.781	Asia	
1063252	42.2388	-84.4078	North America	
1063753	1.27938	124.889	Asia	
1063764	1.27604	124.89	Asia	
1063768	1.27661	124.888	Asia	
1063912	37.3993	-5.9424	Europe	
1064211	3.14853	101.705	Asia	
1064945	48.8984	2.39131	Europe	
1065471	1.42821	124.977	Asia	
1065692	50.631	3.0472	Europe	
1065782	48.9864	2.36797	Europe	
1065793	43.5944	1.37204	Europe	
1066322	48.8317	2.53822	Europe	
1066326	48.8317	2.53823	Europe	
1066567	-6.4721	106.858	Asia	
1066744	3.66668	98.6712	Asia	
1067789	5.0294	118.332	Asia	
1068073	30.4588	-91.0466	North America	
1068398	38.2627	-121.264	North America	
1068896	-7.42272	109.25	Asia	
1068970	0	0	NULL	
1069028	48.9622	2.33343	Europe	
1069523	48.8844	2.46968	Europe	
1069612	45.6246	5.17448	Europe	
1069937	48.6831	2.16664	Europe	
1070868	48.7891	2.23139	Europe	
1071789	32.3795	-95.3224	North America	
1071802	36.7061	-85.1396	North America	
1072197	17.405	78.4115	Asia	
1072251	43.0574	-88.0455	North America	
1072311	40.8136	-73.8839	North America	
1072814	29.1627	-82.1681	North America	
1072849	32.5406	-85.8235	North America	
1073075	30.5076	-91.1374	North America	
1073181	46.9709	-122.508	North America	
1073375	37.7703	-122.436	North America	
1073412	48.8364	2.32345	Europe	
1073472	37.7703	-122.436	North America	
1073510	48.8364	2.32345	Europe	
1074093	39.3197	-76.5991	North America	
1074648	39.3197	-76.5991	North America	
1074665	50.6074	3.0388	Europe	
1074673	-26.0681	27.9755	Africa	
1074730	43.097	-87.9124	North America	
1075035	41.5641	-71.4715	North America	
1075044	43.0872	-87.9119	North America	
1075045	43.0872	-87.9119	North America	
1075046	43.0872	-87.9119	North America	
1075055	48.8758	2.40078	Europe	
1075535	48.8918	2.45785	Europe	
1075889	48.8852	2.36731	Europe	
1076208	16.0626	-61.5694	North America	
1076232	50.9361	1.88713	Europe	
1076683	48.7529	2.50557	Europe	
1077095	-6.15779	106.761	Asia	
1077250	5.92056	102.242	Asia	
1077412	-7.97656	112.628	Asia	
1077777	48.5846	2.56998	Europe	
1078152	48.8064	2.0576	Europe	
1078969	27.7779	-82.6292	North America	
1080227	48.4025	2.97198	Europe	
1080429	48.8119	2.34277	Europe	
1081007	48.6115	2.45409	Europe	
1081500	48.7439	2.48948	Europe	
1081504	48.7748	2.02979	Europe	
1081592	51.3978	-0.142611	Europe	
1082142	48.7439	2.48949	Europe	
1082231	48.8988	2.42956	Europe	
1082910	29.6933	-95.597	North America	
1083017	48.744	2.5066	Europe	
1083290	48.6361	2.42073	Europe	
1083335	-3.64044	102.574	Asia	
1083434	48.9374	2.30062	Europe	
1083608	48.8596	2.45124	Europe	
1084140	-6.16896	106.827	Asia	
1084178	-6.16896	106.827	Asia	
1084674	41.1416	-81.5152	North America	
1085193	34.7017	-118.115	North America	
1085304	-7.7612	110.373	Asia	
1085306	-7.7612	110.373	Asia	
1085947	48.9339	2.29221	Europe	
1086604	48.9128	2.55062	Europe	
1086802	48.9846	2.2391	Europe	
1087034	49.0062	2.19749	Europe	
1088110	44.8061	-0.591853	Europe	
1088310	50.7003	3.16647	Europe	
1088415	48.8931	2.25524	Europe	
1090183	41.7308	-88.0445	North America	
