Tweet Id 	 Latitude 	 Longitude 	 Continent
689	40.5626	-112.296	North America	
829	-6.98072	110.405	Asia	
1845	49.1994	-122.913	North America	
1900	49.1994	-122.913	North America	
2565	0	0	NULL	
2600	-23.8308	-46.8122	South America	
2938	51.5207	-0.142822	Europe	
2957	40.7809	-73.9772	North America	
3147	51.5207	-0.142822	Europe	
3970	51.5207	-0.142822	Europe	
4196	51.5207	-0.142822	Europe	
5511	52.0526	4.30879	Europe	
7090	51.5207	-0.142822	Europe	
9030	0.508334	101.419	Asia	
10384	52.0346	4.33145	Europe	
12138	53.3934	-2.91859	Europe	
12172	39.4207	26.8072	Asia	
13430	51.5207	-0.142822	Europe	
13741	1.00185	116.394	Asia	
13854	37.0271	-76.3834	North America	
13870	26.1801	-80.1565	North America	
14036	42.4651	-83.5272	North America	
14317	39.1843	-77.2337	North America	
15275	0	0	NULL	
15423	-6.28588	107.363	Asia	
15686	51.5207	-0.142822	Europe	
15826	-2.02356	105.24	Asia	
15843	-2.02356	105.24	Asia	
17034	51.5207	-0.142822	Europe	
17347	-7.54907	110.787	Asia	
17625	51.5207	-0.142822	Europe	
17979	-6.28588	107.363	Asia	
18192	-6.9958	110.428	Asia	
18276	-29.9006	30.9726	Africa	
21244	-5.14549	119.402	Asia	
21502	51.9624	6.25111	Europe	
21716	0	0	NULL	
21780	51.5207	-0.142822	Europe	
22643	56.6583	12.7628	Europe	
24176	-36.7374	-71.0353	South America	
26044	29.8907	-93.9284	North America	
27444	-6.29024	106.781	Asia	
27903	46.1956	6.13926	Europe	
28258	-7.9725	112.629	Asia	
29304	3.18752	101.533	Asia	
29350	45.0221	-93.2707	North America	
29743	51.5207	-0.142822	Europe	
29767	48.9458	2.49126	Europe	
30708	-6.21871	106.604	Asia	
31678	49.1994	-122.913	North America	
32111	41.3298	-72.9359	North America	
32343	52.5055	4.86152	Europe	
33451	51.5207	-0.142822	Europe	
33553	51.0535	3.73038	Europe	
33709	1.45643	124.816	Asia	
33852	-6.90558	107.626	Asia	
34083	51.5207	-0.142822	Europe	
34150	39.4207	26.8072	Asia	
34809	49.1994	-122.913	North America	
35034	-6.90558	107.626	Asia	
35126	-6.90558	107.626	Asia	
35418	-7.9725	112.629	Asia	
35468	51.5207	-0.142822	Europe	
35659	37.7587	-122.235	North America	
36024	5.32964	103.141	Asia	
36466	-6.16896	106.827	Asia	
36598	48.8121	2.50969	Europe	
37371	51.5207	-0.142822	Europe	
37599	-5.17482	119.46	Asia	
37868	-6.16896	106.827	Asia	
38187	-6.23597	106.988	Asia	
39409	38.2753	24.508	Europe	
39727	51.5207	-0.142822	Europe	
39922	44.4834	11.3747	Europe	
41182	-25.4951	-49.2884	South America	
42718	3.14845	101.705	Asia	
43625	39.4207	26.8072	Asia	
44073	19.5442	-99.1651	North America	
45261	49.1994	-122.913	North America	
46267	41.0428	28.8948	Asia	
46324	54.6851	-1.79769	Europe	
46380	54.6851	-1.79769	Europe	
47880	40.651	-73.8712	North America	
48214	-6.4191	106.829	Asia	
48651	-7.97656	112.628	Asia	
51405	-0.869174	100.434	Asia	
51435	-0.869174	100.434	Asia	
51820	38.8936	-77.0146	North America	
52014	51.5207	-0.142822	Europe	
53181	49.1994	-122.913	North America	
54682	41.3156	69.2831	Asia	
56868	-8.63314	115.245	Asia	
59526	49.3294	8.43412	Europe	
59756	52.2317	5.16053	Europe	
60340	51.5207	-0.142822	Europe	
60731	51.5207	-0.142822	Europe	
61633	-6.17812	106.608	Asia	
63311	48.9338	2.34599	Europe	
63390	39.4207	26.8072	Asia	
63401	51.5207	-0.142822	Europe	
64397	51.5207	-0.142822	Europe	
65368	48.6563	2.35137	Europe	
65661	41.3747	-72.1604	North America	
65943	48.383	31.1814	Europe	
66895	51.5207	-0.142822	Europe	
67233	55.7559	37.5483	Europe	
68404	35.4854	-82.4954	North America	
68761	36.1705	-115.064	North America	
69044	-6.47197	106.839	Asia	
69261	51.5207	-0.142822	Europe	
70976	3.14853	101.705	Asia	
71318	39.4207	26.8072	Asia	
72081	21.8495	-102.327	North America	
73490	-6.2657	106.882	Asia	
73590	-7.30713	110.124	Asia	
73616	1.74794	101.469	Asia	
75627	3.14845	101.705	Asia	
75706	-1.86468	106.12	Asia	
75750	-6.18622	106.637	Asia	
76299	51.5207	-0.142822	Europe	
77990	51.5207	-0.142822	Europe	
78100	51.5207	-0.142822	Europe	
79356	48.798	2.30929	Europe	
80514	41.817	-71.4212	North America	
80920	52.5008	6.09326	Europe	
81783	-2.16561	-79.9084	South America	
81865	-26.8274	-48.7225	South America	
81952	43.6814	-79.7831	North America	
82093	51.5207	-0.142822	Europe	
82840	-7.80545	110.369	Asia	
83455	48.9547	2.23252	Europe	
84521	-6.80949	107.636	Asia	
85708	51.5207	-0.142822	Europe	
85974	41.5093	-87.6831	North America	
86411	-30.0997	-51.1593	South America	
86741	51.5207	-0.142822	Europe	
86980	51.8213	4.79863	Europe	
87003	2.94886	101.77	Asia	
88761	-5.41037	105.189	Asia	
89000	43.7585	10.7745	Europe	
90517	33.7678	-84.4181	North America	
91829	-6.18622	106.637	Asia	
92123	52.3393	5.51529	Europe	
92338	38.8778	-99.3181	North America	
93111	51.5207	-0.142822	Europe	
93471	-6.28588	107.363	Asia	
93617	51.5207	-0.142822	Europe	
93810	41.3766	2.14615	Europe	
94014	51.5207	-0.142822	Europe	
94601	33.9169	-117.211	North America	
95006	33.7609	-84.114	North America	
95208	-6.2623	106.588	Asia	
96360	51.5207	-0.142822	Europe	
97203	51.9227	4.62547	Europe	
97520	19.3284	-99.1525	North America	
98044	-8.70242	115.168	Asia	
98247	34.3815	-83.8725	North America	
99709	51.5207	-0.142822	Europe	
101466	51.5207	-0.142822	Europe	
102108	51.5207	-0.142822	Europe	
103151	52.0868	5.24926	Europe	
105817	57.11	24.971	Europe	
106538	25.7267	-80.4295	North America	
107715	51.5207	-0.142822	Europe	
108827	-36.7374	-71.0353	South America	
108953	51.1752	4.45831	Europe	
109241	5.33263	100.305	Asia	
109808	51.5207	-0.142822	Europe	
110376	0.519481	101.472	Asia	
110692	40.651	-73.8712	North America	
112982	40.1936	-85.3706	North America	
113092	37.7862	-122.396	North America	
113341	39.4207	26.8072	Asia	
113465	51.5207	-0.142822	Europe	
113544	49.1994	-122.913	North America	
113593	51.5207	-0.142822	Europe	
114004	37.7863	-122.396	North America	
115710	47.7321	-1.96704	Europe	
116835	51.5207	-0.142822	Europe	
118513	-5.47137	105.278	Asia	
118543	-2.9167	104.714	Asia	
118910	28.6284	-81.3204	North America	
120171	51.5207	-0.142822	Europe	
120604	44.4121	12.1921	Europe	
121349	-6.34316	106.218	Asia	
122188	-6.31042	106.899	Asia	
122442	51.5207	-0.142822	Europe	
122842	-7.98414	112.636	Asia	
123082	51.5207	-0.142822	Europe	
123927	36.2329	-115.238	North America	
124166	51.5207	-0.142822	Europe	
124334	30.4602	-91.1116	North America	
124697	-23.6828	-46.5955	South America	
126562	51.5207	-0.142822	Europe	
127148	51.5207	-0.142822	Europe	
127720	49.1994	-122.913	North America	
127971	-6.39289	106.762	Asia	
128584	38.9637	35.2433	Asia	
128984	-3.76091	102.297	Asia	
129084	19.3284	-99.1525	North America	
129413	40.3817	-79.8099	North America	
131008	51.5207	-0.142822	Europe	
131981	53.1548	-6.81535	Europe	
132114	-26.1893	28.0136	Africa	
132120	-26.1893	28.0136	Africa	
132363	51.5207	-0.142822	Europe	
132449	51.5207	-0.142822	Europe	
132740	51.5207	-0.142822	Europe	
135012	51.5207	-0.142822	Europe	
135641	48.7931	2.4827	Europe	
136126	51.5207	-0.142822	Europe	
137996	-25.395	-54.6406	South America	
138575	49.1994	-122.913	North America	
139455	51.5207	-0.142822	Europe	
139903	45.6763	10.405	Europe	
140073	35.1406	-76.8454	North America	
140141	51.5207	-0.142822	Europe	
140796	48.2837	6.95004	Europe	
144569	51.5207	-0.142822	Europe	
145302	51.5207	-0.142822	Europe	
145355	-1.60227	103.607	Asia	
146089	51.5207	-0.142822	Europe	
146362	51.1252	-114.185	North America	
149658	-6.97892	110.385	Asia	
150539	51.5207	-0.142822	Europe	
150563	3.58111	98.6676	Asia	
151095	51.5207	-0.142822	Europe	
152005	51.5207	-0.142822	Europe	
152063	40.4664	-80.0284	North America	
152321	38.1209	13.3443	Europe	
152739	41.3255	-74.167	North America	
154302	47.0191	28.8442	Europe	
155661	51.5207	-0.142822	Europe	
156258	-7.9725	112.629	Asia	
157091	51.5207	-0.142822	Europe	
157267	-7.97656	112.628	Asia	
157459	41.542	-88.1411	North America	
157737	-2.2212	113.909	Asia	
158258	51.5207	-0.142822	Europe	
158311	34.0012	-81.0167	North America	
158722	51.5207	-0.142822	Europe	
159838	-6.19076	106.875	Asia	
159840	-6.19076	106.875	Asia	
160010	-7.62612	111.522	Asia	
161167	48.2328	-4.26413	Europe	
163513	38.8186	-76.891	North America	
164292	51.5207	-0.142822	Europe	
165303	39.2846	-76.6205	North America	
165456	43.7986	11.2147	Europe	
165795	51.5207	-0.142822	Europe	
167322	51.5207	-0.142822	Europe	
167746	42.465	-70.9615	North America	
167791	-0.89871	119.862	Asia	
168972	48.7509	2.29767	Europe	
169199	51.5207	-0.142822	Europe	
169484	51.5207	-0.142822	Europe	
169876	-7.30713	110.124	Asia	
170182	-15.7763	-47.7966	South America	
171095	-7.97656	112.628	Asia	
174649	48.8473	2.28557	Europe	
174700	32.7978	-117.232	North America	
175369	5.95791	116.073	Asia	
175567	34.7544	-77.334	North America	
175985	35.1295	-90.0268	North America	
176179	33.6823	-117.653	North America	
176223	32.8247	-79.9705	North America	
176947	45.7377	8.96869	Europe	
178397	-3.81995	102.291	Asia	
178852	0.526683	101.447	Asia	
180491	51.5207	-0.142822	Europe	
180592	52.7529	6.95947	Europe	
180635	-7.2771	112.717	Asia	
180745	51.5207	-0.142822	Europe	
181226	51.5207	-0.142822	Europe	
181725	18.106	-92.8581	North America	
181753	51.9644	6.30746	Europe	
182826	-6.38906	106.766	Asia	
182828	-6.38906	106.766	Asia	
183253	39.4207	26.8072	Asia	
183394	-6.16896	106.827	Asia	
186998	-6.30271	106.821	Asia	
187133	52.3548	4.90405	Europe	
187729	51.5207	-0.142822	Europe	
187847	51.5207	-0.142822	Europe	
189094	38.0349	-84.5088	North America	
189843	-23.6828	-46.5955	South America	
190963	44.3992	-122.702	North America	
190976	49.1994	-122.913	North America	
190978	49.1994	-122.913	North America	
191893	38.8048	-77.237	North America	
192270	51.5207	-0.142822	Europe	
192524	37.5394	-122.282	North America	
193715	25.81	-80.1401	North America	
194695	51.5207	-0.142822	Europe	
195095	-7.26133	112.745	Asia	
195570	1.86117	104.63	Asia	
195933	36.8173	-76.3821	North America	
196645	51.5207	-0.142822	Europe	
196741	-1.27293	-48.4598	South America	
197224	51.1689	7.65501	Europe	
198709	-7.9725	112.629	Asia	
198879	-7.9725	112.629	Asia	
199203	51.5207	-0.142822	Europe	
199338	-7.2771	112.717	Asia	
201715	51.5207	-0.142822	Europe	
203291	2.04811	103.382	Asia	
203780	-7.04778	110.458	Asia	
203898	51.5207	-0.142822	Europe	
203976	42.3527	-83.0992	North America	
205554	47.2611	39.628	Europe	
205754	-9.94966	-67.8349	South America	
206054	53.2109	5.67335	Europe	
206197	41.1929	-96.1267	North America	
206666	-6.32615	106.736	Asia	
206750	-6.75221	111.022	Asia	
207281	51.5207	-0.142822	Europe	
209411	53.2218	6.56477	Europe	
209735	1.00185	116.394	Asia	
210401	39.028	-95.575	North America	
211546	38.8048	-77.237	North America	
212441	52.1267	1.40085	Europe	
213177	51.5207	-0.142822	Europe	
213633	19.368	-99.2031	North America	
213891	-41.4429	147.132	Oceania	
213973	25.7824	-80.2295	North America	
214507	-7.78094	110.364	Asia	
214617	51.5207	-0.142822	Europe	
215005	48.8639	2.31312	Europe	
215131	-1.62059	103.576	Asia	
216093	-23.6828	-46.5955	South America	
216328	-4.12598	104.17	Asia	
217225	51.5207	-0.142822	Europe	
217477	51.5207	-0.142822	Europe	
217729	51.5207	-0.142822	Europe	
217817	51.5207	-0.142822	Europe	
217946	49.353	6.15883	Europe	
219135	-6.27566	106.876	Asia	
219465	-6.12986	106.887	Asia	
219905	40.7695	-73.9676	North America	
221749	51.5207	-0.142822	Europe	
222076	-7.97656	112.628	Asia	
222397	51.5207	-0.142822	Europe	
222600	51.5207	-0.142822	Europe	
224768	-3.81995	102.291	Asia	
225885	-7.9725	112.629	Asia	
227051	33.7678	-84.4181	North America	
228579	-6.19351	106.807	Asia	
230049	33.9674	-118.422	North America	
231899	-7.9725	112.629	Asia	
232965	51.5207	-0.142822	Europe	
233053	51.5207	-0.142822	Europe	
233632	51.5207	-0.142822	Europe	
235479	51.5207	-0.142822	Europe	
235741	51.5207	-0.142822	Europe	
235859	51.5207	-0.142822	Europe	
236141	51.5207	-0.142822	Europe	
236375	3.03296	101.654	Asia	
236683	55.7559	37.5483	Europe	
237540	-6.16896	106.827	Asia	
237666	-1.6022	103.608	Asia	
239899	39.1475	-77.1721	North America	
240295	51.5207	-0.142822	Europe	
240951	51.5207	-0.142822	Europe	
241042	1.4416	103.791	Asia	
241505	-6.4169	107.482	Asia	
242013	33.804	-118.19	North America	
242435	-6.16896	106.827	Asia	
243215	-7.26133	112.745	Asia	
244412	51.5207	-0.142822	Europe	
245168	-1.60217	103.609	Asia	
247374	52.0625	4.48642	Europe	
247415	-6.3173	106.731	Asia	
248078	-34.1623	24.8286	Africa	
248193	51.5117	-0.162971	Europe	
248903	38.5359	-75.5561	North America	
251219	-26.1886	28.0174	Africa	
253175	51.5207	-0.142822	Europe	
253900	19.3495	-99.0523	North America	
254073	-0.932428	100.364	Asia	
255479	51.5207	-0.142822	Europe	
255738	5.39716	100.315	Asia	
256986	-6.12843	106.263	Asia	
257467	51.5207	-0.142822	Europe	
258339	-6.12996	106.876	Asia	
260509	49.1994	-122.913	North America	
260655	49.1994	-122.913	North America	
260738	38.9637	35.2433	Asia	
260797	38.9637	35.2433	Asia	
263205	-8.69249	115.225	Asia	
263247	10.9204	-68.3812	South America	
263932	48.8128	1.94829	Europe	
264915	-33.4454	-70.6231	South America	
265908	31.7403	-106.315	North America	
266285	39.4207	26.8072	Asia	
266447	-22.916	-43.4474	South America	
268166	-23.3552	-47.9037	South America	
269127	47.4815	-122.196	North America	
269129	51.5207	-0.142822	Europe	
269976	51.5207	-0.142822	Europe	
270271	49.1994	-122.913	North America	
271631	39.4207	26.8072	Asia	
272431	-36.7374	-71.0353	South America	
273315	43.0473	-75.3814	North America	
275411	-6.36133	106.834	Asia	
275844	32.335	-95.2833	North America	
276707	3.05122	101.559	Asia	
278136	51.5207	-0.142822	Europe	
278228	44.105	-79.4658	North America	
278978	51.5207	-0.142822	Europe	
278997	51.5207	-0.142822	Europe	
279026	51.5207	-0.142822	Europe	
279227	38.968	-76.9713	North America	
279646	-6.17373	106.825	Asia	
279704	-6.17391	106.825	Asia	
280265	-6.90558	107.626	Asia	
280327	3.12433	101.684	Asia	
280445	39.7643	-104.855	North America	
280543	51.5207	-0.142822	Europe	
281066	33.6245	-80.9266	North America	
281996	-6.22393	106.75	Asia	
283948	33.8995	-118.111	North America	
284698	38.9637	35.2433	Asia	
285226	-6.1836	106.825	Asia	
286748	45.7821	-64.8824	North America	
286764	45.7821	-64.8824	North America	
287608	-0.87115	119.891	Asia	
287880	51.2606	4.35816	Europe	
288018	-7.9725	112.629	Asia	
289458	39.4207	26.8072	Asia	
289922	-7.97656	112.628	Asia	
289948	-7.97656	112.628	Asia	
290907	37.7703	-122.436	North America	
291841	60.7218	28.7527	Europe	
292449	38.9512	-76.747	North America	
292859	37.5245	-77.4932	North America	
292955	51.5207	-0.142822	Europe	
293461	51.5207	-0.142822	Europe	
294673	51.5207	-0.142822	Europe	
295001	51.5207	-0.142822	Europe	
295456	48.8491	2.81662	Europe	
296358	52.7256	5.69742	Europe	
298276	-1.05807	-80.477	South America	
298954	51.5207	-0.142822	Europe	
300486	51.5207	-0.142822	Europe	
300583	41.5239	-81.5266	North America	
300750	20.0649	-99.3017	North America	
300869	51.5207	-0.142822	Europe	
301038	1.04857	104.418	Asia	
301509	51.5207	-0.142822	Europe	
302301	51.5207	-0.142822	Europe	
302319	51.5207	-0.142822	Europe	
303952	-22.5918	-47.3616	South America	
304576	-2.15629	-79.9344	South America	
305123	28.3267	-82.6147	North America	
306642	51.5207	-0.142822	Europe	
307546	-26.2617	-48.9665	South America	
308687	51.5207	-0.142822	Europe	
308900	-22.1994	-55.544	South America	
310314	-22.442	-44.5232	South America	
311157	39.7379	-86.1518	North America	
311418	1.47203	124.832	Asia	
311668	-2.95562	104.738	Asia	
312000	49.1994	-122.913	North America	
312080	49.1994	-122.913	North America	
312765	51.5207	-0.142822	Europe	
313012	51.5207	-0.142822	Europe	
314873	-7.97656	112.628	Asia	
315714	3.14853	101.705	Asia	
316608	-6.13565	106.848	Asia	
317041	-6.18622	106.637	Asia	
318566	51.5207	-0.142822	Europe	
319186	33.7235	-84.729	North America	
320103	51.5207	-0.142822	Europe	
320157	51.5207	-0.142822	Europe	
320174	51.5207	-0.142822	Europe	
321405	1.34112	102.155	Asia	
321699	-7.54717	110.816	Asia	
321988	51.5207	-0.142822	Europe	
322302	3.03297	101.654	Asia	
322381	-6.16896	106.827	Asia	
322417	-6.16896	106.827	Asia	
323447	51.5207	-0.142822	Europe	
324143	-6.15873	106.782	Asia	
324454	-36.7374	-71.0353	South America	
325173	3.05122	101.559	Asia	
325457	41.065	-85.1273	North America	
325829	-36.7374	-71.0353	South America	
326122	51.5207	-0.142822	Europe	
328864	3.14845	101.705	Asia	
329759	-26.3749	25.4619	Africa	
329764	-6.15929	106.778	Asia	
330474	52.2888	5.59865	Europe	
331059	0.631816	101.416	Asia	
331450	-1.31638	36.7879	Africa	
331759	51.5207	-0.142822	Europe	
331867	40.2659	-7.5764	Europe	
332035	51.5207	-0.142822	Europe	
332137	45.7012	4.88058	Europe	
332147	-6.92591	107.668	Asia	
335060	51.5207	-0.142822	Europe	
335486	40.6974	-73.9797	North America	
335834	51.5207	-0.142822	Europe	
336947	-6.15075	106.744	Asia	
338266	53.4342	-2.98565	Europe	
338732	51.5207	-0.142822	Europe	
338961	-7.9725	112.629	Asia	
339636	-34.9744	-71.2202	South America	
340008	48.7942	2.31893	Europe	
342673	51.5207	-0.142822	Europe	
342742	48.7093	2.38444	Europe	
343238	51.5207	-0.142822	Europe	
344217	51.5207	-0.142822	Europe	
345406	3.89572	103.077	Asia	
345616	-6.32651	106.736	Asia	
346436	51.5207	-0.142822	Europe	
347042	-8.71604	115.169	Asia	
347200	-8.71658	115.173	Asia	
347225	-6.31349	106.714	Asia	
347643	-7.97656	112.628	Asia	
348204	-6.9958	110.428	Asia	
349382	51.5207	-0.142822	Europe	
350030	-7.53942	110.707	Asia	
351317	48.8588	2.34693	Europe	
352336	39.4207	26.8072	Asia	
353097	3.14845	101.705	Asia	
353231	51.5207	-0.142822	Europe	
354394	44.2151	20.9238	Europe	
354734	40.6974	-73.9797	North America	
354840	3.14845	101.705	Asia	
355342	-15.4552	-55.8425	South America	
355649	41.8191	12.7063	Europe	
355751	51.5207	-0.142822	Europe	
355864	36.2768	-6.07974	Europe	
356132	51.5207	-0.142822	Europe	
357721	-7.78094	110.364	Asia	
361059	51.5207	-0.142822	Europe	
361435	26.226	-98.2567	North America	
362646	55.7559	37.5483	Europe	
362818	51.5207	-0.142822	Europe	
363480	33.8029	-84.2865	North America	
363523	43.2365	-86.2565	North America	
364054	29.5862	-95.6384	North America	
364064	38.7447	-77.487	North America	
364394	-7.77586	110.458	Asia	
365432	51.5207	-0.142822	Europe	
365481	-5.14383	119.426	Asia	
365511	51.5207	-0.142822	Europe	
366401	51.5207	-0.142822	Europe	
366437	-7.55918	110.819	Asia	
366736	48.9006	2.40873	Europe	
367097	-22.916	-43.4473	South America	
367459	51.5207	-0.142822	Europe	
368179	36.1866	-86.7851	North America	
368257	51.5207	-0.142822	Europe	
369776	35.5261	-90.4341	North America	
370157	34.8876	-120.361	North America	
371244	-7.32815	108.363	Asia	
371500	51.5207	-0.142822	Europe	
371770	41.3941	2.1393	Europe	
373742	48.3625	1.33228	Europe	
373957	48.8623	2.53377	Europe	
374171	-7.31578	112.8	Asia	
376667	-7.97656	112.628	Asia	
377278	51.6546	-4.08838	Europe	
377598	51.5207	-0.142822	Europe	
377981	-26.3749	25.4619	Africa	
378041	51.5207	-0.142822	Europe	
378224	51.5207	-0.142822	Europe	
378415	48.8588	2.34693	Europe	
379179	23.7682	90.3717	Asia	
379235	48.8588	2.34693	Europe	
379237	-7.39169	109.82	Asia	
379336	51.5207	-0.142822	Europe	
379562	51.5207	-0.142822	Europe	
379594	17.764	-64.735	North America	
380961	40.7809	-73.9772	North America	
381087	51.5207	-0.142822	Europe	
381223	-6.23296	106.834	Asia	
383103	-6.16896	106.827	Asia	
384451	-25.6522	28.2599	Africa	
385146	51.5207	-0.142822	Europe	
386828	51.5207	-0.142822	Europe	
386840	36.6866	-121.641	North America	
388130	-0.912231	119.874	Asia	
388891	51.5207	-0.142822	Europe	
390566	51.5207	-0.142822	Europe	
390642	-6.24522	107.022	Asia	
391888	-6.27566	106.876	Asia	
392815	48.7885	2.61732	Europe	
392892	-6.16896	106.827	Asia	
393681	51.5207	-0.142822	Europe	
397817	48.9607	2.36362	Europe	
398839	-8.16045	113.723	Asia	
399445	39.4207	26.8072	Asia	
399722	-6.16896	106.827	Asia	
401703	45.0728	7.67575	Europe	
403205	51.5207	-0.142822	Europe	
404500	-6.92396	107.604	Asia	
404501	-7.2745	112.793	Asia	
404742	39.9533	-75.2217	North America	
405890	40.6191	-122.373	North America	
405968	48.9122	2.3773	Europe	
406046	31.0549	31.4029	Africa	
406461	-7.9725	112.629	Asia	
407569	48.9378	2.53099	Europe	
407922	51.5207	-0.142822	Europe	
409866	27.7877	-82.3418	North America	
410447	-7.2771	112.717	Asia	
411322	51.5207	-0.142822	Europe	
411448	51.5207	-0.142822	Europe	
411551	51.5207	-0.142822	Europe	
412259	48.8588	2.34701	Europe	
413855	41.3253	-74.1671	North America	
413922	3.58111	98.6676	Asia	
416834	-7.9725	112.629	Asia	
417022	51.5207	-0.142822	Europe	
417074	-6.28588	107.363	Asia	
418414	-1.24714	116.872	Asia	
419033	-6.21154	106.845	Asia	
420042	3.14845	101.705	Asia	
421765	-7.82869	112.02	Asia	
423426	33.9643	-84.218	North America	
423974	48.8161	2.33556	Europe	
424178	48.8918	2.45785	Europe	
424901	47.8195	-4.01839	Europe	
425590	-6.21093	106.963	Asia	
426797	-6.36153	106.819	Asia	
427330	36.7957	-76.0126	North America	
427622	-6.16896	106.827	Asia	
427869	51.5207	-0.142822	Europe	
429858	-1.60268	103.608	Asia	
429885	51.5207	-0.142822	Europe	
431007	-25.8171	28.2541	Africa	
431929	-7.97656	112.628	Asia	
433336	43.6293	-79.2725	North America	
435449	51.5207	-0.142822	Europe	
435688	51.5207	-0.142822	Europe	
435906	51.5207	-0.142822	Europe	
438328	54.7838	39.3606	Europe	
438903	3.23187	101.386	Asia	
439568	51.5207	-0.142822	Europe	
440158	51.5207	-0.142822	Europe	
441700	-7.2771	112.717	Asia	
441773	40.8456	17.2978	Europe	
442240	-6.16896	106.827	Asia	
443827	51.5207	-0.142822	Europe	
444452	53.2218	6.56477	Europe	
445284	-7.62185	110.417	Asia	
445931	-6.3615	106.949	Asia	
446025	44.8562	-0.63512	Europe	
446434	51.576	4.64267	Europe	
446791	-6.16896	106.827	Asia	
447532	-6.39289	106.762	Asia	
447559	-6.39289	106.762	Asia	
447862	-6.16896	106.827	Asia	
450133	51.5207	-0.142822	Europe	
450557	1.5179	103.708	Asia	
451209	40.6974	-73.9797	North America	
453440	35.8424	-86.3584	North America	
453715	-7.2771	112.717	Asia	
454191	35.6672	-97.4073	North America	
454364	52.5259	6.11856	Europe	
454413	-6.28588	107.363	Asia	
455417	51.5207	-0.142822	Europe	
456206	51.5207	-0.142822	Europe	
456224	51.5207	-0.142822	Europe	
457925	-6.89873	107.611	Asia	
458610	51.5207	-0.142822	Europe	
459293	51.5207	-0.142822	Europe	
459974	-2.42837	106.432	Asia	
460285	51.5207	-0.142822	Europe	
460529	39.2846	-76.6205	North America	
462980	-6.30112	106.735	Asia	
463120	34.7233	-92.3379	North America	
463276	-7.28724	112.739	Asia	
465884	51.5207	-0.142822	Europe	
467147	5.93135	116.063	Asia	
467820	-6.15621	106.647	Asia	
469928	51.5207	-0.142822	Europe	
471498	29.8239	-95.4621	North America	
471933	51.5207	-0.142822	Europe	
472235	-6.16896	106.827	Asia	
473027	3.69015	98.6528	Asia	
473449	40.0849	-104.78	North America	
473936	14.611	-61.0861	North America	
474175	-7.9725	112.629	Asia	
475553	48.2838	6.95171	Europe	
476021	-5.17927	119.424	Asia	
476429	53.3215	50.0679	Europe	
476679	33.9777	-80.4757	North America	
480369	46.5287	6.65208	Europe	
480402	38.3047	-92.4371	North America	
481080	51.5207	-0.142822	Europe	
481148	51.5207	-0.142822	Europe	
482002	49.1994	-122.913	North America	
482744	-0.789275	113.921	Asia	
482928	-6.19862	106.853	Asia	
483313	-0.948919	100.375	Asia	
487119	1.5254	103.838	Asia	
487991	38.7838	-82.9795	North America	
488462	28.6881	-99.8269	North America	
490135	-6.16896	106.827	Asia	
490193	49.1994	-122.913	North America	
490417	6.01225	116.396	Asia	
490985	51.5207	-0.142822	Europe	
491698	-6.14941	106.857	Asia	
491897	5.55029	95.355	Asia	
491996	-6.18065	106.844	Asia	
492286	2.74773	98.3268	Asia	
492590	-0.067277	109.353	Asia	
492594	-0.067277	109.353	Asia	
492646	-0.067277	109.353	Asia	
492694	-0.067277	109.353	Asia	
492704	-0.067277	109.353	Asia	
492797	-5.41984	105.251	Asia	
492987	51.5207	-0.142822	Europe	
494359	49.1994	-122.913	North America	
494564	33.1135	-96.672	North America	
495077	-7.78094	110.364	Asia	
496027	49.1994	-122.913	North America	
496126	49.1994	-122.913	North America	
497487	-7.2771	112.717	Asia	
498290	-6.18065	106.844	Asia	
500716	-6.21108	106.899	Asia	
501833	41.4738	-74.0284	North America	
501841	51.5207	-0.142822	Europe	
503839	-6.16896	106.827	Asia	
503858	-6.16896	106.827	Asia	
505643	48.8588	2.34693	Europe	
506334	38.0675	-84.489	North America	
507398	-22.916	-43.4473	South America	
507514	41.7066	-72.8734	North America	
507539	3.82881	103.217	Asia	
507807	-7.04882	107.129	Asia	
508342	39.1451	-75.3867	North America	
508762	-1.61744	103.655	Asia	
510845	38.8778	-99.3181	North America	
512428	53.3933	-2.91859	Europe	
512580	26.0213	-80.2827	North America	
514432	39.0312	-84.5173	North America	
515844	-26.3075	27.9439	Africa	
516414	51.5207	-0.142822	Europe	
516902	45.8002	9.08382	Europe	
516967	51.5207	-0.142822	Europe	
516990	51.5207	-0.142822	Europe	
517199	52.2858	5.65324	Europe	
517303	-6.22673	106.798	Asia	
517391	52.1816	5.39888	Europe	
517626	20.5796	-100.41	North America	
518591	51.5207	-0.142822	Europe	
519628	53.9398	27.5961	Europe	
520015	42.4078	-71.162	North America	
520032	0	0	NULL	
520374	-6.19101	106.804	Asia	
520961	49.1994	-122.913	North America	
522069	39.4207	26.8072	Asia	
524569	51.5207	-0.142822	Europe	
525689	51.5207	-0.142822	Europe	
527805	3.23187	101.386	Asia	
530286	33.9611	-118.189	North America	
530544	-2.95882	104.754	Asia	
533235	42.3146	-83.2134	North America	
534781	-8.14658	-34.9111	South America	
535136	51.5207	-0.142822	Europe	
537049	52.774	-1.55662	Europe	
538042	37.7205	23.4587	Europe	
538472	51.5207	-0.142822	Europe	
540542	51.5207	-0.142822	Europe	
540571	-7.9725	112.629	Asia	
541825	51.5207	-0.142822	Europe	
543089	62.1344	25.6558	Europe	
543665	-6.9958	110.428	Asia	
544370	-6.12803	106.881	Asia	
545803	49.1994	-122.913	North America	
547616	-5.14383	119.426	Asia	
547924	-7.2771	112.717	Asia	
547976	-19.9187	-43.9598	South America	
549174	-25.1476	-50.071	South America	
549213	49.1994	-122.913	North America	
549292	49.1994	-122.913	North America	
549962	-6.35789	106.495	Asia	
550186	51.5207	-0.142822	Europe	
550647	51.5207	-0.142822	Europe	
551093	-7.9725	112.629	Asia	
551484	51.5207	-0.142822	Europe	
552421	-7.25359	112.757	Asia	
552675	22.2924	113.943	Asia	
552797	51.5207	-0.142822	Europe	
554434	51.5118	-0.162971	Europe	
555482	40.5516	-74.4641	North America	
555636	48.9757	2.87391	Europe	
555746	-6.26078	106.716	Asia	
556609	35.846	-78.6572	North America	
557836	48.6475	44.3981	Europe	
558532	51.5207	-0.142822	Europe	
559500	57.9232	59.9781	Europe	
559704	10.4772	-68.2224	South America	
560504	-6.16896	106.827	Asia	
560846	51.5207	-0.142822	Europe	
561088	48.9892	2.258	Europe	
561939	51.5207	-0.142822	Europe	
563371	51.5207	-0.142822	Europe	
563668	0.517694	101.447	Asia	
564357	0	0	NULL	
564574	3.15617	101.583	Asia	
565677	3.14845	101.705	Asia	
565718	3.14845	101.705	Asia	
566022	51.5207	-0.142822	Europe	
567321	-6.16896	106.827	Asia	
568059	52.4809	6.10822	Europe	
568190	51.5207	-0.142822	Europe	
569996	51.5207	-0.142822	Europe	
570119	28.4331	-81.4911	North America	
570620	51.5207	-0.142822	Europe	
570748	51.5207	-0.142822	Europe	
571035	-6.90558	107.626	Asia	
571149	43.7051	-70.308	North America	
571496	51.5207	-0.142822	Europe	
572639	48.8845	2.36068	Europe	
573173	45.6762	15.6575	Europe	
573451	51.5207	-0.142822	Europe	
573752	-23.6828	-46.5955	South America	
574780	41.5647	-73.0253	North America	
575703	49.1994	-122.913	North America	
576206	-6.90558	107.626	Asia	
577321	51.5207	-0.142822	Europe	
578796	29.7354	-95.6481	North America	
578875	-0.938671	100.458	Asia	
580259	36.2935	-109.217	North America	
580582	51.5207	-0.142822	Europe	
580993	0	0	NULL	
581314	51.5207	-0.142822	Europe	
581454	-23.4254	-46.0575	South America	
582134	51.5207	-0.142822	Europe	
582138	48.6461	2.71092	Europe	
583323	-3.33553	114.594	Asia	
583384	-3.33553	114.594	Asia	
583578	39.0561	-76.6579	North America	
585190	-22.916	-43.4473	South America	
585875	51.5207	-0.142822	Europe	
585896	35.9019	-94.9585	North America	
585899	35.1118	-89.9839	North America	
587232	-7.9725	112.629	Asia	
587305	3.14845	101.705	Asia	
587435	35.9021	-94.9594	North America	
589398	51.5207	-0.142822	Europe	
590228	51.5207	-0.142822	Europe	
591000	-6.16896	106.827	Asia	
591004	-6.16896	106.827	Asia	
591008	-6.16896	106.827	Asia	
591012	-6.16896	106.827	Asia	
592233	-7.44877	109.255	Asia	
592458	19.0322	-98.1543	North America	
592515	-7.2771	112.717	Asia	
594391	-6.17541	106.827	Asia	
594604	51.5207	-0.142822	Europe	
594808	51.5207	-0.142822	Europe	
596338	51.5207	-0.142822	Europe	
596632	-6.38048	106.832	Asia	
597823	38.9753	-76.9542	North America	
597846	51.5207	-0.142822	Europe	
597965	-6.70687	108.541	Asia	
598029	-6.70687	108.541	Asia	
598720	48.9006	2.40873	Europe	
599175	-6.19363	106.81	Asia	
600499	3.23187	101.386	Asia	
601172	51.5207	-0.142822	Europe	
602797	-6.24521	106.845	Asia	
603986	38.999	-76.9602	North America	
604472	51.5207	-0.142822	Europe	
604834	48.5846	2.56998	Europe	
605097	27.6986	-83.8046	North America	
605353	25.6412	-100.294	North America	
606660	51.5207	-0.142822	Europe	
607140	-6.16896	106.827	Asia	
607679	-2.57242	-59.9803	South America	
608899	-6.16896	106.827	Asia	
609360	51.4891	-0.0874363	Europe	
611754	-6.90558	107.626	Asia	
611770	51.5207	-0.142822	Europe	
611812	51.5207	-0.142822	Europe	
611933	48.9378	2.53099	Europe	
612005	-6.39281	106.85	Asia	
612386	42.0099	-93.6211	North America	
613013	51.5207	-0.142822	Europe	
614032	29.2103	-81.0967	North America	
614475	51.5207	-0.142822	Europe	
614737	26.6175	-80.0975	North America	
615872	-6.91243	107.607	Asia	
615876	-6.91243	107.607	Asia	
616023	32.5286	-92.6343	North America	
617163	51.5207	-0.142822	Europe	
617438	51.5207	-0.142822	Europe	
618073	3.14851	101.738	Asia	
618369	52.0233	5.03075	Europe	
618911	51.5207	-0.142822	Europe	
620041	-7.25562	112.751	Asia	
621523	49.1994	-122.913	North America	
625084	-7.2771	112.717	Asia	
625382	2.17547	102.316	Asia	
626652	51.3551	-0.0803756	Europe	
628211	35.2466	-80.781	North America	
629777	3.58111	98.6676	Asia	
629941	-7.78094	110.364	Asia	
630057	51.5207	-0.142822	Europe	
630295	30.0814	-94.1291	North America	
630819	0.631816	101.416	Asia	
633293	-6.23923	106.932	Asia	
634165	48.9121	2.37727	Europe	
634534	51.5207	-0.142822	Europe	
635300	51.5207	-0.142822	Europe	
637129	-1.59847	103.606	Asia	
637813	0	0	NULL	
638148	33.1135	-96.672	North America	
640004	51.5207	-0.142822	Europe	
641704	51.5207	-0.142822	Europe	
641798	33.5226	-84.3557	North America	
643023	52.0314	6.04449	Europe	
644828	51.7519	4.06934	Europe	
645475	-30.004	-51.0215	South America	
645925	51.5207	-0.142822	Europe	
646066	43.6452	10.6388	Europe	
647271	51.5207	-0.142822	Europe	
647415	51.5207	-0.142822	Europe	
647757	48.8719	2.76973	Europe	
648211	41.8341	-87.634	North America	
649199	49.3294	8.43412	Europe	
649807	49.3294	8.43412	Europe	
649915	51.5207	-0.142822	Europe	
650792	18.5272	-96.3057	North America	
650896	51.5207	-0.142822	Europe	
650898	51.5207	-0.142822	Europe	
651048	-2.97932	104.738	Asia	
652626	49.1994	-122.913	North America	
653485	49.1994	-122.913	North America	
655247	51.5207	-0.142822	Europe	
656594	48.8588	2.34701	Europe	
656664	51.5207	-0.142822	Europe	
657461	30.4454	-84.2453	North America	
658229	51.7519	4.06934	Europe	
658890	38.8936	-77.0146	North America	
660392	49.1994	-122.913	North America	
660409	48.8275	2.55674	Europe	
660966	51.5207	-0.142822	Europe	
660969	51.5207	-0.142822	Europe	
661911	-21.6665	-49.7515	South America	
663708	51.2645	5.89651	Europe	
665300	39.4207	26.8072	Asia	
667584	51.5207	-0.142822	Europe	
670327	-7.2771	112.717	Asia	
671012	51.5207	-0.142822	Europe	
671207	-5.3564	105.234	Asia	
672351	39.4207	26.8072	Asia	
673795	51.5207	-0.142822	Europe	
673804	51.5207	-0.142822	Europe	
674043	51.5207	-0.142822	Europe	
675924	51.5207	-0.142822	Europe	
677660	33.8024	-118.082	North America	
677900	-6.21637	106.915	Asia	
678284	39.4207	26.8072	Asia	
678973	1.5254	103.838	Asia	
679007	46.0353	13.2215	Europe	
679768	3.58111	98.6676	Asia	
679928	-7.2771	112.717	Asia	
680158	36.175	-86.7896	North America	
680410	33.388	-84.569	North America	
681062	51.5207	-0.142822	Europe	
681220	51.5207	-0.142822	Europe	
681821	51.5207	-0.142822	Europe	
682633	1.10687	104.044	Asia	
683484	-7.54133	110.702	Asia	
685320	-5.14705	119.466	Asia	
685520	61.5218	0.00022	Europe	
685900	-6.9266	107.664	Asia	
686117	-2.98233	104.729	Asia	
689060	-23.8308	-46.8122	South America	
689509	-7.5473	110.676	Asia	
689939	39.4207	26.8072	Asia	
692043	4.58318	-74.2112	South America	
692353	39.4207	26.8072	Asia	
692747	33.8015	-117.913	North America	
693731	5.6574	100.524	Asia	
693809	-6.62609	106.811	Asia	
694080	25.81	-80.1401	North America	
695401	-6.90558	107.626	Asia	
696640	-5.189	122.64	Asia	
696721	52.3518	6.85941	Europe	
697730	51.5207	-0.142822	Europe	
697838	51.5207	-0.142822	Europe	
697968	40.6974	-73.9797	North America	
698061	51.5207	-0.142822	Europe	
698090	48.8636	2.44899	Europe	
698095	48.8636	2.44899	Europe	
698191	51.56	0.236186	Europe	
698221	48.8636	2.44899	Europe	
698770	41.5175	-74.0449	North America	
699139	0.898377	108.982	Asia	
701081	51.5207	-0.142822	Europe	
701696	49.5571	2.93379	Europe	
701715	-6.22936	106.734	Asia	
702070	51.5207	-0.142822	Europe	
702964	40.0025	-75.118	North America	
702993	8.24602	124.247	Asia	
703417	3.04231	101.447	Asia	
703554	43.55	7.019	Europe	
704499	29.6489	-95.1086	North America	
705070	51.5207	-0.142822	Europe	
705079	43.6293	-79.2725	North America	
705129	51.5207	-0.142822	Europe	
705284	43.3562	5.3575	Europe	
705612	41.817	-71.421	North America	
705728	1.36186	103.989	Asia	
705760	51.5207	-0.142822	Europe	
705867	29.1788	-82.1667	North America	
705928	51.5207	-0.142822	Europe	
706333	51.5207	-0.142822	Europe	
706340	34.2585	-6.58228	Africa	
706341	39.9341	-75.1014	North America	
706347	34.2585	-6.58228	Africa	
707156	51.5207	-0.142822	Europe	
708401	37.4022	-122.095	North America	
708822	51.8638	6.0414	Europe	
709032	51.5207	-0.142822	Europe	
709340	-7.97656	112.628	Asia	
709517	7.05677	125.6	Asia	
710047	-7.77581	110.378	Asia	
710163	24.9517	67.0464	Asia	
710448	51.5207	-0.142822	Europe	
710554	48.8588	2.34693	Europe	
710761	35.3993	-119.092	North America	
710802	51.5207	-0.142822	Europe	
711318	48.874	2.61085	Europe	
711411	42.3784	-71.1122	North America	
712352	-6.91319	107.697	Asia	
712380	47.3321	5.03236	Europe	
712512	51.5207	-0.142822	Europe	
712713	43.7294	-79.4807	North America	
712732	51.5207	-0.142822	Europe	
712858	42.4668	-83.1781	North America	
712860	51.5207	-0.142822	Europe	
713381	51.5207	-0.142822	Europe	
713426	48.7818	2.47979	Europe	
713629	38.9053	-76.8673	North America	
713997	18.9338	-99.2608	North America	
714509	19.7852	-70.6696	North America	
714706	51.5207	-0.142822	Europe	
714728	52.2328	21.0607	Europe	
714967	38.8936	-77.0146	North America	
715261	51.5207	-0.142822	Europe	
715276	51.5207	-0.142822	Europe	
715296	51.5207	-0.142822	Europe	
715339	48.383	31.1814	Europe	
716374	51.5207	-0.142822	Europe	
716526	40.8279	-73.9258	North America	
716821	51.5207	-0.142822	Europe	
717010	51.5207	-0.142822	Europe	
717712	44.9797	-93.2343	North America	
717720	59.9341	30.3287	Europe	
717874	43.2365	-86.2565	North America	
717989	52.4767	6.05219	Europe	
718091	52.1105	6.11219	Europe	
718161	5.63259	-73.5227	South America	
718208	33.9371	-117.493	North America	
718398	39.1564	-75.5135	North America	
718782	28.1031	-15.46	Europe	
718825	51.5207	-0.142822	Europe	
719229	51.5207	-0.142822	Europe	
719310	30.464	-84.3454	North America	
719381	52.5597	4.68185	Europe	
719437	48.6297	2.44188	Europe	
719439	48.6297	2.44188	Europe	
719470	40.7639	-74.2479	North America	
719503	51.5118	-0.162971	Europe	
719617	52.365	6.46738	Europe	
719639	51.5207	-0.142822	Europe	
719646	51.5207	-0.142822	Europe	
719751	51.7688	4.75251	Europe	
719822	37.5276	127.022	Asia	
719853	51.5207	-0.142822	Europe	
720110	52.2277	5.18464	Europe	
720178	51.5207	-0.142822	Europe	
720293	51.5207	-0.142822	Europe	
720349	51.5051	4.2956	Europe	
720585	48.6917	2.37255	Europe	
720637	39.1023	-121.581	North America	
720895	9.03896	-79.4915	North America	
721514	51.5207	-0.142822	Europe	
721723	40.0025	-75.118	North America	
721815	48.4084	-4.49955	Europe	
722106	17.0713	-61.789	North America	
722241	51.5207	-0.142822	Europe	
722242	53.7603	-0.348151	Europe	
722335	48.762	1.8379	Europe	
722619	51.5207	-0.142822	Europe	
723016	-29.8704	30.8009	Africa	
723283	52.0716	5.74901	Europe	
724552	51.5207	-0.142822	Europe	
724748	-6.28588	107.363	Asia	
724867	43.6814	-79.7831	North America	
725995	-1.74911	102.839	Asia	
726210	18.022	-92.9165	North America	
726265	51.5207	-0.142822	Europe	
727120	52.4767	6.05219	Europe	
728274	43.2365	-86.2565	North America	
728361	18.9613	-98.2158	North America	
729097	51.4956	4.31014	Europe	
729140	43.367	-1.77014	Europe	
729743	-0.536156	100.331	Asia	
729776	33.8492	-80.8673	North America	
729868	43.6293	-79.2725	North America	
730069	-7.77598	110.378	Asia	
730390	42.2119	-83.3517	North America	
731026	1.78574	102.97	Asia	
731043	51.5207	-0.142822	Europe	
731286	-6.75351	108.513	Asia	
731783	48.7268	2.3582	Europe	
732024	-23.6828	-46.5955	South America	
732062	-6.21117	106.9	Asia	
732092	48.8554	2.34582	Europe	
732973	48.8588	2.34701	Europe	
733103	38.8028	-76.9968	North America	
733862	48.9934	2.19371	Europe	
734786	5.39716	100.315	Asia	
735011	0.352291	32.6017	Africa	
735804	52.3548	4.90405	Europe	
735806	52.3548	4.90405	Europe	
736642	42.3144	-70.9703	North America	
737488	51.5207	-0.142822	Europe	
737493	-22.803	-47.4357	South America	
738292	51.5207	-0.142822	Europe	
738622	-6.28732	106.851	Asia	
738626	-6.28732	106.851	Asia	
738922	60.1778	24.9498	Europe	
739691	40.7124	-73.9191	North America	
740848	36.1866	-86.7851	North America	
740929	55.7559	37.5483	Europe	
741023	51.5207	-0.142822	Europe	
741530	-3.82092	102.292	Asia	
741580	48.8588	2.34693	Europe	
743199	-0.789275	113.921	Asia	
743712	51.5207	-0.142822	Europe	
744595	41.8338	-87.7319	North America	
744621	39.6346	-75.6717	North America	
745441	51.5207	-0.142822	Europe	
746762	36.8207	-78.6957	North America	
746794	51.5207	-0.142822	Europe	
747049	34.0209	-118.211	North America	
747129	42.7879	-71.0801	North America	
747132	-23.6828	-46.5955	South America	
747200	36.0736	-115.217	North America	
747668	46.2048	6.14319	Europe	
747909	40.651	-73.8712	North America	
748384	-7.2771	112.717	Asia	
748502	-7.29068	108.004	Asia	
748908	49.1994	-122.913	North America	
749041	49.4288	1.08034	Europe	
749506	-7.97656	112.628	Asia	
749663	34.0608	-117.401	North America	
749678	51.5207	-0.142822	Europe	
750421	14.7516	-17.4522	Africa	
751003	51.5034	-3.13504	Europe	
751090	41.416	-81.6497	North America	
751227	34.0253	-118.206	North America	
753661	51.2607	3.22216	Europe	
753759	3.14845	101.705	Asia	
753889	43.6592	-79.6878	North America	
754192	37.5245	-77.4932	North America	
755146	48.8588	2.34693	Europe	
755639	1.44695	103.819	Asia	
757167	-6.10518	105.981	Asia	
759383	48.8588	2.34693	Europe	
760391	3.35359	101.253	Asia	
761473	25.7558	-80.2957	North America	
762044	-23.6828	-46.5955	South America	
762281	13.4138	-16.6934	Africa	
763758	2.50032	102.867	Asia	
764076	48.8588	2.34701	Europe	
764245	43.9342	4.87156	Europe	
764624	48.9814	1.6573	Europe	
764647	-23.6828	-46.5955	South America	
764762	38.9493	-76.9618	North America	
765675	51.5207	-0.142822	Europe	
765718	33.813	-117.216	North America	
766394	-6.28725	106.851	Asia	
766590	51.9153	4.83188	Europe	
766905	52.6019	4.71134	Europe	
766991	51.5207	-0.142822	Europe	
767011	51.5207	-0.142822	Europe	
767049	37.2641	-121.919	North America	
767603	51.5207	-0.142822	Europe	
768068	43.3169	5.37373	Europe	
768560	51.5207	-0.142822	Europe	
768664	51.5207	-0.142822	Europe	
768860	54.6303	-5.94374	Europe	
769509	-37.9214	145.196	Oceania	
769949	-7.97656	112.628	Asia	
770606	51.5207	-0.142822	Europe	
770613	32.215	-98.2162	North America	
770658	51.4485	5.453	Europe	
771862	48.8779	2.47766	Europe	
771944	47.3321	5.03236	Europe	
772906	48.7903	2.48967	Europe	
772921	4.65862	101.081	Asia	
773698	26.0316	-80.2382	North America	
774006	3.60378	98.6454	Asia	
774447	3.1465	101.737	Asia	
774942	48.9218	2.24693	Europe	
775204	3.14845	101.705	Asia	
775448	5.30757	100.281	Asia	
775576	48.9974	2.25654	Europe	
776155	48.8325	2.63671	Europe	
776412	-7.75499	110.407	Asia	
778043	48.8588	2.34701	Europe	
778050	48.9518	2.91734	Europe	
778052	49.0374	2.04594	Europe	
779092	5.30722	100.281	Asia	
779100	-0.01307	109.303	Asia	
779104	-0.01802	109.312	Asia	
779112	5.30722	100.281	Asia	
779696	44.0734	142.394	Asia	
779900	51.9602	4.54206	Europe	
780074	-22.7106	-47.7944	South America	
780158	3.23187	101.386	Asia	
781958	48.9478	2.44754	Europe	
783513	3.23187	101.386	Asia	
785267	1.5254	103.838	Asia	
786041	48.8588	2.34701	Europe	
786874	0	0	NULL	
787132	35.2035	-80.836	North America	
787479	-6.6801	108.533	Asia	
788879	5.30719	100.281	Asia	
789090	5.31593	100.281	Asia	
789129	38.9637	35.2433	Asia	
789227	-6.26215	106.873	Asia	
789569	-7.01098	110.393	Asia	
789573	-7.01098	110.393	Asia	
789766	45.8248	1.24523	Europe	
790394	55.7559	37.5483	Europe	
790762	48.6298	2.5754	Europe	
790884	40.7662	-73.3747	North America	
791650	47.3145	5.02874	Europe	
793091	43.2975	5.48748	Europe	
793519	46.5847	0.371571	Europe	
794016	1.35737	102.152	Asia	
794766	48.8325	2.63671	Europe	
795432	-7.75793	112.184	Asia	
795627	42.2287	-96.4504	North America	
796106	48.8588	2.34693	Europe	
797337	3.81222	100.816	Asia	
797460	-7.81826	110.383	Asia	
797686	1.47284	103.63	Asia	
798530	-6.16896	106.827	Asia	
798822	-6.86327	107.595	Asia	
800411	38.9637	35.2433	Asia	
801323	-7.28193	112.038	Asia	
801543	1.67281	101.443	Asia	
801598	48.6601	2.57665	Europe	
801642	53.1902	6.13888	Europe	
803170	43.0971	-93.6127	North America	
804603	-7.2771	112.717	Asia	
805188	46.7877	-1.62297	Europe	
805353	48.8588	2.34693	Europe	
806456	25.7854	-80.2308	North America	
806814	32.5831	-97.593	North America	
807155	13.654	-89.1845	North America	
807204	20.0301	-102.265	North America	
807228	42.3591	-83.0495	North America	
807415	31.7338	-106.269	North America	
807731	-6.90558	107.626	Asia	
807878	-3.32107	114.566	Asia	
808900	48.7453	2.52516	Europe	
809272	48.8395	2.57541	Europe	
809304	47.3321	5.03236	Europe	
809425	48.904	2.30416	Europe	
810034	-6.28269	106.845	Asia	
810038	-7.77967	110.534	Asia	
810902	-6.32165	106.916	Asia	
811492	-7.26875	112.754	Asia	
811782	51.2645	5.89651	Europe	
812285	5.4981	100.385	Asia	
813637	-5.25892	119.856	Asia	
813717	14.5497	121.085	Asia	
814705	51.2021	4.34193	Europe	
814743	50.8302	4.34216	Europe	
816498	44.2151	20.9238	Europe	
816649	48.9742	2.64656	Europe	
816939	45.9677	5.83158	Europe	
816941	45.9677	5.83158	Europe	
817316	46.6758	5.5573	Europe	
817501	-6.31335	106.748	Asia	
818422	48.9767	2.40974	Europe	
818843	48.8036	2.43532	Europe	
819537	0	0	NULL	
820243	40.8081	-73.9186	North America	
820653	-6.24542	106.829	Asia	
820917	49.3715	6.14425	Europe	
821590	40.8739	-74.0461	North America	
821747	34.0682	-117.797	North America	
822193	-6.18778	106.885	Asia	
822530	48.8735	2.21925	Europe	
823055	43.6104	3.87434	Europe	
823132	-5.38902	105.296	Asia	
823257	48.9542	2.56155	Europe	
823339	-5.1433	119.47	Asia	
824712	-8.07491	-34.9989	South America	
824985	-36.7374	-71.0353	South America	
824986	51.5207	-0.142822	Europe	
825003	51.5207	-0.142822	Europe	
825359	48.7839	2.33739	Europe	
825637	0	0	NULL	
826015	-6.3329	106.849	Asia	
826236	46.1955	6.13927	Europe	
826321	24.8262	-107.443	North America	
827494	19.2524	-99.5724	North America	
827973	-25.4953	-49.2884	South America	
828186	48.9371	2.38227	Europe	
828477	5.64396	-0.188026	Africa	
828759	50.7324	2.74208	Europe	
830186	39.0229	-77.0291	North America	
830520	34.0825	-118.4	North America	
831809	-7.75581	110.408	Asia	
831973	10.387	-75.4898	South America	
832859	27.749	-98.0469	North America	
833804	-19.9187	-43.9598	South America	
834393	48.918	2.29348	Europe	
834526	39.1308	-8.89329	Europe	
834983	18.0402	-63.0629	North America	
836317	-6.26624	107.021	Asia	
836444	50.967	5.48989	Europe	
836559	49.0329	2.4516	Europe	
837062	49.8988	2.28468	Europe	
837402	38.9996	-76.9972	North America	
839071	-36.7374	-71.0353	South America	
839468	40.7809	-73.9772	North America	
839709	48.8239	2.26268	Europe	
840547	50.1548	4.62511	Europe	
840648	48.6896	2.38269	Europe	
841243	48.7938	2.3189	Europe	
841471	-36.7374	-71.0353	South America	
841958	45.7851	3.10005	Europe	
842218	50.2004	3.83698	Europe	
842742	1.45606	124.811	Asia	
843836	0	0	NULL	
844510	28.7678	-106.909	North America	
844916	29.599	-95.2313	North America	
846725	-6.16896	106.827	Asia	
847582	48.8468	2.3061	Europe	
848230	-6.23302	106.539	Asia	
848466	-6.16896	106.827	Asia	
848481	42.3387	-7.87468	Europe	
848523	-7.2771	112.717	Asia	
848591	0.5254	117.525	Asia	
849084	46.5847	0.371571	Europe	
849687	-6.35789	106.495	Asia	
849957	4.35182	113.987	Asia	
850077	3.60388	98.6454	Asia	
850922	-36.7374	-71.0353	South America	
851568	34.1943	-118.485	North America	
852011	51.8723	6.37518	Europe	
852028	52.0357	4.32417	Europe	
852074	3.14853	101.705	Asia	
852569	-6.17959	106.863	Asia	
853842	-36.7374	-71.0353	South America	
854952	3.16033	101.718	Asia	
855059	-7.2887	112.733	Asia	
855433	43.2562	-2.91179	Europe	
855450	-6.90444	107.656	Asia	
855521	-23.2992	-46.0144	South America	
855586	3.14853	101.705	Asia	
856540	2.26372	102.222	Asia	
856769	-6.41528	106.871	Asia	
856981	3.14845	101.705	Asia	
857479	-7.01191	109.391	Asia	
857726	40.5646	-74.1468	North America	
860692	-6.18465	107.012	Asia	
861591	48.8503	2.47352	Europe	
862587	4.97206	102	Asia	
862707	48.8799	2.34922	Europe	
863752	-6.86141	107.505	Asia	
863767	43.0951	-0.040271	Europe	
864196	-5.11197	105.305	Asia	
864445	48.6199	2.44666	Europe	
864517	48.4227	2.15247	Europe	
865264	13.6595	-89.188	North America	
865561	16.0189	-61.7042	North America	
866772	3.14853	101.705	Asia	
867169	48.5303	2.25007	Europe	
867172	33.2055	-96.9507	North America	
867423	48.9006	2.40873	Europe	
867676	4.35096	113.986	Asia	
867991	36.0722	-86.7306	North America	
868873	5.31086	100.287	Asia	
869212	33.7677	-84.4181	North America	
870295	0	0	NULL	
870737	48.8974	2.20158	Europe	
872927	44.8553	-0.522336	Europe	
874129	48.7753	2.34839	Europe	
875125	45.1937	5.69401	Europe	
875270	48.6207	2.44815	Europe	
875345	-6.35117	106.88	Asia	
875389	-6.35117	106.88	Asia	
875651	34.8364	-87.7018	North America	
877186	54.8923	-2.92993	Europe	
877309	-6.16896	106.827	Asia	
878467	48.9032	2.15941	Europe	
878777	-23.6828	-46.5955	South America	
879361	48.7747	2.34764	Europe	
879977	48.8489	2.75715	Europe	
880259	48.899	2.6	Europe	
881425	36.8137	10.1779	Africa	
882206	48.8991	2.59993	Europe	
883254	14.5998	-60.9741	North America	
883558	47.5563	0.939471	Europe	
884018	34.508	-117.404	North America	
884164	48.9773	2.03365	Europe	
884285	1.41976	124.983	Asia	
884304	48.7745	1.99708	Europe	
884402	1.55216	103.588	Asia	
884541	31.8192	34.7282	Asia	
885421	48.8991	2.59997	Europe	
885779	-8.68963	115.208	Asia	
886660	-8.12519	-34.9022	South America	
887398	3.05122	101.559	Asia	
887429	45.4718	-73.8733	North America	
888254	41.7396	-72.6345	North America	
889340	40.7437	-74.1522	North America	
890269	48.8085	2.54613	Europe	
890354	48.8906	2.47256	Europe	
890599	-6.39487	106.717	Asia	
890941	41.722	-85.298	North America	
891512	50.8387	4.36307	Europe	
892006	-7.97656	112.628	Asia	
894194	-6.19511	106.913	Asia	
894416	48.7726	2.43556	Europe	
894529	-6.99784	109.632	Asia	
894729	3.18018	101.425	Asia	
894840	40.7617	-74.2472	North America	
894952	41.6136	21.7433	Europe	
895467	-0.916822	100.355	Asia	
896070	-6.33222	106.849	Asia	
896282	-6.993	107.559	Asia	
896856	48.8644	2.54208	Europe	
897150	-6.81225	107.144	Asia	
897649	49.1501	2.2728	Europe	
897691	47.3321	5.03236	Europe	
898132	-6.19132	106.898	Asia	
898478	4.19267	103.436	Asia	
898695	3.03296	101.654	Asia	
899473	19.7496	-88.0135	North America	
899660	48.5225	7.72093	Europe	
899808	-0.587732	111.388	Asia	
900207	2.95775	101.782	Asia	
900325	33.7808	-118.146	North America	
900908	46.1953	6.14949	Europe	
901091	48.8023	2.06624	Europe	
901299	48.383	31.1814	Europe	
901976	-7.80569	110.345	Asia	
903581	19.6302	-99.1307	North America	
905162	36.1613	-115.088	North America	
905703	48.7127	1.88951	Europe	
907560	45.5088	-73.6321	North America	
908049	45.7641	3.10138	Europe	
909322	48.9551	2.49906	Europe	
910225	48.5996	2.47623	Europe	
910801	48.383	31.1814	Europe	
911536	-7.87435	110.423	Asia	
912375	-6.74009	108.567	Asia	
912580	-6.36285	106.95	Asia	
913471	39.9483	-75.2196	North America	
913581	39.9483	-75.2196	North America	
913787	0	0	NULL	
914751	49.0022	1.68638	Europe	
915679	36.2058	-121.145	North America	
916078	48.7031	2.44192	Europe	
916420	44.8314	-0.681769	Europe	
917226	48.5375	2.625	Europe	
918120	37.7862	-122.396	North America	
918711	48.5369	2.62502	Europe	
918899	-6.877	107.588	Asia	
919296	2.81129	101.482	Asia	
920329	-7.97656	112.628	Asia	
920671	48.8588	2.34701	Europe	
921721	42.6915	-71.1725	North America	
922323	48.82	1.88298	Europe	
922585	51.7855	5.93563	Europe	
922821	-0.01801	109.313	Asia	
923177	-6.97143	110.425	Asia	
923782	-8.66924	115.224	Asia	
924288	-7.82608	110.379	Asia	
926451	-6.993	107.559	Asia	
926549	37.7045	-122.457	North America	
927655	51.0552	2.45065	Europe	
928058	48.2743	4.08057	Europe	
928065	40.6883	-112.041	North America	
928067	48.2743	4.08057	Europe	
928769	48.9607	2.36362	Europe	
929795	3.14845	101.705	Asia	
929981	20.941	-89.6236	North America	
931617	-4.98931	105.499	Asia	
931903	3.14657	101.737	Asia	
932661	45.5075	-73.5724	North America	
932914	38.086	-122.554	North America	
932948	38.0858	-122.554	North America	
933159	51.4626	0.0206584	Europe	
935081	48.8459	2.6255	Europe	
935163	51.5207	-0.142822	Europe	
936554	-1.23377	116.856	Asia	
936625	-1.23377	116.856	Asia	
937150	-8.22898	114.355	Asia	
937243	48.9796	2.61159	Europe	
937510	51.9401	4.48195	Europe	
938912	-6.90558	107.626	Asia	
939218	0	0	NULL	
939611	-3.864	122.05	Asia	
940474	48.9808	2.23032	Europe	
940750	-23.1637	-47.7493	South America	
940893	-7.97656	112.628	Asia	
940987	48.9425	3.33123	Europe	
942149	52.9997	6.53753	Europe	
942293	-14.2393	-53.1848	South America	
943416	39.4866	-77.9491	North America	
944791	14.6383	-61.021	North America	
944902	39.9899	-0.0289374	Europe	
945742	51.4485	5.453	Europe	
945817	14.6194	-61.0421	North America	
946380	-7.2771	112.717	Asia	
947560	-5.37291	105.275	Asia	
948754	48.8588	2.34701	Europe	
949544	5.73768	101.86	Asia	
949680	-7.97656	112.628	Asia	
949700	48.9502	2.3614	Europe	
950715	-6.16896	106.827	Asia	
952275	-6.15348	106.718	Asia	
953704	1.47326	124.871	Asia	
953834	48.8398	2.27952	Europe	
956277	34.0051	-117.719	North America	
956714	4.92239	6.30682	Africa	
957490	52.4949	-1.88125	Europe	
958418	-6.22478	106.828	Asia	
959604	29.3413	48.0689	Asia	
960971	38.4815	-121.448	North America	
961607	49.4117	1.04164	Europe	
961974	3.35359	101.253	Asia	
962057	48.9458	2.49126	Europe	
962059	48.9458	2.49126	Europe	
962353	48.9371	2.45753	Europe	
962791	-37.7168	145.009	Oceania	
962850	35.9431	-83.9259	North America	
966118	14.6306	-61.0705	North America	
966199	26.0316	-80.2381	North America	
966217	48.8588	2.34701	Europe	
966266	-6.26624	107.021	Asia	
966924	48.9459	2.14778	Europe	
967069	48.8809	2.53311	Europe	
967172	48.8924	2.36096	Europe	
968286	48.7966	2.42134	Europe	
968302	39.9531	-76.7216	North America	
968750	-7.61955	111	Asia	
969603	33.5907	130.407	Asia	
970142	48.6297	2.44188	Europe	
970327	3.08646	101.623	Asia	
970408	34.2952	-83.8595	North America	
970785	48.9105	2.07413	Europe	
972286	48.8894	2.20853	Europe	
973077	-6.16896	106.827	Asia	
973202	33.8492	-80.8673	North America	
974832	48.8467	2.30594	Europe	
975186	-6.29955	107.089	Asia	
975369	48.9608	2.36362	Europe	
975493	51.7341	5.53575	Europe	
976476	-7.29068	108.004	Asia	
976619	-7.97656	112.628	Asia	
977206	36.6835	27.9778	Asia	
977761	29.8239	-95.4621	North America	
977947	33.7832	-117.972	North America	
977996	33.7828	-117.972	North America	
978981	-7.77957	110.453	Asia	
979260	-5.14188	119.497	Asia	
980575	0.459267	101.465	Asia	
981679	0.459267	101.465	Asia	
982602	51.7242	5.54008	Europe	
984874	0.458567	101.465	Asia	
985364	48.9294	2.3761	Europe	
985629	-7.80529	110.366	Asia	
985875	-7.01634	107.605	Asia	
986120	51.9358	4.57833	Europe	
987585	48.8588	2.34693	Europe	
988033	51.93	4.38419	Europe	
988963	51.7242	5.54008	Europe	
991264	0.458567	101.465	Asia	
992135	-7.80529	110.366	Asia	
992596	-7.01634	107.605	Asia	
993075	51.9358	4.57833	Europe	
993748	40.7001	-73.9899	North America	
994663	-53.1572	-70.9042	South America	
994931	48.878	2.38599	Europe	
995674	48.8588	2.34693	Europe	
997383	43.8482	-79.0435	North America	
997620	-0.587732	111.388	Asia	
999952	-5.12611	119.516	Asia	
1000851	-1.5942	103.619	Asia	
1001053	13.8483	-89.7465	North America	
1001054	-23.2995	-46.0151	South America	
1001636	-6.75658	108.578	Asia	
1002346	-7.80647	110.324	Asia	
1002514	41.0939	28.9859	Asia	
1002641	48.9218	2.24693	Europe	
1004900	43.3149	5.37315	Europe	
1004902	43.3146	5.37151	Europe	
1005065	-11.4119	33.9994	Africa	
1005291	45.4613	9.15934	Europe	
1005343	41.9073	12.5371	Europe	
1005868	45.8535	1.26885	Europe	
1006755	50.8396	-0.815585	Europe	
1007108	47.2124	5.97083	Europe	
1008260	9.96102	-83.9444	North America	
1009634	48.7143	1.35211	Europe	
1010087	56.0589	54.2785	Europe	
1011200	-6.32248	106.899	Asia	
1012250	38.9637	35.2433	Asia	
1012761	-7.42272	109.25	Asia	
1012803	-7.42272	109.25	Asia	
1012837	-7.42272	109.25	Asia	
1012868	-7.42272	109.25	Asia	
1012882	37.8038	12.4661	Europe	
1012995	41.2861	-8.33608	Europe	
1013122	48.8411	2.32042	Europe	
1013228	-6.09954	106.121	Asia	
1013581	48.8957	2.51944	Europe	
1014122	5.89166	116.049	Asia	
1014159	-7.78094	110.363	Asia	
1014788	3.87159	11.4459	Africa	
1015102	46.4499	-120.477	North America	
1015122	41.6951	12.6558	Europe	
1017529	32.1431	-110.945	North America	
1019021	51.5265	45.9785	Europe	
1019095	35.1325	-80.6307	North America	
1019173	1.4801	124.843	Asia	
1019471	48.839	2.55875	Europe	
1019577	47.2179	7.58584	Europe	
1019649	-1.40335	120.756	Asia	
1019742	35.1325	-80.6309	North America	
1019884	42.3153	-71.065	North America	
1020106	29.4214	-98.5044	North America	
1020155	39.9483	-75.2196	North America	
1020212	51.2466	-0.764818	Europe	
1020444	48.8844	2.38008	Europe	
1021470	48.9392	2.53974	Europe	
1021678	-6.90558	107.626	Asia	
1021755	48.7601	2.32852	Europe	
1023028	35.0877	-80.6442	North America	
1023107	-33.4874	-70.6101	South America	
1023251	48.6602	2.57665	Europe	
1023476	48.766	2.48649	Europe	
1025246	47.4279	-0.445616	Europe	
1026071	-6.8961	107.559	Asia	
1026260	-6.16896	106.827	Asia	
1027180	-6.24654	106.954	Asia	
1028570	-2.97932	104.738	Asia	
1028579	47.6236	-117.542	North America	
1029678	3.22596	101.684	Asia	
1030540	49.1506	2.27102	Europe	
1031986	-1.10586	37.0062	Africa	
1032142	48.8781	2.23554	Europe	
1032365	-7.97656	112.628	Asia	
1032879	48.8824	2.45692	Europe	
1033856	-7.78094	110.363	Asia	
1034181	-7.27359	110.458	Asia	
1034250	-0.587732	111.388	Asia	
1034712	-6.28471	106.746	Asia	
1035241	4.58652	-74.0982	South America	
1035473	47.8737	1.91213	Europe	
1035533	64.0638	24.6625	Europe	
1036367	5.65864	-0.0680933	Africa	
1037000	48.8588	2.34701	Europe	
1037276	46.2082	6.10985	Europe	
1037434	48.8074	2.18606	Europe	
1038438	-2.97004	104.813	Asia	
1038477	-2.97004	104.813	Asia	
1038624	56.1255	-3.16051	Europe	
1038806	51.651	-0.0411751	Europe	
1041229	50.6199	3.04381	Europe	
1041421	-6.16896	106.827	Asia	
1041550	3.14853	101.705	Asia	
1043002	48.9676	2.11326	Europe	
1043217	-0.01981	109.307	Asia	
1043961	49.256	2.48404	Europe	
1044249	-0.0723967	109.365	Asia	
1044538	19.3629	-99.2054	North America	
1044684	0	0	NULL	
1044958	41.7447	-72.7339	North America	
1045303	-0.900854	100.355	Asia	
1046517	45.5127	11.4849	Europe	
1046998	39.972	-75.1473	North America	
1047120	5.62024	-0.244216	Africa	
1047902	33.8673	-112.126	North America	
1048178	51.7371	-1.25332	Europe	
1049160	40.7446	-73.6062	North America	
1049177	55.6701	37.2795	Europe	
1049479	45.8586	1.23198	Europe	
1050470	52.381	6.13698	Europe	
1050810	44.7861	-0.680969	Europe	
1051342	31.6643	-7.99466	Africa	
1051648	43.9353	4.82439	Europe	
1051811	48.5446	2.62344	Europe	
1053098	3.22602	101.691	Asia	
1053113	47.2148	5.9768	Europe	
1053187	51.5689	-1.77506	Europe	
1053425	59.9342	30.3287	Europe	
1053488	45.7578	4.8351	Europe	
1053624	45.5872	9.28743	Europe	
1053710	48.5629	3.28426	Europe	
1054538	4.58841	-74.0987	South America	
1054760	45.5876	-73.5404	North America	
1055397	33.8971	35.5297	Asia	
1055529	-6.90558	107.626	Asia	
1055698	48.3022	1.21279	Europe	
1055700	48.8476	2.61633	Europe	
1056041	44.143	8.27331	Europe	
1056280	48.383	31.1814	Europe	
1056305	59.9342	30.3287	Europe	
1056886	48.7669	2.40381	Europe	
1057277	34.9671	135.773	Asia	
1058337	-6.25682	106.99	Asia	
1058519	3.21184	101.687	Asia	
1058637	36.5554	-4.63242	Europe	
1059780	52.1272	5.03087	Europe	
1060347	49.1994	-122.913	North America	
1060868	39.3007	16.2516	Europe	
1060950	36.0719	-79.8198	North America	
1061898	49.1994	-122.913	North America	
1062808	40.1847	49.4875	Asia	
1063089	43.6293	-79.2725	North America	
1063151	49.4412	1.0912	Europe	
1063673	25.0656	-77.3408	North America	
1063752	48.7602	2.32856	Europe	
1064049	-0.02938	109.313	Asia	
1064113	27.726	-82.4167	North America	
1065850	14.6706	-61.0106	North America	
1066253	50.5811	2.3688	Europe	
1066683	48.8588	2.34701	Europe	
1066685	3.03296	101.654	Asia	
1066690	2.24843	102.185	Asia	
1066829	50.8227	4.34347	Europe	
1067129	48.9012	2.46938	Europe	
1067408	48.7892	2.39515	Europe	
1068245	-7.2771	112.717	Asia	
1068369	-1.29195	36.8059	Africa	
1068540	48.8718	2.48979	Europe	
1069050	0.0491512	-51.0496	South America	
1069473	-6.90558	107.626	Asia	
1070147	10.0649	-65.0213	South America	
1070177	-23.6899	-46.6154	South America	
1070955	48.766	2.48651	Europe	
1071028	1.58457	103.88	Asia	
1071137	50.6163	37.3015	Europe	
1071769	48.7846	2.45243	Europe	
1073099	2.36513	102.182	Asia	
1073212	3.60368	98.668	Asia	
1073578	49.1994	-122.913	North America	
1073761	42.3144	-70.9703	North America	
1074138	49.1994	-122.913	North America	
1074319	42.3144	-70.9703	North America	
1074906	49.1994	-122.913	North America	
1075414	50.7297	4.22596	Europe	
1075565	-2.23123	-80.887	South America	
1076189	52.8618	4.82551	Europe	
1076374	-7.97656	112.628	Asia	
1076739	48.9356	2.33473	Europe	
1076740	48.9356	2.33229	Europe	
1077355	-6.2658	106.726	Asia	
1077601	-6.90558	107.626	Asia	
1078158	14.5384	-61.0698	North America	
1078196	3.16098	101.721	Asia	
1078678	48.8896	2.37128	Europe	
1078784	48.737	3.20063	Europe	
1078817	-6.3451	106.979	Asia	
1079811	-6.90558	107.626	Asia	
1080757	-5.14367	119.426	Asia	
1081479	48.8588	2.34701	Europe	
1081936	48.8668	2.36264	Europe	
1082336	2.52615	101.81	Asia	
1083144	-8.66924	115.224	Asia	
1083238	48.9421	2.52142	Europe	
1083827	43.6293	-79.2725	North America	
1084332	46.2082	6.10983	Europe	
1084741	48.9858	2.46036	Europe	
1085712	-6.32672	106.835	Asia	
1085729	49.3162	6.10268	Europe	
1085788	50.6377	3.0716	Europe	
1085795	48.9696	2.40341	Europe	
1086444	3.14853	101.705	Asia	
1086752	46.4429	4.11139	Europe	
1087197	17.9921	-92.9312	North America	
1087839	49.0267	2.46772	Europe	
1088201	49.0778	2.66364	Europe	
1088314	-8.66924	115.224	Asia	
1088998	48.937	2.52644	Europe	
1089193	48.8487	2.28514	Europe	
1089759	-2.42837	106.432	Asia	
1089815	-7.78094	110.363	Asia	
1090338	48.8588	2.34701	Europe	
