Tweet Id 	 Latitude 	 Longitude
257	27.7	-97.3897	
1045	37.5012	-77.3899	
1247	55.7559	37.5483	
1310	49.1994	-122.913	
1349	52.3834	13.1196	
1389	49.1994	-122.913	
2644	49.1994	-122.913	
2676	53.156	6.37757	
2742	49.1994	-122.913	
2821	39.4207	26.8072	
2968	39.4207	26.8072	
3206	35.8469	-78.0069	
3260	33.6017	-7.60975	
3787	39.4207	26.8072	
3970	51.5207	-0.142822	
4040	14.6268	-61.0749	
4111	48.8588	2.34693	
4196	51.5207	-0.142822	
4295	39.4207	26.8072	
4412	51.5207	-0.142822	
4543	34.2465	-118.446	
5387	42.3527	-83.0992	
5575	-7.9725	112.629	
5925	51.5207	-0.142822	
6004	49.1994	-122.913	
6963	51.5207	-0.142822	
7970	-7.94794	112.565	
8351	39.4207	26.8072	
8970	39.4207	26.8072	
9731	49.1994	-122.913	
9768	53.3475	6.64443	
9829	51.5207	-0.142822	
10494	51.5207	-0.142822	
10763	51.5207	-0.142822	
10819	1.34884	103.957	
10824	1.34884	103.957	
10887	51.5207	-0.142822	
11014	-25.4951	-49.2884	
12123	52.1617	6.39468	
12133	52.1627	6.39776	
12157	49.1994	-122.913	
12232	41.8005	-88.1675	
12275	49.1994	-122.913	
12398	-36.7374	-71.0353	
13023	51.5207	-0.142822	
13214	6.89258	79.9812	
13226	51.5207	-0.142822	
14606	37.2968	-121.817	
14867	39.4207	26.8072	
15306	30.0813	31.413	
15536	19.2708	-99.6499	
15960	-6.16896	106.827	
16285	53.2147	6.56066	
16427	39.4207	26.8072	
16916	-26.1672	28.1599	
17867	3.14845	101.705	
18276	-29.9006	30.9726	
18337	52.1638	5.39551	
18577	34.7016	-86.6036	
18955	49.1994	-122.913	
18993	48.957	2.54143	
18997	49.1994	-122.913	
19749	51.5207	-0.142822	
20056	51.5207	-0.142822	
21388	36.9308	-76.2397	
22568	52.4472	5.21763	
22693	32.7139	-117.226	
22796	44.8638	-0.586176	
23232	52.3871	13.1165	
23569	48.8843	2.41459	
23757	48.9456	2.36827	
24897	38.7577	-77.4595	
25457	51.5207	-0.142822	
26275	3.14853	101.705	
26436	-7.2771	112.717	
27455	-7.13384	110.409	
27852	33.8918	-117.236	
28002	-6.16896	106.827	
28028	45.4512	9.2037	
28327	-1.16096	116.877	
28449	48.5846	2.56998	
28451	48.8588	2.34701	
29345	52.3871	13.1165	
29609	51.5207	-0.142822	
29628	-7.11619	110.417	
29916	-6.69493	-35.5978	
30254	51.5207	-0.142822	
30359	52.5467	13.4057	
31190	51.5207	-0.142822	
31700	59.3578	18.003	
32371	51.5207	-0.142822	
32516	40.18	-80.2393	
32533	0.247298	-51.0637	
33037	-7.2771	112.717	
33487	51.5207	-0.142822	
33520	35.7068	139.743	
34076	53.8028	-1.52021	
34378	51.5207	-0.142822	
34448	51.5207	-0.142822	
34493	42.2686	-83.1487	
35760	2.04811	103.382	
35783	52.2004	-0.958179	
36042	51.5207	-0.142822	
36095	51.5207	-0.142822	
37296	52.0571	5.31776	
38469	35.2035	-80.8361	
38572	39.4207	26.8072	
38879	52.3871	13.1165	
38911	2.88622	101.366	
38924	51.5207	-0.142822	
39203	48.6297	2.44188	
39409	38.2753	24.508	
39789	51.5207	-0.142822	
39922	44.4834	11.3747	
40002	34.063	-118.441	
40100	-23.6496	-46.8549	
40661	51.5207	-0.142822	
41182	-25.4951	-49.2884	
41250	-6.88973	107.664	
41313	52.3834	13.1196	
41868	30.4454	-84.2453	
41950	52.9483	4.77601	
42428	51.9833	5.91225	
42624	35.3579	-80.6352	
42874	52.3871	13.1165	
43047	-6.16896	106.827	
43593	33.1309	-91.9613	
44326	32.4839	-99.7454	
44455	51.7502	-2.90373	
45390	51.5207	-0.142822	
45728	51.5207	-0.142822	
46041	52.3871	13.1165	
46478	-5.99643	106.009	
46580	39.4207	26.8072	
46771	51.5207	-0.142822	
46941	48.8588	2.34701	
47680	39.4207	26.8072	
48521	19.6527	-101.276	
49557	51.0386	3.39247	
49987	52.3871	13.1165	
50615	37.8476	-4.67425	
51012	39.4207	26.8072	
52373	48.1159	-1.68833	
52924	51.5207	-0.142822	
53104	51.5161	-0.393325	
53239	41.7581	2.06928	
53261	38.7995	-90.3408	
53513	51.5207	-0.142822	
53725	51.5207	-0.142822	
53738	51.5975	-0.263999	
53907	52.8085	6.92526	
53996	39.4207	26.8072	
54059	0.247298	-51.0637	
54457	50.861	5.81868	
54942	51.5207	-0.142822	
55137	41.8008	-88.1673	
55457	48.6189	2.97564	
55531	38.9262	-76.8878	
55669	51.5207	-0.142822	
55874	-6.29538	106.654	
56579	59.9394	30.0922	
56960	53.2218	6.56477	
57307	51.5207	-0.142822	
57532	41.817	-71.4212	
58259	52.3871	13.1165	
59426	49.1994	-122.913	
59542	29.6132	-98.2624	
59967	50.3881	-4.11457	
60365	40.6974	-73.9797	
60416	51.5207	-0.142822	
60502	51.5207	-0.142822	
60611	-7.97656	112.628	
62078	19.3991	-99.0965	
62396	-7.7925	110.909	
62657	-6.10636	106.928	
62871	30.0375	31.0145	
62875	30.0375	31.0145	
62947	2.71563	101.953	
63215	39.4207	26.8072	
63896	51.5207	-0.142822	
64145	45.6016	9.11364	
65032	51.5207	-0.142822	
65601	51.5207	-0.142822	
65608	51.5207	-0.142822	
65780	39.4207	26.8072	
65850	59.3664	18.0104	
65908	3.05122	101.559	
66012	59.3312	18.0566	
66365	-23.6828	-46.5955	
67162	51.5207	-0.142822	
67593	39.4207	26.8072	
67777	51.5207	-0.142822	
69010	3.58111	98.6676	
69914	39.4207	26.8072	
70648	51.5207	-0.142822	
70823	-6.28598	106.867	
70938	51.7909	5.44432	
70976	3.14853	101.705	
71275	51.5207	-0.142822	
72250	34.6222	-89.9727	
72309	51.5207	-0.142822	
73068	49.1994	-122.913	
73710	3.03297	101.654	
73831	39.4207	26.8072	
74403	51.7289	5.45244	
74898	39.4207	26.8072	
75449	55.6886	37.5463	
75944	52.3871	13.1165	
76256	39.4207	26.8072	
77157	-7.80284	110.375	
77530	3.14845	101.705	
77531	52.5055	4.86152	
78697	51.5207	-0.142822	
79249	4.64713	101.203	
79356	48.798	2.30929	
79608	-0.789275	113.921	
79771	52.3871	13.1165	
79931	52.5467	13.4057	
80354	49.1994	-122.913	
82307	41.8338	-87.7319	
83230	39.2434	-84.5871	
83598	51.5207	-0.142822	
83949	48.8588	2.34693	
84540	52.477	-1.89557	
85554	43.6535	-79.3839	
85966	49.1994	-122.913	
87213	32.5285	-92.7192	
87650	49.1994	-122.913	
87745	49.1994	-122.913	
88476	2.04811	103.382	
88549	55.7559	37.5483	
89160	53.459	6.62288	
91250	51.5207	-0.142822	
93218	51.5207	-0.142822	
93810	41.3766	2.14615	
94068	39.4396	-76.609	
94233	51.5207	-0.142822	
94334	51.5207	-0.142822	
96360	51.5207	-0.142822	
97558	51.6909	4.28768	
99308	38.4077	-82.4418	
99366	-20.8756	-54.2616	
99441	41.8007	-88.1675	
99587	51.5207	-0.142822	
99588	-8.14856	-35.0037	
100211	51.5207	-0.142822	
100734	39.4207	26.8072	
101530	32.8638	-83.7905	
101576	-6.15759	106.762	
102108	51.5207	-0.142822	
102225	52.1105	6.11219	
103445	40.5247	-3.81615	
103963	53.459	6.62288	
104223	51.5207	-0.142822	
104639	52.6107	6.49519	
105650	31.4311	-100.461	
105966	-27.0045	-48.6215	
107556	51.5207	-0.142822	
108173	19.3991	-99.0965	
108323	-1.27293	-48.4598	
108978	39.4207	26.8072	
109061	1.33547	103.914	
109193	3.62491	98.6922	
109215	39.4207	26.8072	
109760	-23.6828	-46.5955	
110739	51.5207	-0.142822	
110841	51.5207	-0.142822	
111259	41.8005	-88.1674	
111341	-8.00816	112.75	
112035	51.5207	-0.142822	
113085	51.5207	-0.142822	
114299	53.2231	-4.16382	
115666	49.1994	-122.913	
116510	-5.14387	119.424	
116539	3.14853	101.705	
116712	39.4207	26.8072	
116839	52.7167	6.47167	
117047	39.4207	26.8072	
117703	52.2803	6.78797	
117770	51.5207	-0.142822	
117980	51.5207	-0.142822	
118037	-12.0916	-77.0036	
118112	41.8006	-88.1674	
118358	-12.0962	-77.0066	
118720	51.5207	-0.142822	
119448	38.8975	-76.8695	
119470	40.7809	-73.9772	
119508	1.47326	124.871	
120052	29.8239	-95.4621	
120070	2.94886	101.77	
120072	51.5207	-0.142822	
120097	51.5207	-0.142822	
120185	2.94886	101.77	
120583	-3.70347	128.163	
120604	44.4121	12.1921	
121575	51.5351	-0.13955	
121900	-37.8568	144.885	
121933	51.5207	-0.142822	
122533	51.5207	-0.142822	
123248	50.861	5.81868	
124440	28.4976	-81.3308	
124845	51.5207	-0.142822	
125165	-23.6828	-46.5955	
125172	51.5207	-0.142822	
127261	41.7581	2.06928	
127914	48.918	2.29348	
128115	-14.2393	-53.1848	
128225	51.5207	-0.142822	
128711	3.14845	101.705	
129205	-6.20117	106.977	
129222	41.5057	-87.6227	
130209	-6.16896	106.827	
131605	51.5207	-0.142822	
132114	-26.1893	28.0136	
132120	-26.1893	28.0136	
132292	38.2753	24.508	
132331	52.346	4.94759	
132442	47.613	-122.342	
132566	34.1827	-119.225	
132736	52.5466	13.4056	
133462	-0.789275	113.921	
133539	51.5207	-0.142822	
133690	-25.4951	-49.2884	
134028	41.9502	-87.7137	
134070	41.9502	-87.7137	
134173	41.9502	-87.7137	
134355	3.14845	101.705	
134678	-12.0963	-77.0067	
134752	52.3871	13.1165	
134910	1.00185	116.394	
134941	51.5207	-0.142822	
135022	41.2381	-80.8078	
135140	1.00185	116.394	
135725	55.4302	37.562	
135927	52.2317	5.16057	
136037	52.6363	-1.13111	
136538	41.8338	-87.7319	
136559	48.8333	2.55566	
136711	52.3834	13.1196	
137107	51.5207	-0.142822	
137250	52.3871	13.1165	
137579	52.3871	13.1165	
137796	27.4514	-82.6097	
138027	51.5207	-0.142822	
138205	51.5207	-0.142822	
138319	-6.90558	107.626	
138521	51.5207	-0.142822	
138542	51.5207	-0.142822	
138560	51.5207	-0.142822	
138595	51.5207	-0.142822	
138632	51.5207	-0.142822	
138663	51.5207	-0.142822	
138695	51.5207	-0.142822	
138727	51.5207	-0.142822	
138769	51.5207	-0.142822	
139270	-14.2393	-53.1848	
139701	32.1774	-110.884	
139903	45.6763	10.405	
140076	-6.19223	106.876	
140560	52.5055	4.86152	
142007	51.9619	5.36936	
142675	33.7347	-116.23	
143079	51.6909	4.28768	
143697	52.3871	13.1165	
144035	3.23187	101.386	
144049	51.5207	-0.142822	
144620	51.5207	-0.142822	
145062	43.451	6.79082	
146293	-6.28609	106.974	
146558	49.1994	-122.913	
146735	51.5207	-0.142822	
147073	-22.5461	-48.6355	
147382	-6.16896	106.827	
147606	52.3871	13.1165	
147989	51.5207	-0.142822	
149073	-33.7692	25.389	
149086	51.5207	-0.142822	
149425	52.5142	6.10694	
149874	52.0716	4.3586	
152005	51.5207	-0.142822	
152321	38.1209	13.3443	
152649	52.3871	13.1165	
152779	51.5207	-0.142822	
153474	48.3612	2.81029	
153563	36.1007	-79.839	
154333	49.1994	-122.913	
155190	48.8444	2.36106	
155519	51.5207	-0.142822	
157639	51.5207	-0.142822	
157808	48.6189	2.97564	
157973	48.7391	2.44936	
158156	52.3834	13.1196	
158164	48.7391	2.44936	
158420	51.33	5.97504	
159181	51.5207	-0.142822	
160266	37.3992	-122.025	
160696	50.3826	7.61591	
161325	51.5207	-0.142822	
161420	52.3871	13.1165	
161700	53.4584	-2.62057	
162152	40.5679	-80.013	
163129	-1.71186	113.698	
163997	-6.993	107.559	
165456	43.7986	11.2147	
165549	52.3834	13.1196	
166024	3.14845	101.705	
166490	48.8588	2.34701	
166673	51.5207	-0.142822	
166765	48.9106	2.44582	
166844	51.5207	-0.142822	
167410	48.383	31.1814	
167543	51.8426	5.83296	
167855	52.3871	13.1165	
167901	-6.9958	110.428	
168081	53.3933	-2.91859	
168160	51.5207	-0.142822	
169841	-7.54717	110.816	
170451	48.8758	2.32664	
171573	49.1994	-122.913	
171625	49.1994	-122.913	
171886	48.8588	2.34693	
172042	40.5382	-74.378	
172408	1.5254	103.838	
174024	41.6327	-73.936	
175399	42.3527	-83.0992	
175775	52.3871	13.1165	
176395	4.5166	103.379	
176758	52.0769	4.3064	
176798	48.8252	2.70875	
176849	51.6343	5.95179	
176947	45.7377	8.96869	
177116	-7.7642	110.38	
177316	-23.6828	-46.5955	
177461	52.3871	13.1165	
177960	19.6302	-99.1307	
177998	-23.6828	-46.5955	
178723	51.5207	-0.142822	
179709	56.8155	60.6136	
179788	-6.90875	107.691	
181312	53.3215	50.0679	
181578	38.7627	-77.7127	
181691	52.3519	6.85914	
181828	52.3871	13.1165	
182035	37.9725	-121.804	
182160	52.0373	4.32435	
182714	48.3884	2.96241	
182843	51.5207	-0.142822	
183660	51.9228	4.31901	
184431	52.6363	-1.13111	
184830	39.4767	-87.401	
184985	38.3583	-85.7931	
185002	3.04931	101.697	
185552	51.5207	-0.142822	
185696	-14.2393	-53.1848	
185706	-6.90558	107.626	
185973	49.0805	2.66965	
186028	47.7344	-122.323	
186548	41.8338	-87.7319	
187110	39.4207	26.8072	
187207	51.5207	-0.142822	
187300	51.5207	-0.142822	
187758	-23.6828	-46.5955	
187845	38.2753	24.508	
188131	39.4207	26.8072	
188462	51.5207	-0.142822	
188542	39.4207	26.8072	
188957	52.9539	-1.16654	
188958	52.3871	13.1165	
189043	52.3871	13.1165	
189452	52.0362	5.1571	
189611	40.6974	-73.9797	
190156	51.5207	-0.142822	
191167	51.5207	-0.142822	
191677	34.5574	-86.9737	
191712	51.5207	-0.142822	
192371	41.8005	-88.1675	
192614	52.3871	13.1165	
192735	51.5207	-0.142822	
192796	48.7378	2.04899	
193121	52.3871	13.1165	
193333	51.5207	-0.142822	
193403	48.8588	2.34693	
193956	-3.1107	-41.4845	
194762	-0.463414	117.159	
194780	48.817	2.52049	
195015	19.4325	-99.1534	
195834	52.3871	13.1165	
196758	51.9595	5.97647	
198323	51.5207	-0.142822	
198687	51.5207	-0.142822	
199050	50.6887	3.18426	
199263	58.0225	56.1443	
199310	51.5207	-0.142822	
200751	51.5207	-0.142822	
200799	52.3871	13.1165	
201280	51.5207	-0.142822	
201396	48.7736	1.99674	
202056	52.3871	13.1165	
202238	51.4075	5.37308	
202646	33.9367	-84.0042	
202752	51.5207	-0.142822	
203107	51.5207	-0.142822	
203529	-14.2393	-53.1848	
204432	43.0158	-83.6745	
204516	41.8984	12.5451	
204777	51.5207	-0.142822	
204855	48.7488	1.92175	
205035	51.5207	-0.142822	
205290	51.5207	-0.142822	
205847	-30.0997	-51.1593	
206584	51.5207	-0.142822	
206650	-7.80844	110.363	
206915	52.3871	13.1165	
207284	52.3871	13.1165	
207507	39.0149	-76.6672	
207964	18.4231	-91.4346	
207996	50.8565	4.35185	
208578	52.3871	13.1165	
209536	49.1994	-122.913	
209648	48.5895	2.24626	
209816	51.4075	5.37308	
209863	52.3871	13.1165	
210173	39.6724	-83.5004	
212213	52.9908	6.25623	
213265	41.8004	-88.1674	
213537	51.5207	-0.142822	
216061	52.3871	13.1165	
216370	34.0209	-118.211	
216810	37.7154	-89.2106	
217109	52.3871	13.1165	
218280	52.5511	5.90544	
218294	52.5511	5.90544	
218333	3.14845	101.705	
218600	51.5207	-0.142822	
219019	51.5207	-0.142822	
219943	53.4154	-2.91795	
220091	19.4325	-99.1534	
220158	14.5574	121.02	
220910	52.3871	13.1165	
220911	51.9995	4.61761	
221899	52.3871	13.1165	
221976	49.1994	-122.913	
222003	48.7768	1.96119	
222175	49.1994	-122.913	
222250	51.6354	3.95684	
222370	51.5207	-0.142822	
222638	48.8588	2.34701	
222756	40.073	-74.7243	
223794	3.23187	101.386	
223858	6.12841	100.39	
223870	51.5207	-0.142822	
223886	52.3871	13.1165	
223898	52.5287	13.4426	
224239	-0.0314401	109.294	
224923	52.3871	13.1165	
226002	-5.99643	106.009	
226126	46.1621	-1.17657	
226597	46.787	-71.2635	
226669	52.3871	13.1165	
226696	51.5207	-0.142822	
227024	51.5207	-0.142822	
227126	51.5207	-0.142822	
227615	-23.9555	-46.5075	
227754	52.2317	5.16053	
228223	29.921	-95.6747	
228731	51.5207	-0.142822	
228902	51.5207	-0.142822	
229436	33.5756	-117.197	
229487	49.1994	-122.913	
229976	49.1994	-122.913	
230053	49.1994	-122.913	
230110	51.5207	-0.142822	
230712	48.7023	2.42749	
230795	51.5207	-0.142822	
232545	41.465	-81.9249	
233896	52.2523	6.77732	
233928	60.7218	28.7527	
234182	3.14845	101.705	
234186	3.14845	101.705	
234994	-6.26288	106.654	
235587	52.3871	13.1165	
235717	51.5207	-0.142822	
235731	41.9255	-87.7669	
235775	50.9138	-1.40057	
235787	50.9138	-1.40057	
235814	52.3871	13.1165	
235879	-6.16896	106.827	
235908	-3.70497	128.165	
236076	51.5207	-0.142822	
237222	51.5207	-0.142822	
237382	-23.9555	-46.5075	
237477	43.1619	-86.2632	
237872	51.5207	-0.142822	
237928	52.3445	6.65941	
239398	-6.31686	106.74	
239539	53.0625	5.40704	
240474	48.6566	2.34458	
240649	51.5207	-0.142822	
240686	5.32964	103.141	
240816	52.3871	13.1165	
241078	-23.6828	-46.5955	
241321	45.7689	3.06458	
242168	52.3871	13.1165	
242482	49.8988	2.28468	
242537	-29.7624	-51.0298	
242645	51.5207	-0.142822	
243463	-23.6828	-46.5955	
244698	51.5207	-0.142822	
244770	48.6297	2.44188	
244875	51.5207	-0.142822	
246455	52.715	6.49015	
246784	-6.43778	105.939	
246923	51.4545	5.47847	
247117	51.4485	5.453	
247173	52.3871	13.1165	
247467	33.9179	-116.962	
247646	51.5207	-0.142822	
248152	51.5207	-0.142822	
248168	52.3871	13.1165	
248193	51.5117	-0.162971	
248573	55.6639	37.4827	
249247	52.3871	13.1165	
250794	48.6297	2.44188	
250844	51.5207	-0.142822	
250904	51.5207	-0.142822	
251219	-26.1886	28.0174	
251806	51.5207	-0.142822	
251835	51.8699	4.63924	
251857	48.8588	2.34701	
252226	38.9135	-76.8861	
252263	51.5207	-0.142822	
252819	51.5207	-0.142822	
253422	0.0359625	-51.0852	
254131	43.5356	5.43184	
254930	50.6566	3.07106	
256120	34.2977	-92.9476	
256495	52.274	6.79732	
256598	53.8438	-1.85079	
256884	51.5207	-0.142822	
257237	48.9495	2.53177	
257280	52.3871	13.1165	
258480	53.459	6.62288	
258656	51.5207	-0.142822	
258977	-1.71186	113.698	
258981	-1.71186	113.698	
259051	51.5207	-0.142822	
259082	39.4207	26.8072	
259436	51.585	5.06361	
260538	39.4207	26.8072	
260822	39.4207	26.8072	
261006	54.1242	-114.398	
261199	52.3871	13.1165	
261834	40.4192	-3.80118	
262611	39.4207	26.8072	
262650	-23.5108	-46.8823	
262652	18.1416	-66.2542	
263394	39.4207	26.8072	
263654	39.4207	26.8072	
264083	48.9341	2.39861	
265810	51.5207	-0.142822	
265932	47.559	19.2063	
266525	51.5207	-0.142822	
266702	51.5207	-0.142822	
266724	49.1994	-122.913	
267063	49.1994	-122.913	
267242	48.8588	2.34693	
267285	39.4207	26.8072	
267944	39.4207	26.8072	
268007	51.5104	4.41509	
269032	51.5207	-0.142822	
269735	51.5207	-0.142822	
269783	51.5207	-0.142822	
269928	51.5207	-0.142822	
270021	3.32812	101.579	
270657	49.1994	-122.913	
270775	-7.26455	112.738	
270928	49.1994	-122.913	
271019	49.1994	-122.913	
272013	39.4207	26.8072	
272767	39.4207	26.8072	
273731	39.4207	26.8072	
273986	33.451	-88.7915	
274060	52.0233	5.03087	
274213	51.5207	-0.142822	
274571	32.9039	-97.2681	
275791	52.0233	5.03085	
276164	39.4207	26.8072	
276466	-6.16896	106.827	
276504	51.5207	-0.142822	
276760	52.5466	13.4056	
277196	51.5599	4.76485	
277556	51.5677	5.47127	
279434	13.688	-89.2048	
280161	19.4325	-99.1534	
280316	19.4325	-99.1534	
282232	43.3591	-73.7014	
282369	39.4207	26.8072	
283466	41.112	-80.6763	
283479	-5.41688	119.441	
283644	51.4772	-0.887915	
283693	52.0182	4.7085	
283905	51.5207	-0.142822	
284208	51.5118	-0.162971	
284330	-7.66848	109.648	
284727	-7.30945	112.73	
284812	-7.32193	112.742	
285467	49.1994	-122.913	
286132	51.3283	6.08978	
286303	39.4207	26.8072	
286758	52.0111	4.49445	
287007	51.5207	-0.142822	
287073	52.3445	6.65941	
287390	51.5207	-0.142822	
287960	51.5207	-0.142822	
288264	51.5207	-0.142822	
288313	52.528	13.4428	
288376	30.3157	-81.3852	
288824	0.247298	-51.0637	
290413	40.7118	-74.2145	
290627	39.4207	26.8072	
290780	51.5207	-0.142822	
290792	51.5207	-0.142822	
290816	51.5207	-0.142822	
290846	51.5207	-0.142822	
290927	19.3931	-99.1391	
291361	0	0	
291766	38.8936	-77.0146	
292100	-6.90558	107.626	
292527	51.585	5.06361	
292784	51.5207	-0.142822	
292820	51.585	5.06361	
293115	52.1105	6.11219	
293225	39.4207	26.8072	
293491	39.4207	26.8072	
294488	39.4207	26.8072	
294836	48.8898	2.24255	
295049	39.4207	26.8072	
295968	-36.7374	-71.0353	
296318	49.1994	-122.913	
296433	38.7724	-92.3074	
297306	51.5207	-0.142822	
297746	51.5207	-0.142822	
297991	45.7578	4.8351	
298624	48.7771	2.00351	
299354	51.5207	-0.142822	
299974	37.7587	-122.235	
300268	38.9637	35.2433	
300608	39.4207	26.8072	
300626	35.3737	-77.9714	
300677	36.1866	-86.7851	
300869	51.5207	-0.142822	
302627	51.3927	6.14929	
302700	39.4207	26.8072	
302888	19.4325	-99.1534	
302970	39.0959	-77.1465	
304023	53.3475	6.64443	
304719	33.7677	-84.4181	
305341	49.1994	-122.913	
305733	36.1691	-115.074	
305856	51.4774	-0.887674	
306592	51.5207	-0.142822	
307044	51.5207	-0.142822	
307668	39.4207	26.8072	
308696	52.3319	5.53412	
308732	-8.0436	-34.9394	
308808	51.5207	-0.142822	
308922	51.5207	-0.142822	
308950	-7.2771	112.717	
309669	51.5207	-0.142822	
310015	-7.78094	110.364	
310340	45.552	-73.7359	
310437	0.247298	-51.0637	
310881	49.1994	-122.913	
311278	53.1826	5.81839	
311324	39.4207	26.8072	
311443	51.5207	-0.142822	
311564	51.5207	-0.142822	
312232	48.7118	2.37145	
312381	48.7107	2.37311	
312429	48.7118	2.37217	
312533	51.5207	-0.142822	
312684	3.15537	101.514	
313029	51.5207	-0.142822	
313044	42.0722	-88.1518	
313281	51.5207	-0.142822	
313413	13.7634	100.5	
313545	48.6326	2.31295	
313590	-6.18622	106.637	
314094	3.56784	98.6436	
314285	48.383	31.1814	
316704	25.2737	-99.4088	
316935	52.3871	13.1165	
316970	27.4148	-80.3389	
317678	41.8005	-88.1674	
318442	48.6612	2.34512	
319475	52.3871	13.1165	
320012	52.3871	13.1165	
320103	51.5207	-0.142822	
320155	51.5207	-0.142822	
321609	51.5207	-0.142822	
321919	58.0225	56.1443	
321996	53.8232	-1.42522	
322241	52.3871	13.1165	
323163	-7.9725	112.629	
323543	3.14845	101.705	
323628	51.9552	4.54619	
323673	-7.27379	112.756	
323725	48.8177	2.30907	
323843	52.3871	13.1165	
324023	51.5207	-0.142822	
324409	51.4869	-3.1485	
324454	-36.7374	-71.0353	
325179	52.3871	13.1165	
325850	50.6163	37.3015	
326073	51.1252	-114.185	
326077	51.1252	-114.185	
326356	52.3871	13.1165	
326402	51.3934	5.31318	
327572	2.93659	101.623	
327660	51.5207	-0.142822	
327821	51.5207	-0.142822	
328168	51.2339	5.87831	
328423	51.5207	-0.142822	
329221	51.5207	-0.142822	
329225	53.1629	6.37848	
330224	52.3871	13.1165	
330740	51.5207	-0.142822	
332089	51.585	5.06361	
332282	51.5207	-0.142822	
332304	52.3871	13.1165	
332410	52.9704	36.0825	
332682	28.5499	-81.3107	
332786	48.8588	2.34701	
333683	51.4891	-0.0874363	
334018	52.3871	13.1165	
334113	52.3834	13.1196	
334307	40.8676	-74.1075	
334396	33.8373	-117.955	
334525	51.5207	-0.142822	
335686	19.3184	-98.2454	
336082	51.4542	-0.0179565	
336107	-5.79931	-35.2216	
336372	5.38554	-3.98272	
337300	52.3871	13.1165	
337570	45.552	-73.7359	
337727	28.4811	-81.3687	
337737	3.14845	101.705	
337869	-5.79931	-35.2216	
338723	55.7559	37.5483	
339057	-6.16896	106.827	
339074	52.3871	13.1165	
339193	48.781	2.27838	
339403	51.5207	-0.142822	
339802	48.9695	2.40341	
340430	52.3871	13.1165	
341165	48.3884	2.96241	
341327	51.5207	-0.142822	
341551	51.3573	1.01836	
342100	51.5207	-0.142822	
342178	51.5207	-0.142822	
342490	51.5207	-0.142822	
342544	51.5207	-0.142822	
342753	51.5207	-0.142822	
342984	51.5207	-0.142822	
343441	51.5207	-0.142822	
343621	51.5207	-0.142822	
343836	33.7678	-84.4181	
344116	-26.0056	28.0238	
344540	51.5207	-0.142822	
344688	52.3871	13.1165	
344937	-6.20948	106.596	
345539	42.5111	-70.9058	
346325	52.3871	13.1165	
346331	33.7678	-84.4181	
346468	41.8338	-87.7319	
347221	52.3871	13.1165	
347672	51.5207	-0.142822	
348140	46.9853	3.15922	
348209	46.9853	3.15922	
348245	48.8392	2.33878	
348333	51.5207	-0.142822	
348411	52.5055	4.86152	
348512	32.387	-83.3439	
348588	-6.27017	106.875	
349120	40.9485	-74.2424	
349450	51.5207	-0.142822	
349810	51.5207	-0.142822	
350028	51.5207	-0.142822	
350281	-8.0436	-34.9394	
350539	49.1994	-122.913	
350611	-8.0436	-34.9394	
350952	3.14845	101.705	
351066	52.3871	13.1165	
351182	52.3871	13.1165	
351856	42.7194	-84.6871	
352685	51.5207	-0.142822	
354381	30.6918	-88.1786	
355327	48.7588	2.49592	
355649	41.8191	12.7063	
355814	48.8588	2.34693	
356393	51.5207	-0.142822	
357332	52.3871	13.1165	
358647	39.4207	26.8072	
360574	52.3871	13.1165	
360657	52.3871	13.1165	
361095	51.5207	-0.142822	
361212	51.5207	-0.142822	
361463	-8.0436	-34.9394	
361856	30.2036	-85.6033	
362772	51.5207	-0.142822	
363036	51.5207	-0.142822	
363079	52.3461	5.4624	
363132	51.5207	-0.142822	
363641	46.5363	6.57885	
364955	37.7703	-122.436	
365832	3.14845	101.705	
366237	41.7835	-87.6065	
366371	48.6408	2.42495	
366512	39.4207	26.8072	
367606	48.8588	2.34693	
367968	51.5207	-0.142822	
368432	51.5207	-0.142822	
368566	52.3871	13.1165	
368652	48.7734	2.07451	
369629	51.5207	-0.142822	
369943	-6.90558	107.626	
370089	-6.90558	107.626	
370250	37.4928	-77.4637	
370455	40.18	-80.2393	
370651	51.8077	5.82813	
371121	-6.15759	106.762	
371723	51.5207	-0.142822	
371943	52.3871	13.1165	
372163	52.3871	13.1165	
372277	51.9809	5.55241	
372418	52.5142	6.10694	
372441	51.5581	-0.132255	
372848	37.7141	-89.2191	
373535	48.8588	2.34693	
373675	48.3625	1.33228	
373714	32.0641	-81.0796	
373755	48.3625	1.33228	
374363	1.33406	103.847	
374429	-23.7907	-45.5678	
375079	52.3871	13.1165	
375220	38.2753	24.508	
375380	-6.24276	106.868	
375427	38.8048	-77.237	
375470	51.9141	6.56713	
375478	51.9141	6.56713	
375524	51.9141	6.56713	
375881	52.3834	13.1196	
376274	-23.513	-51.0998	
376524	51.5207	-0.142822	
376759	32.3438	-86.246	
376874	51.5207	-0.142822	
377363	52.3871	13.1165	
379117	51.5207	-0.142822	
379179	23.7682	90.3717	
379347	51.5207	-0.142822	
380361	52.3871	13.1165	
380745	40.7036	-73.967	
380839	-6.59948	110.796	
381059	-6.27279	106.764	
381080	0	0	
381863	51.5207	-0.142822	
382137	52.3871	13.1165	
382250	52.3871	13.1165	
382619	22.7894	-98.5974	
383286	51.5207	-0.142822	
383384	13.6875	-89.2036	
383541	40.6974	-73.9797	
383748	33.875	-84.4996	
384451	-25.6522	28.2599	
384979	52.3871	13.1165	
385143	43.4023	6.38898	
385158	52.7057	6.37347	
385452	38.7085	-90.3007	
385924	47.2382	-1.56074	
385976	47.2382	-1.56074	
386719	46.9853	3.15922	
386800	41.2266	-85.1495	
388368	0	0	
389686	52.3871	13.1165	
389973	51.5207	-0.142822	
390121	48.5846	2.56998	
390295	37.1562	-76.5797	
390478	48.7768	1.96119	
390638	39.8773	32.8179	
390804	51.968	6.73115	
391980	52.3871	13.1165	
392224	5.54055	-73.3597	
393406	32.7537	-97.4585	
393681	51.5207	-0.142822	
394331	52.4999	13.3106	
394570	52.3871	13.1165	
394778	52.1867	6.89823	
395530	51.5207	-0.142822	
396170	51.5207	-0.142822	
396242	51.5207	-0.142822	
396248	39.6318	-77.7101	
396505	19.402	-99.0388	
397001	35.6869	139.756	
397904	38.4155	-121.35	
398414	51.5207	-0.142822	
398720	49.1994	-122.913	
399458	51.5207	-0.142822	
399541	52.3871	13.1165	
399928	51.5207	-0.142822	
400242	48.8588	2.34693	
400826	32.5284	-92.1202	
401520	52.1988	4.89889	
401592	51.5207	-0.142822	
402619	39.4207	26.8072	
402873	53.3934	-2.91859	
403026	-25.4953	-49.2884	
403051	39.4207	26.8072	
403490	41.3827	-73.4701	
403649	-2.9534	104.802	
403885	52.3871	13.1165	
404101	48.8588	2.34693	
405459	51.2339	5.87835	
405576	51.585	5.06361	
405688	53.1417	6.37149	
406626	48.8946	2.24293	
408303	48.817	2.52049	
409059	-23.8041	-46.5307	
409061	51.5207	-0.142822	
409082	52.3871	13.1165	
409448	51.5207	-0.142822	
409503	51.5207	-0.142822	
409580	56.9715	24.1287	
410339	-0.789275	113.921	
410340	52.3871	13.1165	
410661	45.0126	-84.6766	
410824	39.1937	-76.87	
410877	52.3871	13.1165	
411320	-7.78094	110.364	
411607	39.745	-84.2188	
411639	31.237	-97.3844	
412671	52.1085	4.58851	
412798	48.6453	2.40106	
413678	51.5207	-0.142822	
413982	-5.14383	119.426	
414122	51.5207	-0.142822	
414848	-23.3921	-46.4538	
415660	52.3871	13.1165	
415707	52.3871	13.1165	
415936	52.3834	13.1196	
416007	-6.90558	107.626	
416177	48.8588	2.34701	
416311	48.9934	1.74571	
416663	39.4207	26.8072	
417464	52.3834	13.1196	
418128	48.9949	2.24864	
418743	51.5207	-0.142822	
418920	52.3871	13.1165	
418951	24.4671	54.3749	
419925	32.8053	-97.1321	
420622	48.9259	2.36846	
421035	38.8936	-77.0146	
421426	33.8974	-118.323	
422031	40.4284	-86.9244	
423021	52.2523	6.77732	
423559	48.8333	2.55566	
423574	49.1994	-122.913	
423630	48.9305	2.42325	
423974	48.8161	2.33556	
424104	42.3527	-83.0992	
425049	51.5207	-0.142822	
426183	35.9741	-115.164	
426195	55.7179	13.2202	
426257	51.5207	-0.142822	
426537	53.459	6.62288	
427284	39.4207	26.8072	
427290	-6.90558	107.626	
427391	52.3871	13.1165	
428165	59.9341	30.3287	
429045	-0.930107	100.362	
429298	-7.14941	-34.882	
429626	48.8588	2.34701	
429715	39.4207	26.8072	
429983	48.7734	2.07451	
431315	51.5584	-0.132592	
431504	39.6107	-75.8221	
431792	43.5831	7.00518	
433159	49.3081	2.61529	
435631	52.3871	13.1165	
435948	51.0272	2.99937	
436561	51.5207	-0.142822	
436652	40.4778	-3.70352	
437282	49.0368	2.05758	
438333	51.4772	-0.887715	
440457	52.3871	13.1165	
440598	51.5207	-0.142822	
440832	51.5207	-0.142822	
441136	29.9002	-90.0092	
441237	34.5627	135.797	
441502	27.6882	-97.3655	
441748	52.3871	13.1165	
441773	40.8456	17.2978	
442113	51.5207	-0.142822	
442720	52.3871	13.1165	
442731	42.3325	-71.0889	
443864	48.9259	2.36795	
443879	42.9907	-85.9508	
444005	52.3871	13.1165	
444117	51.5207	-0.142822	
444243	29.9412	-90.6941	
444297	-6.29538	106.654	
444428	39.4207	26.8072	
444603	25.2789	51.5207	
444724	39.4207	26.8072	
446136	51.5207	-0.142822	
446317	51.5207	-0.142822	
446327	51.5207	-0.142822	
446395	51.5207	-0.142822	
446475	-6.17898	106.987	
446815	52.3871	13.1165	
448364	40.1147	-88.193	
448614	51.5207	-0.142822	
448960	52.3871	13.1165	
449417	-6.90558	107.626	
449472	49.1994	-122.913	
449797	35.6774	139.75	
450290	49.1994	-122.913	
450705	52.3871	13.1165	
451352	51.5207	-0.142822	
452085	33.4312	-82.0648	
452486	-7.78094	110.364	
452581	52.3871	13.1165	
452742	43.0745	-87.8881	
452757	38.5615	-121.461	
453670	51.3819	-0.282529	
455086	51.5207	-0.142822	
456441	52.3871	13.1165	
457241	51.7859	5.29507	
457479	48.7569	2.49977	
457494	52.2147	5.51415	
457743	-6.16896	106.827	
457781	48.383	31.1814	
457891	51.5207	-0.142822	
457938	-19.9187	-43.9598	
458278	52.3871	13.1165	
459783	52.3871	13.1165	
461040	52.3871	13.1165	
461643	48.8588	2.34701	
461969	51.5207	-0.142822	
462098	-6.25441	107.012	
462217	51.4549	3.62991	
462384	52.2328	21.0607	
462690	48.7734	2.07451	
462855	52.3871	13.1165	
463134	51.5207	-0.142822	
463579	-6.29538	106.654	
463812	49.0714	2.10159	
463911	52.3871	13.1165	
464478	25.6603	-100.352	
465077	52.3871	13.1165	
466036	52.3871	13.1165	
466697	46.2533	5.65814	
467333	48.6948	2.5058	
467931	52.3871	13.1165	
467960	33.6245	-80.9266	
468403	40.4778	-3.70352	
468716	41.4049	-81.5558	
469245	3.03296	101.654	
470298	-0.0064452	109.298	
470624	52.3871	13.1165	
471311	33.3955	-111.738	
471628	46.9853	3.15922	
471933	51.5207	-0.142822	
472297	51.5207	-0.142822	
472661	-15.7533	35.0081	
472713	51.5207	-0.142822	
472776	52.3871	13.1165	
472910	52.3871	13.1165	
473286	51.5207	-0.142822	
473669	3.10573	101.667	
473829	52.3871	13.1165	
473886	52.3318	5.51645	
475235	52.3871	13.1165	
475271	-6.16334	106.832	
475506	52.3871	13.1165	
477447	48.8119	2.34277	
477545	39.9648	-82.9363	
477982	-21.708	-43.4228	
478054	52.3871	13.1165	
478173	45.1448	-89.1494	
478688	51.5207	-0.142822	
478724	-28.3065	-53.9244	
478859	47.0776	-122.412	
478865	52.3871	13.1165	
480602	52.8875	4.74179	
481042	48.8119	2.34277	
481098	52.3871	13.1165	
481517	52.3871	13.1165	
481556	-6.16896	106.827	
481560	-6.16896	106.827	
481758	19.4325	-99.1534	
482693	-5.14383	119.426	
482863	52.3871	13.1165	
482958	33.9425	-84.1914	
483169	-15.7763	-47.7966	
483304	42.2679	-71.093	
483401	51.5207	-0.142822	
483510	52.3604	6.85273	
483800	14.6315	121.101	
483950	53.3723	6.22347	
484142	52.1105	6.11219	
484316	51.585	5.06361	
484326	52.3871	13.1165	
484377	53.0179	6.55368	
484419	48.6071	2.55144	
484698	1.5254	103.838	
484744	1.5254	103.838	
484876	-1.15746	-50.5734	
484998	52.9358	7.01483	
485960	48.5846	2.56998	
486410	51.5207	-0.142822	
486562	-6.90558	107.626	
486832	-36.9166	174.755	
487226	35.3874	-96.9108	
487534	52.3871	13.1165	
487557	51.5207	-0.142822	
487965	52.7529	6.95947	
488568	51.9405	5.89948	
488825	3.14845	101.705	
488854	41.0083	28.7897	
489487	-6.16896	106.827	
489658	48.8588	2.34701	
489908	3.14845	101.705	
490005	-6.98266	110.409	
490151	52.3871	13.1165	
490463	52.3871	13.1165	
490868	46.3601	48.0341	
491214	51.7759	4.66985	
491575	52.5467	13.4057	
491749	52.3871	13.1165	
492810	48.8588	2.34693	
493053	51.5207	-0.142822	
493711	48.7161	2.31241	
494006	30.2047	-82.701	
494635	51.5207	-0.142822	
495070	41.8984	12.5451	
495136	43.4416	5.25483	
495472	51.5207	-0.142822	
496763	52.3871	13.1165	
497115	10.2148	-67.9687	
497141	2.74672	101.959	
497305	52.3871	13.1165	
497510	41.8847	-87.6201	
497576	48.7513	1.87748	
497626	52.3871	13.1165	
497661	52.4767	6.05219	
498383	51.5207	-0.142822	
498555	29.481	-98.4934	
498772	41.3543	69.376	
498881	41.8197	12.5556	
498943	48.9341	2.39861	
499827	52.5467	13.4056	
500326	52.3871	13.1165	
500943	38.8048	-77.237	
501114	52.118	-106.657	
501301	51.5207	-0.142822	
501524	53.0498	5.57368	
502007	52.3871	13.1165	
502538	40.2625	-74.8027	
502540	51.5207	-0.142822	
502849	52.1816	5.39898	
502909	-6.9441	107.632	
503110	51.51	3.49766	
503287	52.4767	6.05219	
503386	52.3871	13.1165	
503776	52.3871	13.1165	
504160	49.0206	2.46551	
504403	43.0934	-87.9911	
504535	39.9341	-75.1014	
504586	52.3871	13.1165	
505327	51.0097	5.83185	
505520	1.61249	103.648	
507181	51.5207	-0.142822	
508202	49.1994	-122.913	
509107	59.9527	10.7095	
509607	52.3871	13.1165	
510318	27.3349	88.613	
510692	51.9805	5.92501	
512380	51.5207	-0.142822	
512470	39.4207	26.8072	
512845	33.8237	-84.3689	
512964	39.4207	26.8072	
513363	51.5118	-0.162971	
513707	0.247298	-51.0637	
513717	48.8588	2.34693	
514319	48.8898	2.46564	
515231	51.5207	-0.142822	
515466	51.5207	-0.142822	
515479	41.8005	-88.1674	
515495	41.8005	-88.1674	
515501	52.1983	18.6361	
515883	49.1994	-122.913	
516175	51.5207	-0.142822	
516340	3.04231	101.447	
516902	45.8002	9.08382	
517002	-8.0436	-34.9394	
517126	35.5755	139.354	
517954	48.8636	2.44899	
518230	0.247298	-51.0637	
518680	54.8864	-1.57527	
519092	31.8402	34.9879	
519139	51.5207	-0.142822	
519807	60.171	10.2418	
519852	52.3871	13.1165	
519945	55.7559	37.5483	
520114	48.9533	2.22836	
520170	48.4227	2.15247	
520457	51.5207	-0.142822	
520954	41.8338	-87.7319	
521821	51.5207	-0.142822	
522117	49.1994	-122.913	
522686	51.5207	-0.142822	
523474	52.3871	13.1165	
524504	-7.55918	110.819	
524902	51.5207	-0.142822	
525624	5.71709	115.961	
525719	51.2053	4.42619	
526286	52.3871	13.1165	
526555	52.3871	13.1165	
527251	-1.27159	116.822	
527290	48.7768	1.96119	
527300	48.6772	2.50266	
527394	51.9266	4.25259	
527677	52.4767	6.05219	
527738	43.1168	-79.3299	
528012	52.3871	13.1165	
528357	52.3834	13.1196	
528976	51.5207	-0.142822	
529179	51.9936	-0.729199	
529565	38.9675	-76.1137	
529611	51.4736	5.6531	
529664	3.14845	101.705	
529751	52.3871	13.1165	
529931	-38.029	144.413	
529933	-38.029	144.413	
529964	51.5207	-0.142822	
529987	51.5207	-0.142822	
529999	51.5207	-0.142822	
530018	51.5207	-0.142822	
530374	51.5207	-0.142822	
530654	46.1907	6.13853	
531442	52.3871	13.1165	
532957	52.3871	13.1165	
533157	51.5207	-0.142822	
533235	42.3146	-83.2134	
533653	51.5207	-0.142822	
533980	52.5142	6.10694	
534206	52.3871	13.1165	
534361	-23.0176	-46.979	
534681	52.3871	13.1165	
534722	49.1994	-122.913	
536359	48.5895	2.24626	
536538	51.5207	-0.142822	
536663	51.5207	-0.142822	
536762	48.6772	2.50266	
536776	48.6772	2.50266	
537479	51.8451	-1.96941	
537765	32.3711	-90.1877	
539350	52.3871	13.1165	
540051	39.4207	26.8072	
540219	39.4207	26.8072	
540665	52.1105	6.11219	
540802	52.3871	13.1165	
541070	39.4207	26.8072	
541123	36.7596	-89.5412	
542216	52.3871	13.1165	
543472	51.5207	-0.142822	
543520	51.5207	-0.142822	
543804	52.3871	13.1165	
544185	-7.88293	-36.304	
544261	-23.0614	-45.9175	
544280	52.3871	13.1165	
545786	52.3871	13.1165	
546024	34.6594	-92.4287	
546574	51.5207	-0.142822	
546947	51.5118	-0.162971	
547063	0	0	
547905	51.5207	-0.142822	
547917	51.5207	-0.142822	
548098	48.9409	2.61756	
548832	3.14845	101.705	
549174	-25.1476	-50.071	
549696	-6.17368	106.803	
550616	55.7559	37.5483	
551623	51.5207	-0.142822	
551793	51.5207	-0.142822	
552201	49.1994	-122.913	
552289	41.7598	-72.6399	
552653	48.3612	2.81029	
552819	-8.0436	-34.9394	
553387	57.9232	59.9781	
553803	49.4412	1.0912	
553859	49.4412	1.0912	
554511	48.814	2.51082	
554513	48.814	2.51082	
554959	51.737	0.490645	
555339	-6.95183	107.732	
556230	0.247298	-51.0637	
556407	43.2943	5.40513	
556675	45.7578	4.8351	
556773	51.5207	-0.142822	
556795	51.5207	-0.142822	
556838	14.6482	120.975	
557295	38.119	-84.5255	
557355	52.3871	13.1165	
557837	34.0209	-118.211	
558208	48.383	31.1814	
558414	-1.74911	102.839	
558504	51.5207	-0.142822	
558675	52.5196	13.4515	
559300	3.68904	98.6555	
559673	40.7727	-73.9828	
560254	51.3227	6.09439	
561056	51.5207	-0.142822	
561251	52.3871	13.1165	
562214	-36.7374	-71.0353	
563531	51.5207	-0.142822	
563738	41.8984	12.5451	
563923	-7.2771	112.717	
563931	52.3871	13.1165	
564457	49.1994	-122.913	
565550	51.5207	-0.142822	
565737	51.5207	-0.142822	
566120	51.3178	6.08641	
566260	51.5207	-0.142822	
567001	49.1994	-122.913	
567025	48.8573	2.27258	
567199	38.0141	-121.945	
567953	51.5207	-0.142822	
568292	56.9715	24.1287	
568923	34.776	-86.5264	
568966	51.5207	-0.142822	
569780	-6.16896	106.827	
570230	48.8485	2.594	
570365	-23.9555	-46.5075	
570907	49.1994	-122.913	
571149	43.7051	-70.308	
571567	46.2465	6.13303	
572639	48.8845	2.36068	
572812	52.4869	4.74552	
572851	40.2142	-85.3965	
573124	37.7154	-89.2105	
573173	45.6762	15.6575	
573326	51.5207	-0.142822	
574841	52.3871	13.1165	
575071	51.5207	-0.142822	
575516	51.4485	5.453	
575675	52.3871	13.1165	
576485	51.5207	-0.142822	
577412	48.5421	2.65554	
577876	41.9327	8.70883	
578045	52.3871	13.1165	
578307	-6.16896	106.827	
578701	51.7835	-0.808262	
578868	35.9023	139.705	
579025	1.57954	110.364	
579109	52.3871	13.1165	
579219	51.5207	-0.142822	
579407	49.2909	1.71159	
579722	-6.16896	106.827	
579949	49.1994	-122.913	
581454	-23.4254	-46.0575	
581493	51.5118	-0.162971	
582144	52.3871	13.1165	
583093	52.6363	-1.13111	
583679	51.5207	-0.142822	
583986	-1.15746	-50.5734	
584495	49.1846	-0.372109	
584759	-36.7374	-71.0353	
585188	52.3871	13.1165	
585580	51.5207	-0.142822	
586301	-26.1723	-51.9438	
588784	0.247298	-51.0637	
588839	51.5207	-0.142822	
589229	39.4207	26.8072	
589557	43.6104	3.87427	
590316	-6.90558	107.626	
590531	52.1638	5.39544	
591722	51.5207	-0.142822	
592120	51.5207	-0.142822	
592272	51.585	5.06361	
592294	51.5207	-0.142822	
592338	41.8005	-88.1675	
592501	41.8005	-88.1675	
592720	51.5207	-0.142822	
592779	49.1994	-122.913	
593992	42.5168	-83.183	
594094	39.4207	26.8072	
594298	52.3871	13.1165	
595275	41.8005	-88.1674	
595319	52.3871	13.1165	
595566	41.8005	-88.1674	
595568	-3.1107	-41.4845	
596118	19.4299	-99.2116	
596338	51.5207	-0.142822	
596958	-6.12403	106.894	
597102	-6.29538	106.654	
597754	39.2469	-76.6239	
598283	51.5207	-0.142822	
598441	51.5207	-0.142822	
599199	51.5207	-0.142822	
599879	51.5207	-0.142822	
600036	48.8588	2.34693	
600386	-23.3921	-46.4538	
600510	51.5207	-0.142822	
602132	51.5207	-0.142822	
603128	48.8588	2.34701	
603147	48.8588	2.34701	
603493	51.5207	-0.142822	
603607	51.5207	-0.142822	
603783	39.4207	26.8072	
603952	51.5207	-0.142822	
604095	51.5118	-0.162971	
604184	51.5207	-0.142822	
605091	52.1638	5.39544	
605434	51.5207	-0.142822	
606913	50.861	5.81868	
606986	51.5352	-0.139533	
607316	48.6563	2.35137	
607415	51.5207	-0.142822	
607778	52.5467	13.4056	
608453	51.5207	-0.142822	
609345	38.7965	-76.9693	
609499	48.7391	2.44936	
609928	44.0524	-92.471	
610596	48.5606	2.4929	
610802	3.14845	101.705	
611229	51.5207	-0.142822	
612235	51.5207	-0.142822	
612656	0.247298	-51.0638	
613421	19.4325	-99.1534	
614426	38.7586	-77.1476	
614726	51.9245	4.27161	
615763	52.3871	13.1165	
615781	51.5207	-0.142822	
615993	51.4736	5.6531	
616058	53.6424	-1.7902	
616968	42.6475	-5.53942	
617302	52.2028	4.86162	
617700	49.1994	-122.913	
618187	52.3834	13.1196	
618545	48.7891	2.39509	
618655	-23.4892	-51.7215	
619023	48.8125	2.38735	
619537	51.5207	-0.142822	
619900	48.7391	2.44936	
620010	51.5207	-0.142822	
620065	52.3871	13.1165	
620170	52.3834	13.1196	
620207	40.6974	-73.9797	
620811	51.4736	5.6531	
621692	51.5207	-0.142822	
622034	-6.16896	106.827	
622035	-7.2771	112.717	
622141	-7.46189	110.222	
622552	51.585	5.06361	
623125	29.9085	-90.0224	
623796	51.5207	-0.142822	
623902	-6.16896	106.827	
623949	51.5207	-0.142822	
624219	51.5207	-0.142822	
624226	51.6793	39.236	
624296	52.3871	13.1165	
624768	-23.6828	-46.5955	
625044	51.5207	-0.142822	
625150	-6.22584	106.857	
626161	50.362	3.51876	
626289	43.0868	-87.9683	
626640	46.9853	3.15922	
626765	48.8588	2.34693	
628824	48.9272	2.37069	
629569	52.3834	13.1196	
629647	39.7299	-75.5295	
629653	-2.57242	-59.9803	
630271	-6.26322	106.795	
630940	34.2258	-118.434	
631115	51.9414	5.89568	
631140	51.5207	-0.142822	
632801	59.3942	18.6174	
632965	-6.27574	106.83	
633350	43.1461	-77.6059	
633640	51.5207	-0.142822	
634425	52.1575	5.2966	
634961	52.0182	4.7085	
634965	52.0182	4.7085	
635043	35.5771	-5.34233	
635472	51.5207	-0.142822	
635654	35.9095	-86.8961	
636019	-32.5295	115.714	
636127	40.6252	-75.366	
636209	47.2248	-1.63039	
638583	49.1994	-122.913	
639179	49.1994	-122.913	
639685	38.5865	-90.3518	
640068	52.3834	13.1196	
640110	56.9184	14.8549	
640112	52.3871	13.1165	
641078	51.5207	-0.142822	
641155	51.5207	-0.142822	
641394	55.7559	37.5483	
641489	52.0555	4.30607	
641763	-26.1656	28.2032	
642313	43.3738	-4.51736	
642356	48.9106	2.44582	
642726	39.4207	26.8072	
643010	-7.2771	112.717	
643105	51.585	5.06361	
643740	0.631816	101.416	
644783	51.5207	-0.142822	
645084	39.1937	-76.87	
645259	51.5207	-0.142822	
645294	51.374	6.12783	
646066	43.6452	10.6388	
646563	49.1994	-122.913	
647734	51.5207	-0.142822	
648829	50.7782	5.97428	
649242	40.0025	-75.118	
649342	39.4207	26.8072	
649628	16.2586	-92.301	
650083	3.15023	101.711	
651128	-7.26883	112.668	
651175	38.2753	24.508	
651676	41.8005	-88.1674	
651898	39.4207	26.8072	
653547	14.5715	121.05	
653592	14.5736	121.05	
653617	51.8494	4.8912	
653711	39.0468	-94.411	
653713	48.8588	2.34693	
653730	32.5711	-89.8764	
655873	51.5207	-0.142822	
656322	41.208	-80.5142	
656509	39.4207	26.8072	
656541	51.5207	-0.142822	
656550	39.4207	26.8072	
657191	51.5207	-0.142822	
657206	-6.16896	106.827	
657530	39.4207	26.8072	
657649	-6.16896	106.827	
660038	49.2783	-123.004	
660075	49.1994	-122.913	
660254	51.5207	-0.142822	
660727	49.1994	-122.913	
661684	-6.20328	106.82	
662206	39.4207	26.8072	
662264	39.4207	26.8072	
662287	51.4891	-0.0874363	
662968	39.4207	26.8072	
663241	52.3871	13.1165	
663652	51.5207	-0.142822	
663664	51.5207	-0.142822	
665496	34.0088	-117.443	
665890	27.9944	-82.4681	
666029	51.5207	-0.142822	
666503	51.5207	-0.142822	
666769	-5.99643	106.009	
666783	39.4207	26.8072	
666838	59.9394	30.0922	
666846	59.9394	30.0922	
667330	55.9383	-4.12885	
667464	-22.8952	-47.0303	
668290	-23.9555	-46.5075	
669082	39.4207	26.8072	
669387	39.4207	26.8072	
669805	51.5207	-0.142822	
670659	-24.4958	-47.8554	
670875	51.5207	-0.142822	
671247	42.3357	-71.0948	
671525	51.5207	-0.142822	
671962	51.585	5.06361	
672540	39.4207	26.8072	
672881	29.8239	-95.4621	
672927	51.5207	-0.142822	
673322	-7.87435	110.423	
673471	51.5207	-0.142822	
673577	51.5207	-0.142822	
673892	52.9539	-1.16654	
674030	35.0941	-78.8933	
674061	32.7726	-91.9074	
674900	52.3871	13.1165	
675592	45.3516	-73.7291	
675638	51.5207	-0.142822	
675962	39.4207	26.8072	
676069	39.4207	26.8072	
676146	-7.2771	112.717	
676899	48.8588	2.347	
677366	5.67384	-0.0305671	
677716	21.0014	-89.5734	
677896	51.5207	-0.142822	
678761	51.5207	-0.142822	
679007	46.0353	13.2215	
679660	51.5207	-0.142822	
681500	33.4337	-117.62	
682120	51.5207	-0.142822	
682468	39.4207	26.8072	
682968	51.5803	4.56801	
684083	33.4337	-117.62	
684973	51.5207	-0.142822	
685553	39.4207	26.8072	
685632	40.6037	-74.0637	
686072	47.8573	1.91342	
687152	52.4514	4.62013	
688299	51.9585	6.28045	
689386	49.2918	-0.0986576	
689626	43.0919	-83.6356	
690312	48.7737	2.05627	
690633	42.637	-71.3269	
690998	-34.0532	18.4396	
691128	39.4207	26.8072	
691189	29.8607	-95.5061	
691273	31.6354	-82.9046	
691631	39.4207	26.8072	
692046	43.0966	-87.9352	
692553	-8.0436	-34.9394	
692755	51.5585	-0.132372	
693589	51.5207	-0.142822	
693820	59.9341	30.3287	
695754	39.727	-75.5472	
695977	39.4207	26.8072	
695995	51.5207	-0.142822	
696439	52.2328	21.0607	
696632	48.1919	16.3399	
697650	51.5207	-0.142822	
698087	51.5207	-0.142822	
698269	-14.2393	-53.1848	
698298	51.5207	-0.142822	
698612	38.9637	35.2433	
698764	48.7321	2.40757	
698806	51.5207	-0.142822	
699033	51.5207	-0.142822	
699249	51.5207	-0.142822	
699254	39.4207	26.8072	
699293	51.5207	-0.142822	
699564	51.5207	-0.142822	
699615	40.6974	-73.9797	
699682	51.5207	-0.142822	
699840	51.5207	-0.142822	
700019	48.8588	2.34693	
700125	48.9493	2.52752	
700250	48.6297	2.44188	
700294	48.9552	2.3203	
700435	48.8661	2.46796	
700586	47.9948	-4.10763	
700774	49.4962	0.131479	
700821	51.5207	-0.142822	
700831	52.3834	13.1196	
701126	51.5207	-0.142822	
701204	53.3779	-1.47392	
701602	51.5207	-0.142822	
702125	48.6297	2.44188	
702625	51.5207	-0.142822	
702692	51.5207	-0.142822	
703393	51.5207	-0.142822	
703741	48.6414	2.42357	
703821	51.5207	-0.142822	
703913	49.0374	2.04592	
704102	51.5207	-0.142822	
704241	52.3871	13.1165	
704907	52.1656	5.30362	
704910	43.5401	6.95253	
704954	43.6008	1.4329	
705016	33.7974	-117.941	
705278	51.5207	-0.142822	
705440	39.9495	-82.9389	
705513	34.0209	-118.211	
705592	49.4962	0.131479	
705656	51.5207	-0.142822	
705830	34.0825	-118.4	
705973	51.5207	-0.142822	
706255	52.3871	13.1165	
706742	52.3832	4.77222	
706747	-8.26754	113.682	
707280	56.497	-2.95518	
707666	39.4207	26.8072	
707987	52.7173	6.45307	
708335	51.5207	-0.142822	
708401	37.4022	-122.095	
708416	52.3871	13.1165	
708771	39.4207	26.8072	
708980	48.3884	2.96241	
709393	51.5207	-0.142822	
709476	37.6323	-0.720397	
709714	34.3985	-119.75	
709769	-6.18622	106.637	
709811	2.92776	101.76	
709987	48.6297	2.44188	
710333	52.3834	13.1196	
710439	38.8936	-77.0146	
710654	48.8247	2.51241	
710761	35.3993	-119.092	
710846	51.5207	-0.142822	
710992	51.5207	-0.142822	
711063	51.5207	-0.142822	
711135	51.5207	-0.142822	
711272	50.4756	2.66416	
711337	51.5207	-0.142822	
711550	51.5207	-0.142822	
711632	51.5207	-0.142822	
711656	48.6424	2.4231	
711735	48.5972	2.46434	
711796	45.7578	4.8351	
711871	50.8526	6.07327	
712149	48.7336	2.43972	
712167	48.9228	2.28451	
712223	51.5207	-0.142822	
712225	49.0374	2.04592	
712330	48.7736	1.99674	
712431	39.4207	26.8072	
712947	51.5207	-0.142822	
713017	51.5207	-0.142822	
713042	51.5207	-0.142822	
713069	44.3992	-122.702	
713089	51.5207	-0.142822	
713140	51.5207	-0.142822	
713202	51.5207	-0.142822	
713247	51.5207	-0.142822	
713715	43.694	-79.291	
713727	-7.97656	112.628	
713958	52.3871	13.1165	
714178	52.1908	4.4131	
714208	48.6563	2.35137	
714287	33.4529	-112.202	
714652	0	0	
714700	3.03513	101.588	
714769	48.8951	2.34737	
715122	48.8286	2.16888	
715326	48.383	31.1814	
715379	45.352	10.1419	
715393	48.8333	2.55566	
715469	51.5207	-0.142822	
715573	51.5207	-0.142822	
715797	51.5207	-0.142822	
715812	52.638	4.73975	
715861	48.6189	2.97564	
715928	51.5207	-0.142822	
716025	48.9925	2.38562	
716080	51.5207	-0.142822	
716187	51.5207	-0.142822	
716222	51.5207	-0.142822	
716324	51.5207	-0.142822	
716396	51.5207	-0.142822	
716456	51.5207	-0.142822	
716706	51.8789	6.07713	
716785	51.5207	-0.142822	
716824	39.4207	26.8072	
716847	48.3884	2.96241	
716858	51.5207	-0.142822	
716893	51.5207	-0.142822	
717013	48.8588	2.34701	
717244	42.2701	-71.1028	
717266	48.7529	2.29985	
717286	51.5207	-0.142822	
717691	51.5207	-0.142822	
717712	44.9797	-93.2343	
717863	48.9695	2.40341	
717932	51.5207	-0.142822	
718055	51.5207	-0.142822	
718119	46.9853	3.15922	
718123	46.9853	3.15922	
718146	51.5207	-0.142822	
718161	5.63259	-73.5227	
718187	51.5207	-0.142822	
718227	51.5207	-0.142822	
718238	39.4207	26.8072	
718283	41.8984	12.5451	
718284	41.8984	12.5451	
718387	51.5207	-0.142822	
718389	39.4207	26.8072	
718517	51.5207	-0.142822	
718701	51.5207	-0.142822	
718705	39.4207	26.8072	
718717	51.5207	-0.142822	
718730	49.0374	2.04592	
718811	48.8376	2.243	
718831	51.5207	-0.142822	
718865	51.5207	-0.142822	
718978	51.5207	-0.142822	
719005	48.9458	2.49126	
719017	48.9458	2.49126	
719031	48.9458	2.49126	
719074	48.9323	2.26864	
719082	48.8081	2.55434	
719109	51.5207	-0.142822	
719128	51.5207	-0.142822	
719146	48.9519	2.32683	
719178	51.5207	-0.142822	
719187	48.9547	2.32474	
719216	46.9853	3.15922	
719220	48.6948	2.5058	
719256	48.6917	2.37255	
719303	51.5207	-0.142822	
719329	51.5207	-0.142822	
719338	48.9458	2.49126	
719379	46.9853	3.15922	
719383	51.5207	-0.142822	
719459	51.5207	-0.142822	
719482	51.5207	-0.142822	
719503	51.5118	-0.162971	
719508	46.9853	3.15922	
719511	48.9638	2.30031	
719545	-6.97661	107.631	
719568	51.5207	-0.142822	
719594	48.7023	2.42749	
719607	51.5207	-0.142822	
719637	51.5207	-0.142822	
719661	51.5207	-0.142822	
719746	51.5207	-0.142822	
719802	51.5207	-0.142822	
719862	51.5207	-0.142822	
719878	51.5207	-0.142822	
719886	51.5207	-0.142822	
719897	48.8002	1.82605	
720110	52.2277	5.18464	
720133	48.9378	2.53099	
720143	48.9552	2.32031	
720144	51.5207	-0.142822	
720207	48.95	2.24785	
720275	51.5207	-0.142822	
720279	51.5207	-0.142822	
720298	51.5207	-0.142822	
720308	51.5207	-0.142822	
720332	51.5207	-0.142822	
720351	51.5207	-0.142822	
720454	51.5207	-0.142822	
720456	51.5207	-0.142822	
720488	51.5207	-0.142822	
720504	48.5303	2.25007	
720577	51.6079	-0.2118	
720601	42.3144	-70.9703	
720658	51.5207	-0.142822	
720748	51.5207	-0.142822	
720779	51.5207	-0.142822	
720795	48.9458	2.49126	
720805	51.5207	-0.142822	
720871	48.9889	2.30031	
721050	48.8644	2.54208	
721115	51.5207	-0.142822	
721149	51.5207	-0.142822	
721157	51.5207	-0.142822	
721178	48.9925	2.38562	
721336	51.5207	-0.142822	
721534	51.5207	-0.142822	
721868	51.5118	-0.162971	
721879	51.5207	-0.142822	
722199	48.6189	2.97564	
722215	51.5207	-0.142822	
722248	51.5207	-0.142822	
722291	51.5207	-0.142822	
722372	48.6297	2.44188	
722427	48.2632	2.71856	
722589	13.7972	100.685	
722691	46.9393	2.52124	
722717	48.6189	2.97564	
722747	51.5207	-0.142822	
722772	51.5207	-0.142822	
722810	48.7873	2.61219	
723212	51.5207	-0.142822	
723216	48.9374	2.17431	
723367	51.5207	-0.142822	
723420	51.5207	-0.142822	
723618	65.326	21.4703	
723943	48.7994	2.36077	
724140	48.8335	2.53511	
724606	39.8113	-84.2022	
724786	51.5207	-0.142822	
725414	51.5207	-0.142822	
725497	-7.14941	-34.882	
725824	51.5207	-0.142822	
725845	48.6189	2.97564	
725954	51.5207	-0.142822	
725970	39.4207	26.8072	
725999	48.6189	2.97564	
726009	51.5207	-0.142822	
726066	48.6662	2.37574	
726080	51.5207	-0.142822	
726190	51.5207	-0.142822	
726325	51.5207	-0.142822	
726889	48.7259	2.47299	
727516	52.1908	4.4131	
727598	48.8386	2.54565	
727639	49.0374	2.04592	
727642	49.0374	2.04592	
727708	48.6297	2.44188	
728010	48.857	2.49481	
728022	48.8644	2.54208	
728089	48.6702	2.37801	
728205	38.9637	35.2433	
728328	48.6297	2.44188	
728551	-3.12261	-60.0005	
728594	48.6414	2.42353	
728605	48.6391	2.42402	
728623	48.5238	2.69875	
728701	38.7268	-77.117	
728795	49.0016	2.28927	
729365	49.0087	2.39704	
729541	48.885	2.37034	
729711	37.6324	-0.7204	
729771	52.3871	13.1165	
729967	48.6189	2.97564	
730299	48.8588	2.34701	
730992	48.1159	-1.68833	
731032	52.3834	13.1196	
731121	-3.12261	-60.0005	
731854	48.6696	2.69748	
731864	52.9109	6.40789	
732364	38.2753	24.508	
732669	33.6245	-80.9266	
734308	44.7539	37.7704	
734630	-7.2771	112.717	
735114	48.6189	2.97564	
735341	53.0148	5.67411	
735516	48.6419	2.4227	
735641	49.2773	0.997367	
735761	3.17466	101.736	
736144	52.3871	13.1165	
737090	38.2753	24.508	
737159	51.5207	-0.142822	
737319	51.5207	-0.142822	
737452	51.5207	-0.142822	
737757	52.3834	13.1196	
737969	51.5207	-0.142822	
738002	48.5421	2.65554	
738182	45.8975	1.29712	
738613	48.871	2.21826	
738816	52.3871	13.1165	
739057	48.8588	2.34693	
739381	42.3786	-71.1122	
739691	40.7124	-73.9191	
739712	48.8588	2.34693	
739720	40.8027	-84.0312	
740547	52.1794	5.90278	
741092	51.5207	-0.142822	
741104	52.3871	13.1165	
741290	53.2768	5.98029	
741538	51.5207	-0.142822	
741621	51.5207	-0.142822	
741722	40.3653	-82.6694	
741959	48.9438	2.57351	
742829	51.5207	-0.142822	
743253	48.8095	2.47177	
743285	48.7316	2.45951	
743564	52.3871	13.1165	
743597	48.8588	2.34701	
743627	50.2786	3.93707	
743894	52.3834	13.1196	
743976	14.5547	121.043	
744051	32.706	-97.2928	
744195	51.5207	-0.142822	
744287	48.6897	2.30131	
744390	51.5207	-0.142822	
744470	48.9695	2.40341	
744699	51.5207	-0.142822	
745575	14.6288	-61.0783	
745623	51.5207	-0.142822	
745847	49.0224	2.10029	
745998	51.5207	-0.142822	
746074	51.5207	-0.142822	
746188	5.57276	-0.15253	
746457	55.7559	37.5483	
746637	42.0712	-88.0456	
746723	52.3871	13.1165	
747253	51.5207	-0.142822	
747272	38.8596	-76.9205	
747450	51.5207	-0.142822	
747763	51.5207	-0.142822	
747966	51.5207	-0.142822	
748164	51.5207	-0.142822	
748273	39.4813	-80.1635	
748444	51.5207	-0.142822	
748621	51.5207	-0.142822	
749073	48.3884	2.96241	
749085	51.5207	-0.142822	
749210	51.5207	-0.142822	
749455	51.5207	-0.142822	
749824	51.5207	-0.142822	
749941	51.5207	-0.142822	
749978	-7.97656	112.628	
750071	51.5207	-0.142822	
750172	48.639	2.42505	
750478	51.5207	-0.142822	
750568	51.5207	-0.142822	
750921	51.5207	-0.142822	
750989	39.4207	26.8072	
751008	22.6262	88.4173	
751111	38.6531	-90.2435	
751341	34.0209	-118.211	
751347	51.5207	-0.142822	
751450	48.7784	2.59536	
751459	51.5207	-0.142822	
752316	48.5402	2.62374	
754085	49.245	-0.0244	
754282	47.0781	2.39819	
754447	61.3316	23.7565	
754750	48.9704	2.39923	
754814	52.3871	13.1165	
755497	52.083	-106.63	
756085	48.8999	2.33937	
756117	48.8815	2.43374	
756159	48.8588	2.34693	
756304	48.8999	2.33947	
756622	51.2614	5.98464	
757065	10.2078	-68.007	
757948	50.8804	4.3347	
758062	43.4509	5.26554	
758882	52.3834	13.1196	
759230	48.918	2.29348	
759749	52.3871	13.1165	
759911	48.5146	2.61998	
760930	52.3871	13.1165	
761230	41.2345	-85.1502	
761678	39.4207	26.8072	
761698	51.5207	-0.142822	
761842	51.5207	-0.142822	
762098	51.5207	-0.142822	
762204	51.5207	-0.142822	
762307	39.4207	26.8072	
762339	51.5207	-0.142822	
762972	-6.90558	107.626	
763200	52.2478	5.58025	
763442	52.3834	13.1196	
763485	51.8911	-0.427444	
763900	48.6189	2.97564	
764056	48.8588	2.34693	
764124	50.8302	4.34216	
764245	43.9342	4.87156	
764472	46.9853	3.15922	
764607	48.8588	2.34693	
764662	49.0266	2.21214	
764853	48.4227	2.15247	
764969	33.7526	-84.4895	
765137	48.8397	2.65174	
765195	52.3834	13.1196	
765332	52.0182	4.7085	
765470	48.8588	2.34693	
765503	48.9546	2.32925	
765608	51.5207	-0.142822	
765714	51.5207	-0.142822	
765871	51.5207	-0.142822	
766266	51.5207	-0.142822	
766288	48.9196	2.0352	
766299	52.3871	13.1165	
766413	51.5207	-0.142822	
766421	40.4778	-3.70352	
766422	48.8588	2.34693	
766432	50.9419	0.206954	
766985	51.5207	-0.142822	
767113	49.0374	2.04592	
767149	51.5207	-0.142822	
767571	51.5207	-0.142822	
768329	51.5207	-0.142822	
768680	-6.90558	107.626	
768860	54.6303	-5.94374	
769302	48.9676	2.11325	
769317	41.8004	-88.1675	
769580	40.6974	-73.9797	
769915	51.5207	-0.142822	
770322	51.5207	-0.142822	
770368	52.2551	6.70072	
770594	51.5207	-0.142822	
770616	51.5207	-0.142822	
770757	51.4574	3.56457	
770911	52.2937	5.61837	
771804	48.7089	2.3776	
772146	49.0518	2.0797	
772375	4.51488	101.166	
772908	48.1761	6.44995	
772927	-6.16896	106.827	
773117	48.7407	2.22724	
773320	52.3871	13.1165	
773407	52.3871	13.1165	
774173	-6.25317	106.841	
774281	48.9492	2.37739	
774423	52.3871	13.1165	
774547	48.8588	2.34701	
774567	31.6464	-8.01268	
774636	52.3871	13.1165	
774655	38.438	27.1421	
775176	52.3871	13.1165	
775284	-5.14383	119.426	
775500	52.3871	13.1165	
775766	48.5156	3.7144	
775970	52.3871	13.1165	
776312	52.3871	13.1165	
776444	-7.75499	110.407	
776700	48.8398	2.2798	
776720	48.9501	2.92619	
776766	52.3871	13.1165	
777350	52.3871	13.1165	
777351	52.3871	13.1165	
777456	52.3871	13.1165	
777457	52.3871	13.1165	
777531	49.4921	0.123038	
777989	48.7757	2.34854	
778241	50.631	3.0472	
778276	48.8454	2.62703	
778478	48.8314	2.56786	
778501	48.8314	2.31087	
778572	49.0668	2.06227	
778736	-7.2771	112.717	
779257	52.3871	13.1165	
779614	46.6485	0.244562	
779711	47.3802	0.69273	
780056	49.1846	-0.310505	
780309	52.3871	13.1165	
780841	52.3871	13.1165	
780922	2.05313	102.587	
780951	52.3871	13.1165	
781363	41.0271	39.5618	
781939	43.3667	5.35523	
782353	40.1314	-75.5181	
782367	-7.3894	112.757	
782908	52.3871	13.1165	
783615	48.6802	2.38387	
783678	52.3871	13.1165	
783951	52.3871	13.1165	
784002	52.3871	13.1165	
784309	52.3871	13.1165	
784343	52.3871	13.1165	
784496	35.0774	135.93	
784719	52.3871	13.1165	
784957	56.6283	47.8837	
784959	1.48299	103.392	
784973	49.046	2.62541	
785017	49.0849	2.76692	
785777	52.3871	13.1165	
785888	48.6261	2.54569	
785964	52.3871	13.1165	
786041	48.8588	2.34701	
786372	3.02795	101.679	
786555	48.7755	2.34826	
786582	52.3871	13.1165	
786751	52.3871	13.1165	
786753	52.3871	13.1165	
787377	52.3871	13.1165	
787439	34.0616	-117.89	
787599	54.271	-8.47802	
787727	3.14845	101.705	
788388	48.9218	2.24693	
788875	52.3871	13.1165	
789225	52.3871	13.1165	
789389	52.3871	13.1165	
789434	52.3871	13.1165	
789436	52.3871	13.1165	
789550	48.8658	2.19671	
790056	52.3871	13.1165	
790237	47.9376	1.92102	
790464	48.9218	2.24693	
790646	45.5617	4.28996	
790692	41.8978	12.4287	
790719	52.3871	13.1165	
791043	52.3871	13.1165	
791107	53.3933	-2.91859	
791823	48.5146	2.61998	
791931	52.3871	13.1165	
791936	48.9145	2.25291	
792211	52.3871	13.1165	
792602	52.3871	13.1165	
792604	52.3871	13.1165	
792882	48.8918	2.45785	
792966	52.3871	13.1165	
792968	52.3871	13.1165	
793127	51.4871	5.14999	
793548	48.9495	2.88906	
793650	52.3871	13.1165	
793684	52.3871	13.1165	
794038	2.04811	103.382	
794628	40.4778	-3.70351	
794676	48.884	2.47384	
794723	48.5445	2.6389	
794832	53.7172	27.9867	
794833	52.3871	13.1165	
794963	52.3871	13.1165	
795330	-33.9505	18.3788	
795469	32.789	-97.3728	
795814	48.7039	2.45657	
795962	-23.3921	-46.4539	
796471	-6.95462	107.584	
796614	48.817	2.5205	
796705	52.3871	13.1165	
796987	48.5846	2.56998	
797029	-1.23047	116.845	
797433	49.0544	2.1014	
797550	40.4778	-3.70351	
798201	48.8992	2.60043	
798340	52.3871	13.1165	
798542	52.3871	13.1165	
798790	52.3871	13.1165	
798927	-6.18961	106.759	
799100	52.3871	13.1165	
799359	-5.16413	119.45	
799403	42.9311	-78.8349	
799424	52.3834	13.1196	
799577	52.3871	13.1165	
800153	52.3871	13.1165	
800365	48.6223	2.41189	
800483	52.3871	13.1165	
800630	52.3871	13.1165	
800987	49.1846	-0.310512	
801094	49.0374	2.04594	
801383	53.2767	5.98029	
801587	52.3871	13.1165	
801827	51.9103	4.50683	
801919	3.29526	101.649	
802062	52.3871	13.1165	
802440	52.3871	13.1165	
802508	48.5146	2.61998	
802765	52.3871	13.1165	
802959	52.3871	13.1165	
803051	39.9921	-75.1471	
803170	43.0971	-93.6127	
803590	48.9959	2.37153	
803743	52.3871	13.1165	
803926	52.3871	13.1165	
805090	51.8702	4.36109	
805306	48.9099	2.28683	
805461	-6.98884	110.441	
805767	48.5606	2.4929	
806134	52.3834	13.1196	
806185	52.3871	13.1165	
806189	52.3871	13.1165	
806230	48.8993	2.36999	
806356	41.7189	-87.5487	
806545	34.9898	-85.2094	
806769	49.8311	3.32357	
807155	13.654	-89.1845	
807709	55.9183	-3.26502	
807758	8.28225	-62.7503	
808127	48.8491	2.81688	
808314	48.7736	1.99674	
808317	48.8842	2.36791	
808347	48.7768	1.96119	
808419	52.3871	13.1165	
808514	41.9173	-88.0685	
808603	55.7559	37.5483	
808831	52.3834	13.1196	
809015	48.8408	2.5626	
809180	48.9493	2.88929	
809346	39.5627	-119.82	
809365	42.7466	-75.77	
809578	55.3498	-131.672	
809774	48.8588	2.34701	
809777	51.3673	1.12743	
809977	48.8125	2.38735	
809999	41.9544	12.773	
810900	45.4899	-122.539	
810967	55.3486	-131.671	
811212	48.8588	2.34693	
811877	48.8843	2.36781	
812445	45.7359	-122.642	
812628	48.87	2.45934	
813454	52.3834	13.1196	
813605	32.3609	-86.3554	
813793	-27.4577	153.036	
814348	51.1261	-0.194302	
814472	1.5823	103.739	
815858	48.9696	2.40341	
816140	1.5823	103.739	
816498	44.2151	20.9238	
816573	40.7522	-73.0131	
816763	52.3834	13.1196	
816882	48.824	2.26268	
817295	49.6116	19.3258	
817308	48.808	2.55491	
817316	46.6758	5.5573	
817467	14.6626	120.945	
818172	52.3871	13.1165	
818243	48.9607	2.36362	
818499	50.631	3.0472	
818755	48.5156	3.71442	
819407	52.3834	13.1196	
819560	50.631	3.0472	
819827	3.15782	101.775	
820655	38.6275	-77.3202	
820843	44.7036	-0.460157	
821039	53.2976	-3.06885	
821081	41.0809	29.035	
821309	48.7705	2.40175	
822016	48.8588	2.34693	
822377	48.7321	2.40757	
822694	52.3871	13.1165	
823208	52.3871	13.1165	
823598	3.05794	101.536	
824077	51.9282	4.47602	
824379	-8.70972	115.234	
824472	48.8205	3.08829	
824868	48.9796	2.61159	
824961	52.3871	13.1165	
824964	52.3871	13.1165	
825083	52.3871	13.1165	
825115	48.8959	2.34515	
825190	52.3871	13.1165	
825354	48.996	1.69169	
825401	52.3871	13.1165	
825753	48.5412	2.62892	
825890	51.8126	3.95065	
825985	48.6007	2.47721	
826883	30.4648	-87.2895	
827053	48.9437	2.38113	
827058	52.3871	13.1165	
827494	19.2524	-99.5724	
827945	42.4834	-70.9576	
827973	-25.4953	-49.2884	
828007	49.4414	1.09778	
828352	48.9007	2.37032	
828571	48.9031	2.50071	
828759	50.7324	2.74208	
828808	48.8517	2.43502	
828970	51.5207	-0.142822	
829958	52.3871	13.1165	
830052	39.9322	-75.1777	
830516	48.8588	2.34701	
831424	52.3834	13.1196	
831617	38.9637	35.2433	
832498	54.5362	36.2486	
832590	48.8433	2.50449	
832695	2.95861	101.792	
832742	45.7567	9.85388	
833160	52.3871	13.1165	
833324	52.3871	13.1165	
833855	48.9171	2.51599	
833882	43.0913	2.93914	
834228	52.3871	13.1165	
834230	52.3871	13.1165	
834376	48.8269	2.36693	
834496	49.0746	2.68004	
834565	48.8257	2.33743	
834771	48.8588	2.34701	
835491	-7.2771	112.717	
836995	49.4545	1.14175	
837002	-25.4951	-49.2884	
837056	48.9858	2.46036	
837266	52.3871	13.1165	
837474	-7.2771	112.717	
837560	41.875	-87.6406	
837602	41.879	-87.6397	
838179	33.9715	-118.036	
838268	52.3871	13.1165	
838357	48.8956	2.36299	
838428	52.3871	13.1165	
838433	48.6719	2.29109	
838610	-25.4951	-49.2884	
838786	41.1213	-81.5033	
839371	52.3871	13.1165	
839514	44.8637	-0.586176	
840135	-8.28564	-35.9716	
840225	45.0665	-93.3296	
840271	-6.16896	106.827	
840626	48.9081	2.54327	
840634	46.2078	6.14229	
840754	-6.16896	106.827	
841407	49.4713	1.11854	
841455	56.0589	54.2785	
841551	52.3834	13.1196	
841826	52.3871	13.1165	
841983	61.2734	73.4332	
842070	48.9516	2.33234	
842145	48.8588	2.34701	
842519	46.151	-122.954	
842813	52.3871	13.1165	
842893	52.0495	-0.822518	
843054	49.0015	2.09921	
843452	6.39403	100.207	
843483	2.72105	101.905	
843755	48.6476	44.3981	
843918	52.3871	13.1165	
845313	48.8333	2.55566	
845478	52.3871	13.1165	
845482	52.3871	13.1165	
845709	52.3834	13.1196	
846193	48.9858	2.46036	
846691	-41.3255	174.827	
847184	52.3871	13.1165	
847342	52.3871	13.1165	
847592	52.3871	13.1165	
847888	45.7909	4.88554	
847952	3.86983	11.4473	
848616	48.6447	2.20007	
849336	52.3871	13.1165	
849442	52.3871	13.1165	
849447	52.3871	13.1165	
849687	-6.35789	106.495	
849737	48.4368	1.50269	
849832	48.8588	2.34701	
849963	48.383	31.1814	
850130	14.633	120.974	
850154	40.4778	-3.70352	
850212	37.3095	-122.044	
850488	52.3871	13.1165	
850543	48.8898	6.38754	
851155	52.3871	13.1165	
851172	52.3871	13.1165	
851177	52.3871	13.1165	
851179	52.3871	13.1165	
851181	52.3871	13.1165	
851186	45.4145	-75.6583	
851600	5.38853	100.409	
851972	48.7772	2.47301	
852347	-30.0997	-51.1593	
852605	52.3871	13.1165	
852654	48.8848	2.3446	
852671	52.3871	13.1165	
852931	52.3871	13.1165	
853209	50.631	3.0472	
853320	44.8637	-0.586176	
853951	49.0374	2.04594	
853999	43.4688	-80.5454	
854008	49.002	2.41395	
854056	-5.14383	119.426	
854140	52.3871	13.1165	
854422	52.3871	13.1165	
854527	52.3871	13.1165	
854906	-25.7565	28.2408	
855143	52.3871	13.1165	
855147	52.3871	13.1165	
855151	52.3871	13.1165	
855389	13.6904	100.65	
855435	49.0079	2.40162	
855468	48.6403	2.42701	
855673	52.3871	13.1165	
856244	47.6617	1.9301	
856505	-7.82024	110.398	
856646	48.9932	2.17155	
857335	49.2863	2.46366	
857964	52.3871	13.1165	
858445	52.3871	13.1165	
858599	52.3871	13.1165	
858745	41.7625	-72.757	
858804	52.3834	13.1196	
858835	-7.97656	112.628	
858990	48.1164	-1.66302	
859025	48.1206	-1.65223	
859133	5.46731	-73.4142	
859729	-6.16896	106.827	
859732	36.2604	-115.085	
859944	-6.28264	106.8	
860317	39.8456	-86.0358	
860495	48.8668	2.36244	
860571	48.9336	2.28771	
860677	52.6439	4.82514	
860831	48.6189	2.97564	
861184	39.6852	-75.638	
861281	48.6293	2.45188	
861308	52.3871	13.1165	
861485	40.293	-3.77579	
861520	52.3871	13.1165	
861534	33.489	-86.7745	
861591	48.8503	2.47352	
861921	55.7559	37.5483	
862060	-6.16896	106.827	
862319	53.6882	-2.44559	
862366	40.073	-74.7243	
862547	48.789	2.59996	
862591	48.7708	2.46579	
863226	-23.6828	-46.5955	
863463	52.3871	13.1165	
863664	-6.31828	107.147	
863668	52.3871	13.1165	
863684	52.3871	13.1165	
863786	48.9396	2.16049	
863981	52.3871	13.1165	
864470	52.3871	13.1165	
864512	48.8563	2.30632	
864881	34.0607	-118.29	
864966	48.9917	2.41325	
865264	13.6595	-89.188	
865400	48.6443	7.72668	
865544	34.0209	-118.211	
865609	52.3871	13.1165	
865975	48.7763	2.45485	
866089	52.3871	13.1165	
866173	48.8588	2.34701	
866207	48.982	1.91483	
866737	48.9651	2.34327	
866938	1.33406	103.847	
866959	1.33406	103.847	
867104	52.3871	13.1165	
867673	38.7145	-9.2264	
867693	-7.97656	112.628	
868498	52.3871	13.1165	
868998	48.7738	2.34852	
869024	52.3871	13.1165	
869648	48.8571	2.48537	
869949	39.1865	-96.5685	
870111	-6.29538	106.654	
870175	52.3871	13.1165	
870178	52.3871	13.1165	
870479	52.3871	13.1165	
870481	48.7649	2.47529	
870534	52.3871	13.1165	
870542	48.8728	2.22018	
870699	52.3871	13.1165	
870730	48.9723	1.91879	
871195	-6.84219	106.761	
871427	52.3871	13.1165	
871654	48.9462	2.38553	
872060	52.3871	13.1165	
872062	52.3871	13.1165	
872434	34.0538	-118.274	
872487	48.383	31.1814	
872862	-7.2771	112.717	
873175	51.6948	4.72553	
873195	3.04231	101.447	
873246	48.9049	2.48364	
873335	52.3871	13.1165	
873546	48.8504	2.64575	
873582	48.8506	2.6462	
873677	52.3871	13.1165	
873681	52.3871	13.1165	
874109	36.7967	-4.68937	
874309	5.35587	103.097	
874342	52.3871	13.1165	
874748	43.3005	5.3788	
874970	-7.65408	111.35	
875105	52.3871	13.1165	
875109	52.3871	13.1165	
875172	52.3871	13.1165	
875924	48.7754	2.34828	
876015	52.3871	13.1165	
876563	48.777	2.34826	
876712	52.3871	13.1165	
876797	52.3871	13.1165	
876823	47.5808	12.1609	
877256	3.03296	101.654	
877393	10.5343	-71.6506	
877547	48.383	31.1814	
877981	52.3871	13.1165	
878057	-6.2318	107.025	
878120	51.427	7.66398	
878280	52.3871	13.1165	
878284	52.3871	13.1165	
878716	48.7757	2.34818	
878959	52.3871	13.1165	
879083	52.3871	13.1165	
879150	48.5831	2.22397	
879265	52.3871	13.1165	
879298	41.8335	-87.7319	
879698	3.03296	101.654	
879802	48.4772	2.32708	
879835	52.3871	13.1165	
879906	50.656	3.03655	
880034	35.595	-81.2547	
880054	48.7967	2.32454	
880235	48.8774	2.41106	
880248	49.0024	2.1242	
880283	48.8281	3.03024	
880532	48.6292	2.45186	
880797	52.3871	13.1165	
880799	52.3871	13.1165	
881425	36.8137	10.1779	
881568	52.3871	13.1165	
881789	52.3871	13.1165	
882046	48.5846	2.56998	
882136	52.3871	13.1165	
882412	49.0374	2.04594	
882587	48.8244	2.18846	
882697	3.83706	103.338	
882843	52.3871	13.1165	
882867	48.9512	2.3117	
882990	48.8097	2.39176	
883310	48.9535	2.38986	
883449	44.2008	0.633452	
883474	52.3871	13.1165	
883558	47.5563	0.939471	
883947	52.3871	13.1165	
884018	34.508	-117.404	
884063	47.2349	-1.52588	
884100	52.3871	13.1165	
884103	40.2852	-3.78597	
884349	37.6917	-76.3701	
884493	52.2844	6.44019	
884541	31.8192	34.7282	
884713	48.7995	2.44903	
885468	48.8173	2.52057	
886385	50.716	-3.48518	
886572	48.9858	2.46036	
886575	52.3871	13.1165	
886579	52.3871	13.1165	
886631	55.0015	82.9557	
886722	52.3871	13.1165	
886957	43.2685	-2.93067	
887157	50.6162	3.06483	
887465	52.3871	13.1165	
887947	-14.2393	-53.1848	
888055	48.8048	2.34935	
888304	-6.25267	106.736	
888335	19.4059	-99.0191	
888389	52.3871	13.1165	
888598	48.8848	2.37552	
889065	52.3871	13.1165	
889194	50.716	-3.48507	
889264	48.8047	2.3494	
889335	49.2136	-0.342455	
889343	52.495	-1.88127	
889587	53.8437	-1.85083	
890285	52.3871	13.1165	
890378	48.976	2.37174	
890521	34.0539	-118.274	
890556	6.68574	-1.58104	
890637	49.2301	2.12824	
890828	48.7891	2.39509	
890832	48.8257	2.33747	
891030	13.6097	100.662	
891181	52.3871	13.1165	
891247	48.6637	2.55814	
891789	49.0374	2.04594	
892131	52.3871	13.1165	
892982	48.6772	2.50266	
893000	52.291	5.61654	
893090	48.9419	2.0952	
894552	46.4885	0.195246	
894663	48.7254	1.32489	
894754	14.4318	120.988	
895036	49.4962	0.131479	
895083	52.3871	13.1165	
895087	52.3871	13.1165	
895128	-6.90558	107.626	
895723	16.2586	-92.301	
895814	52.3871	13.1165	
896227	48.6407	2.42559	
896596	43.2943	5.40527	
896602	56.0897	12.7645	
896652	52.3871	13.1165	
896681	32.8644	-85.2042	
896734	50.8227	4.34345	
896910	49.0358	2.33786	
897459	3.37325	101.416	
897679	48.6297	2.44188	
898448	52.3871	13.1165	
898506	48.5922	7.70909	
898565	48.9212	2.36406	
899214	52.3871	13.1165	
899893	-0.362939	35.9293	
899925	2.93427	101.68	
899937	-6.76338	111.135	
900343	52.3871	13.1165	
900623	52.3834	13.1196	
900789	48.9774	2.38552	
900861	3.24226	101.674	
901075	34.9671	135.773	
901264	52.3871	13.1165	
901319	52.3871	13.1165	
901903	36.9646	-86.3905	
901934	43.7335	7.28793	
901973	40.4778	-3.70352	
902025	48.9437	2.5736	
902333	1.5254	103.838	
902489	52.3834	13.1196	
902713	51.7098	4.08728	
902776	52.3871	13.1165	
903799	48.8588	2.34693	
904541	52.3871	13.1165	
904545	52.3871	13.1165	
905268	40.427	-3.63462	
905532	52.3871	13.1165	
905634	37.5079	-122.263	
906673	58.5905	49.6388	
906980	48.9419	2.23501	
907210	48.7407	2.22725	
907565	47.7886	7.31156	
907788	52.3871	13.1165	
907896	-39.2955	-72.0154	
908331	52.3871	13.1165	
909207	40.1754	-79.862	
910581	52.3871	13.1165	
910830	52.3834	13.1196	
911129	52.3871	13.1165	
911376	29.3329	-98.4391	
911892	28.4811	-81.3687	
911976	52.3871	13.1165	
911980	52.3871	13.1165	
912620	46.8515	-96.8506	
912856	52.3871	13.1165	
913171	33.5703	-112.1	
913330	52.3871	13.1165	
913471	39.9483	-75.2196	
913581	39.9483	-75.2196	
913588	49.3349	2.46044	
913814	3.69885	98.6847	
913919	48.9006	2.40873	
914003	52.3871	13.1165	
914721	48.9695	2.40341	
914906	49.0451	2.34194	
914964	48.9453	2.48138	
915066	48.8946	2.28745	
915195	48.8487	2.6312	
915451	48.7453	2.52516	
915487	-7.2771	112.717	
915784	54.3197	9.96988	
916042	48.9541	2.39053	
916046	48.8325	2.63671	
916375	52.3871	13.1165	
916654	52.3871	13.1165	
916818	35.134	136.934	
917195	48.7095	2.48092	
917477	1.43374	103.837	
917829	52.3871	13.1165	
918830	48.5385	2.62673	
918856	48.8023	2.06504	
918994	49.0429	2.07856	
919008	49.4015	2.85486	
919092	52.3871	13.1165	
919251	48.859	2.41612	
919295	41.7623	-72.6904	
919890	52.3871	13.1165	
920224	48.8588	2.34693	
920453	3.60032	98.6452	
920523	52.3871	13.1165	
920677	52.3834	13.1196	
920785	43.8332	4.34264	
920871	48.8848	2.36979	
921196	48.9652	2.3432	
921364	-7.82596	112.529	
921519	-7.97656	112.628	
922481	52.3871	13.1165	
922565	48.9006	2.40873	
922689	43.8721	-79.2913	
922813	52.3871	13.1165	
923199	28.4012	-81.5341	
923518	-5.14383	119.426	
923559	52.3871	13.1165	
923794	58.5534	31.2773	
924462	52.3871	13.1165	
924512	49.008	2.40358	
924526	52.3871	13.1165	
924755	38.9637	35.2433	
925121	40.8173	-96.6989	
925531	48.8534	2.64746	
926018	52.3871	13.1165	
926081	51.4949	-0.178967	
927003	48.7754	2.34841	
927387	52.4992	13.6195	
927496	46.8654	-0.47337	
927541	40.5247	-3.81615	
927814	52.3871	13.1165	
928014	48.9517	2.33267	
928362	48.9065	2.46229	
928368	47.6219	13.1416	
928571	52.3871	13.1165	
928573	52.3871	13.1165	
929002	52.3871	13.1165	
929004	52.3871	13.1165	
929252	-7.2771	112.717	
929269	52.3871	13.1165	
929864	48.931	2.49566	
930125	40.073	-74.7243	
930221	36.5841	-86.528	
930474	38.5305	-8.86894	
930597	52.3871	13.1165	
930926	-7.97656	112.628	
931083	51.6878	-1.26302	
931087	-2.57242	-59.9803	
931586	48.7739	1.98736	
931672	48.7076	2.4391	
931716	51.5118	-0.162971	
932105	49.0374	2.04592	
932284	16.2342	-61.4806	
932362	48.8333	2.55566	
932578	40.131	-75.5197	
933569	26.363	127.814	
934749	52.3834	13.1196	
934975	1.27629	103.825	
935291	41.8006	-88.1674	
935375	41.8006	-88.1674	
936244	35.7054	139.666	
936742	48.6772	2.50266	
937147	48.9142	2.33435	
937441	52.3834	13.1196	
937608	48.7892	2.60007	
937710	48.6105	2.41249	
937782	56.0589	54.2785	
938259	32.6651	-97.3459	
938468	45.0768	-93.3422	
938728	33.9581	-83.9106	
938759	52.3871	13.1165	
940021	-6.25272	106.736	
940034	52.3871	13.1165	
940090	-6.64433	106.781	
940167	48.6189	2.97564	
940347	47.4815	-0.563019	
940614	55.7559	37.5483	
940639	54.1937	37.6289	
940649	48.4227	2.15247	
942238	47.3732	-122.198	
942371	51.5207	-0.142822	
942560	52.3871	13.1165	
943064	42.8962	-78.876	
943187	52.3871	13.1165	
943305	8.30443	-62.7241	
944163	14.5752	121.104	
944310	3.14845	101.705	
944529	52.3871	13.1165	
944930	-25.7531	28.076	
945165	53.3215	50.0679	
945267	48.8019	2.35689	
945733	41.895	-87.7001	
945793	38.9637	35.2433	
945828	48.8588	2.34693	
945986	52.3871	13.1165	
946787	48.8491	2.81693	
946892	52.3871	13.1165	
947279	-26.7192	27.0324	
947679	-26.3749	25.4619	
948112	52.3871	13.1165	
948123	48.9458	2.49126	
948224	0	0	
948327	3.14453	101.356	
948575	14.4803	121.008	
948629	48.8018	2.35687	
949054	48.8588	2.34693	
949157	52.3871	13.1165	
949260	0	0	
949263	7.05074	125.577	
949547	48.8588	2.34701	
949582	3.14853	101.705	
949614	48.8588	2.34701	
949648	-6.16896	106.827	
949706	33.5703	-112.1	
949964	40.2853	-3.78622	
950097	52.3834	13.1196	
950289	2.83755	102.203	
950435	52.3871	13.1165	
950487	48.5846	2.56998	
950729	48.7736	1.99674	
951508	52.3871	13.1165	
951676	52.3871	13.1165	
951831	48.6514	2.37332	
952089	48.9491	2.51982	
953585	43.5767	1.45153	
954020	52.3871	13.1165	
954168	56.2847	43.851	
954428	57.1517	-2.10442	
954463	-23.5404	-46.5972	
954995	52.3871	13.1165	
955144	-37.6676	-72.0187	
955165	52.3871	13.1165	
956016	-7.2771	112.717	
956019	40.7014	-111.865	
956763	-6.16896	106.827	
957165	52.3871	13.1165	
958155	-7.72944	110.298	
958557	16.2501	-61.5291	
959754	48.1886	2.37841	
959809	52.3871	13.1165	
959811	52.3871	13.1165	
959814	48.8932	2.2255	
960271	52.3871	13.1165	
960376	29.7047	-95.1159	
960805	48.6659	2.56767	
960806	47.9268	1.88808	
960865	52.3871	13.1165	
960866	52.3871	13.1165	
961288	-6.91663	107.669	
961422	49.0374	2.04592	
961540	4.04912	9.74991	
962321	52.3871	13.1165	
962458	36.1226	-111.248	
962482	48.5146	2.61998	
962484	42.2574	-71.0668	
962861	-6.23083	107.031	
963132	43.5647	5.42148	
963369	40.4778	-3.70351	
963454	49.0017	2.41014	
963759	48.6329	2.43053	
964056	31.5729	-84.1659	
964118	40.279	-76.8492	
964151	48.874	2.5296	
964155	1.5254	103.838	
964575	48.9925	2.38562	
964897	48.5606	2.4929	
964927	48.9938	2.41284	
964987	48.8588	2.34701	
965553	48.6253	2.57947	
965726	6.44615	100.341	
965840	49.0479	2.01306	
966333	48.8679	2.55812	
966341	-6.24798	106.843	
966353	-7.91279	112.608	
966647	-6.8563	107.543	
967648	52.3834	13.1196	
968234	6.02229	116.121	
968396	52.3871	13.1165	
968991	31.2005	30.0502	
969124	35.5175	139.593	
969174	56.3084	38.1219	
969189	4.72755	-74.1187	
969784	48.7739	1.98735	
969945	52.3871	13.1165	
970098	48.8459	2.62582	
970353	-6.1817	106.635	
970408	34.2952	-83.8595	
970821	48.7885	2.61732	
971304	51.56	0.236186	
971487	52.3871	13.1165	
971574	52.3834	13.1196	
973077	-6.16896	106.827	
973774	52.3871	13.1165	
973826	36.4888	-79.7831	
974205	52.3834	13.1196	
974370	42.2705	-84.9893	
974374	55.7559	37.5483	
974506	48.8588	2.34693	
974774	48.8588	2.34693	
974977	-23.1635	-49.9689	
975235	51.6873	5.01468	
975811	45.1448	-89.1492	
976352	48.773	2.37867	
976537	48.6297	2.44188	
976576	48.7391	2.44936	
977206	36.6835	27.9778	
977383	48.6772	2.50266	
977933	16.2478	-61.4929	
978752	52.3871	13.1165	
978816	5.55054	95.3509	
979183	40.4778	-3.70352	
980136	19.4325	-99.1534	
982770	52.3834	13.1196	
983218	3.60033	98.645	
983503	-7.97656	112.628	
984100	48.9006	2.40873	
985008	41.2919	-96.0407	
985041	33.952	-83.9983	
985578	48.9097	2.28763	
985690	52.2128	5.30236	
985841	48.5778	2.58996	
986260	48.9123	2.33399	
986737	52.3871	13.1165	
986847	52.3871	13.1165	
987064	-6.24616	106.827	
987197	51.5207	-0.142822	
987271	48.8588	2.34693	
987413	43.6008	1.4329	
987451	52.3871	13.1165	
987701	42.3142	-71.0751	
987804	48.8827	2.54503	
988694	43.5553	7.01896	
988727	34.55	-117.172	
989131	52.3834	13.1196	
989590	3.60033	98.645	
989875	-7.97656	112.628	
990475	48.9006	2.40873	
991401	41.2919	-96.0407	
991435	33.952	-83.9983	
992014	48.9406	2.85165	
992033	48.9097	2.28763	
992082	52.3871	13.1165	
992252	52.2128	5.30236	
992529	48.5778	2.58996	
992918	-6.28588	107.363	
993140	-26.1045	28.0728	
993214	48.9123	2.33399	
993724	49.0042	2.10274	
994039	52.3871	13.1165	
994256	52.3871	13.1165	
994673	-6.24616	106.827	
995071	48.8588	2.34693	
995080	-7.24246	112.613	
995344	43.6008	1.4329	
995376	49.0026	2.39721	
995412	52.3871	13.1165	
995889	42.3142	-71.0751	
996061	48.8827	2.54503	
996743	48.9544	2.31717	
996819	49.4453	1.10236	
997061	54.5363	36.2486	
997319	48.6722	2.52583	
997671	43.5553	7.01896	
997686	45.0418	41.98	
997736	34.55	-117.172	
998434	52.3871	13.1165	
998439	-27.5988	153.071	
998529	-6.16896	106.827	
998649	52.3834	13.1196	
1000434	47.3874	0.733328	
1001172	33.7054	-78.8641	
1001290	-4.25256	-38.2999	
1001712	51.5434	-0.11324	
1002345	48.6706	2.33812	
1002752	51.9459	5.8616	
1002764	51.9463	5.8635	
1003245	48.6286	2.59033	
1003274	48.9425	3.33123	
1003357	48.8588	2.34693	
1003486	3.11626	101.725	
1003942	47.9226	-97.0345	
1004227	-8.66924	115.224	
1005106	48.8845	2.36784	
1005343	41.9073	12.5371	
1005477	52.3871	13.1165	
1005526	48.7905	2.22823	
1005540	48.9648	2.32304	
1005612	48.7757	2.34921	
1005732	45.7578	4.8351	
1006050	48.9239	2.27519	
1006500	33.8963	-83.932	
1006663	48.8668	2.37811	
1006988	49.2268	2.1185	
1007452	48.8588	2.34701	
1007736	52.3871	13.1165	
1007886	52.3871	13.1165	
1008062	43.5945	1.37195	
1008090	48.7262	2.25289	
1008425	14.4712	120.89	
1008526	50.5236	21.4648	
1008675	48.7755	2.34836	
1009078	52.3871	13.1165	
1009417	48.9469	2.37837	
1009572	-8.51443	-39.3016	
1009870	3.81256	103.372	
1009969	53.2075	6.12759	
1010055	38.9637	35.2433	
1010244	48.7736	1.99674	
1010347	48.954	2.39011	
1011249	44.4887	11.3317	
1011294	40.9193	-74.0744	
1011586	48.7509	2.29767	
1011818	52.3871	13.1165	
1011864	46.213	6.12902	
1012246	48.6241	2.40226	
1012442	47.8945	1.91321	
1012674	52.3871	13.1165	
1012882	37.8038	12.4661	
1013615	52.3871	13.1165	
1013781	46.8415	-71.3703	
1014099	48.953	2.44311	
1014513	48.8588	2.34701	
1014670	48.534	2.20637	
1014821	40.5578	34.966	
1014970	5.30309	-3.98916	
1015062	55.7788	37.4763	
1015087	3.05122	101.559	
1015122	41.6951	12.6558	
1015161	48.9061	2.45671	
1015741	6.44217	100.274	
1015861	47.7334	6.96957	
1016106	52.3871	13.1165	
1016405	48.7661	2.48653	
1016410	48.7692	1.97787	
1016437	49.424	1.0969	
1016621	5.0183	100.427	
1016629	3.1322	101.743	
1016816	52.3871	13.1165	
1017139	48.7934	2.36027	
1017175	45.759	4.93441	
1017190	29.481	-98.4934	
1017373	45.1769	5.54463	
1017526	48.8466	2.64366	
1017538	48.8225	2.53492	
1017978	48.9085	2.44404	
1018016	52.3871	13.1165	
1018898	49.9001	2.29193	
1019394	5.36184	100.462	
1019403	48.5895	2.24626	
1019443	52.3871	13.1165	
1019511	35.0826	-106.678	
1019536	35.0826	-106.678	
1019855	48.8812	2.77663	
1020155	39.9483	-75.2196	
1020848	-19.9129	-43.9908	
1021474	52.3871	13.1165	
1021543	52.3871	13.1165	
1022602	41.9047	-8.85866	
1022976	19.0322	-98.1543	
1023204	48.9532	2.37513	
1023286	48.8743	2.48718	
1023421	49.5817	3.81818	
1023457	48.8588	2.34701	
1023616	52.0758	4.74624	
1023872	48.7788	1.98307	
1024036	3.14853	101.705	
1024304	48.8637	2.44899	
1024946	49.0427	2.02527	
1025103	48.5846	2.56998	
1025320	48.9319	2.25878	
1025789	48.8838	2.27057	
1026018	5.70967	100.45	
1026789	52.3871	13.1165	
1026984	-34.015	23.4032	
1028135	48.8588	2.34701	
1028522	48.954	2.39054	
1029054	2.16421	102.429	
1029606	48.991	2.19964	
1029710	48.8821	2.36056	
1029803	-6.26702	106.859	
1029851	52.7277	6.51833	
1030200	48.007	0.307424	
1030312	48.7476	1.3576	
1030404	52.3871	13.1165	
1030593	38.0373	-121.328	
1030851	48.8954	2.36293	
1030975	51.502	-0.267161	
1032142	48.8781	2.23554	
1032978	52.3871	13.1165	
1033337	52.3871	13.1165	
1033516	50.6812	3.23267	
1033963	48.8991	2.59995	
1034012	48.8407	2.6489	
1034173	-22.9199	-43.2334	
1034270	48.9424	2.18476	
1034278	-1.27781	36.7958	
1034366	48.8501	2.77503	
1034552	49.0456	2.02642	
1034570	3.03296	101.654	
1034689	48.7897	2.61545	
1035241	4.58652	-74.0982	
1035706	48.6187	2.43847	
1035833	48.9274	2.27765	
1035963	48.954	2.39028	
1035967	48.954	2.39021	
1036062	6.55271	3.34053	
1036331	52.3871	13.1165	
1036835	33.5977	-7.63807	
1036939	52.3871	13.1165	
1037158	45.7299	4.8284	
1037176	48.8644	2.54208	
1037540	48.9151	2.26883	
1037653	48.6297	2.44188	
1037919	43.8332	4.34264	
1038038	3.05122	101.559	
1038274	48.8976	2.20934	
1038387	52.3871	13.1165	
1038570	38.0374	-121.328	
1038923	35.6573	139.719	
1039295	48.9661	1.86091	
1039318	52.3871	13.1165	
1039589	48.6188	2.43846	
1039785	49.2186	2.13883	
1039887	52.3871	13.1165	
1039948	52.3871	13.1165	
1039958	48.7754	2.34816	
1040283	51.748	5.90181	
1040305	51.8925	-8.50368	
1040448	48.9539	2.39029	
1040505	40.9773	29.0634	
1040835	48.8588	2.34701	
1041060	48.8083	2.45796	
1041069	52.3871	13.1165	
1041232	33.8566	-84.2031	
1041283	52.3871	13.1165	
1041301	48.7755	2.34824	
1041572	48.9875	1.96164	
1042003	48.8588	2.34701	
1042385	6.28761	0.0496319	
1042582	48.8743	2.48718	
1042588	48.4479	1.50475	
1043322	48.6275	2.45077	
1043784	52.3871	13.1165	
1044188	34.856	136.53	
1044335	48.8536	2.64079	
1044998	35.0826	-106.678	
1045129	53.2095	5.84104	
1045148	35.0826	-106.678	
1045264	51.8823	6.22728	
1045327	35.5882	139.728	
1045406	4.02754	9.70198	
1045568	48.9761	2.41271	
1045663	48.982	1.91509	
1045984	48.8026	2.30706	
1046190	44.3711	-83.8055	
1046517	45.5127	11.4849	
1046964	-33.4607	-70.6451	
1047426	51.8823	6.22728	
1047484	48.8625	2.44004	
1047695	43.0014	-7.54539	
1048239	48.8827	2.54503	
1048623	51.4812	3.95913	
1048786	35.0826	-106.678	
1049129	5.4941	-54.0272	
1049599	48.7658	2.48629	
1049634	48.7391	2.44936	
1049783	52.3984	6.29819	
1049902	51.4865	-0.121728	
1050069	48.9925	2.38562	
1051155	5.76911	0.0498979	
1051166	48.5922	7.70885	
1051173	48.7625	2.31328	
1051416	34.9671	135.773	
1051460	48.766	2.48622	
1051527	40.3654	-8.66365	
1051612	49.4328	2.07672	
1051648	43.9353	4.82439	
1052177	36.7967	-4.68937	
1052201	41.9037	12.5012	
1052306	52.3871	13.1165	
1052361	48.6297	2.44188	
1053157	48.7659	2.48635	
1053436	48.7658	2.48632	
1053705	52.2534	6.16609	
1053737	48.9052	2.25614	
1053992	14.616	121.067	
1054028	52.138	5.60219	
1054040	52.3871	13.1165	
1054412	40.7538	-73.8858	
1054469	41.0681	29.0064	
1054538	4.58841	-74.0987	
1054598	48.9458	2.49126	
1054902	48.7659	2.48638	
1055083	9.05051	-79.4202	
1055398	0	0	
1055590	48.8857	2.52472	
1055709	48.7998	2.4919	
1055858	35.0826	-106.678	
1056041	44.143	8.27331	
1056219	49.256	2.48404	
1056530	48.8883	2.36536	
1056573	15.0547	120.685	
1056751	48.943	2.57752	
1057159	48.7093	2.38444	
1057260	51.6213	5.4366	
1057516	-6.27477	107.044	
1057917	-8.12514	-34.9021	
1057974	49.256	2.48404	
1058081	48.8549	2.76785	
1058086	52.3871	13.1165	
1058239	52.3871	13.1165	
1058454	48.5846	2.56998	
1058472	48.8588	2.34701	
1058473	48.9925	2.38562	
1058526	48.7659	2.48618	
1058556	48.9355	2.10657	
1058670	48.7755	2.34834	
1058802	48.9196	2.32589	
1058835	49.053	-0.704878	
1058871	26.2888	-98.1775	
1058883	14.6306	-61.0617	
1059107	48.9458	2.50897	
1059164	45.4273	4.38605	
1059920	51.9879	5.88367	
1059922	48.8852	2.36797	
1060426	48.6297	2.44188	
1060438	48.766	2.48652	
1060848	50.8771	5.92192	
1060868	39.3007	16.2516	
1061672	48.8588	2.34693	
1061867	52.0918	6.44468	
1062940	52.2301	6.95284	
1063162	51.7215	5.86894	
1063245	48.8433	2.50449	
1063247	2.83755	102.203	
1063490	50.6246	5.59934	
1063839	48.8062	2.37167	
1063889	49.2618	2.42956	
1064300	52.3871	13.1165	
1064852	-6.26026	107.068	
1065141	47.2778	1.56273	
1065644	48.7495	2.29724	
1065697	48.9003	2.29896	
1065830	14.6167	-61.0532	
1065843	14.6726	-61.0379	
1065850	14.6706	-61.0106	
1066293	49.7781	4.73029	
1066297	48.872	2.38196	
1066330	48.8318	2.53829	
1066332	48.8318	2.53827	
1066454	52.3871	13.1165	
1066626	52.3871	13.1165	
1066916	48.8464	2.6154	
1067182	-36.7374	-71.0353	
1067278	48.98	2.38573	
1067361	31.6947	-106.142	
1067911	52.3871	13.1165	
1067937	-3.43718	114.85	
1067942	-3.43716	114.85	
1068015	40.8751	-74.0303	
1068125	49.256	2.48404	
1068169	51.6413	5.61831	
1068583	52.3871	13.1165	
1068811	51.3849	-0.113783	
1068826	2.79459	101.513	
1070365	-6.90558	107.626	
1070773	52.3871	13.1165	
1071195	50.5278	4.93058	
1071607	48.8122	2.45547	
1071871	51.7853	5.93563	
1072208	48.9082	2.38806	
1072625	52.2478	5.58025	
1072818	51.4978	-0.209834	
1073087	36.6834	27.9779	
1073200	-7.2771	112.717	
1073434	-26.1011	27.9918	
1073532	-26.1011	27.9918	
1075056	37.845	-0.785261	
1075285	48.6297	2.44188	
1075458	35.0824	-106.678	
1075530	48.9695	2.40341	
1075551	34.7513	135.377	
1076423	3.14853	101.705	
1076452	52.3871	13.1165	
1076679	38.9013	-77.0413	
1076950	48.7407	2.22727	
1076954	48.9423	2.18475	
1077575	48.9171	2.32044	
1077607	53.9011	-2.95432	
1077654	48.8644	2.54208	
1077917	53.6483	55.736	
1078002	52.3871	13.1165	
1078068	50.8387	4.36307	
1078080	50.8396	-0.815542	
1078166	48.8888	2.40205	
1078330	48.9081	2.44613	
1078337	48.9247	2.43987	
1078342	-6.26336	106.783	
1078584	52.3871	13.1165	
1078784	48.737	3.20063	
1079188	-19.9129	-43.9678	
1079889	48.8588	2.34701	
1079893	48.7978	2.33679	
1080045	50.4725	4.85627	
1080176	51.9742	5.67506	
1080340	48.8508	2.64584	
1080371	48.7407	2.2273	
1080541	48.8294	2.56051	
1080755	52.3871	13.1165	
1081139	48.6541	2.37789	
1081387	48.5635	2.61167	
1081398	52.5145	13.4221	
1081491	48.9858	2.46036	
1081637	52.3871	13.1165	
1081824	48.8495	2.56784	
1081886	48.8448	2.50381	
1082193	48.8895	2.36874	
1082544	49.0048	1.68603	
1082799	52.3871	13.1165	
1082998	5.32964	103.141	
1083487	48.7751	2.34964	
1083747	48.8288	2.27264	
1084064	20.0301	-102.265	
1084112	52.3871	13.1165	
1084579	43.2519	5.62997	
1084642	52.2328	21.0607	
1084715	48.6986	2.16859	
1084788	48.8164	2.51161	
1085099	36.2329	-115.238	
1085351	35.3328	33.2769	
1085359	52.3871	13.1165	
1085552	2.79449	101.512	
1085938	52.3871	13.1165	
1085952	48.9674	2.36548	
1086736	52.3871	13.1165	
1087186	33.9055	-118.033	
1087194	42.6988	2.9047	
1087246	51.5294	0.03185	
1087697	37.4786	-82.5217	
1088013	52.3871	13.1165	
1088039	3.14614	101.734	
1088132	14.7314	-60.9629	
1088207	46.6809	-1.43947	
1088367	16.2649	-61.5843	
1088746	41.0254	-85.1163	
1088825	52.3871	13.1165	
1088914	48.8748	2.63986	
1089109	3.05122	101.559	
1089264	48.8477	2.29792	
1089475	48.7885	2.6173	
1089515	48.7885	2.6173	
1089693	37.3789	-121.821	
1089769	52.3871	13.1165	
1089990	49.1586	2.27212	
1090493	47.9049	1.88918	
